12064
11670
11665
11635
11632
11161
10959
10394
10072
9987
9738
9708
9698
9696
9685
9662
9633
9596
9577
9463
9452
9443
9406
9375
9366
9320
9308
9280
9266
9246
9229
9225
9174
9135
9077
9058
9050
8995
8985
8966
8958
8957
8914
8895
8846
8826
8780
8768
8748
8732
8719
8712
8694
8689
8684
8672
8630
8624
8590
8570
8555
8540
8538
8522
8518
8504
8501
8494
8492
8489
8487
8478
8474
8473
8473
8466
8466
8465
8463
8456
8446
8437
8426
8424
8423
8421
8419
8409
8398
8396
8391
8384
8380
8375
8367
8364
8356
8355
8349
8341
8339
8339
8336
8335
8318
8311
8310
8303
8297
8293
8283
8280
8279
8279
8260
8252
8247
8241
8239
8238
8237
8236
8232
8231
8230
8221
8221
8219
8219
8212
8208
8204
8200
8198
8197
8181
8180
8180
8171
8162
8160
8152
8149
8147
8125
8123
8109
8106
8104
8099
8092
8091
8086
8074
8070
8069
8064
8061
8059
8055
8038
8026
8026
8023
8022
8020
8010
8008
8006
8003
7996
7995
7995
7990
7986
7982
7979
7967
7960
7957
7957
7956
7951
7946
7943
7943
7942
7941
7928
7926
7924
7921
7901
7898
7898
7886
7882
7881
7880
7878
7874
7874
7869
7865
7861
7857
7854
7853
7850
7849
7849
7843
7843
7843
7833
7831
7828
7827
7825
7825
7823
7823
7822
7821
7819
7816
7815
7814
7810
7809
7808
7804
7801
7800
7800
7789
7784
7783
7778
7776
7771
7765
7763
7755
7749
7749
7748
7747
7744
7744
7744
7737
7735
7734
7731
7730
7730
7722
7713
7709
7707
7705
7704
7703
7699
7698
7697
7693
7688
7681
7679
7678
7675
7673
7671
7670
7669
7667
7655
7654
7653
7644
7643
7643
7632
7627
7625
7621
7618
7617
7615
7615
7606
7600
7593
7591
7589
7582
7579
7579
7573
7571
7571
7570
7569
7569
7566
7561
7558
7558
7555
7549
7546
7543
7539
7537
7537
7531
7531
7525
7525
7524
7523
7522
7520
7517
7511
7508
7506
7500
7496
7494
7487
7476
7470
7470
7468
7466
7465
7465
7464
7464
7459
7459
7459
7455
7450
7450
7445
7434
7432
7431
7426
7424
7422
7421
7419
7416
7410
7407
7404
7402
7400
7399
7398
7396
7396
7391
7383
7382
7381
7380
7379
7377
7376
7375
7374
7373
7373
7372
7370
7363
7362
7360
7360
7352
7351
7339
7337
7333
7332
7328
7328
7328
7327
7326
7314
7308
7292
7289
7289
7284
7284
7283
7282
7279
7278
7271
7267
7267
7266
7259
7259
7254
7254
7254
7251
7249
7243
7237
7235
7233
7232
7231
7231
7228
7226
7225
7224
7223
7221
7218
7214
7214
7213
7211
7204
7192
7187
7181
7180
7179
7179
7178
7175
7169
7168
7167
7166
7164
7160
7158
7157
7154
7153
7152
7151
7150
7149
7147
7146
7145
7145
7141
7137
7136
7136
7135
7130
7129
7127
7125
7108
7105
7104
7102
7102
7101
7097
7096
7091
7090
7089
7086
7082
7080
7076
7075
7068
7068
7065
7058
7058
7056
7054
7052
7047
7040
7039
7038
7037
7026
7023
7022
7018
7018
7016
7015
7010
7006
7005
6998
6993
6992
6991
6991
6989
6981
6980
6980
6977
6971
6971
6968
6964
6963
6962
6962
6961
6954
6954
6954
6951
6947
6947
6946
6944
6941
6940
6931
6927
6921
6916
6913
6906
6905
6897
6894
6892
6891
6886
6883
6881
6881
6875
6875
6873
6869
6867
6864
6862
6862
6861
6845
6838
6835
6832
6831
6829
6827
6817
6811
6809
6802
6800
6796
6792
6790
6790
6789
6787
6784
6776
6776
6773
6773
6769
6763
6761
6760
6746
6745
6743
6741
6740
6739
6738
6736
6736
6731
6720
6707
6706
6703
6702
6699
6695
6689
6682
6679
6676
6670
6663
6658
6658
6653
6652
6651
6650
6650
6650
6648
6648
6646
6638
6636
6636
6635
6635
6631
6631
6630
6627
6619
6615
6610
6610
6599
6589
6584
6578
6577
6574
6567
6564
6564
6560
6559
6557
6546
6538
6524
6521
6512
6511
6505
6504
6501
6501
6494
6476
6471
6469
6468
6459
6459
6450
6433
6433
6431
6430
6427
6418
6383
6376
6371
6361
6361
6360
6339
6336
6333
6319
6317
6313
6309
6298
6287
6286
6275
6263
6262
6262
6245
6245
6243
6243
6243
6238
6229
6224
6218
6217
6215
6215
6214
6194
6180
6176
6172
6170
6166
6156
6156
6149
6142
6116
6101
6079
6073
6067
6056
6051
6045
6041
6033
6031
6021
6020
6016
6001
5996
5996
5990
5986
5980
5970
5969
5969
5966
5960
5960
5944
5938
5930
5916
5915
5913
5912
5904
5903
5891
5879
5873
5869
5866
5860
5851
5849
5848
5844
5837
5834
5831
5830
5826
5813
5806
5804
5800
5799
5798
5783
5773
5767
5764
5763
5757
5756
5750
5749
5745
5743
5739
5734
5720
5717
5700
5697
5634
5626
5624
5608
5603
5602
5602
5597
5596
5581
5568
5567
5566
5561
5557
5542
5533
5531
5530
5526
5525
5523
5521
5520
5518
5518
5510
5510
5508
5507
5501
5479
5464
5454
5453
5449
5448
5445
5421
5415
5403
5403
5400
5399
5399
5397
5388
5376
5375
5375
5371
5365
5357
5353
5333
5329
5317
5317
5295
5292
5292
5291
5285
5282
5266
5264
5256
5255
5251
5243
5243
5229
5218
5217
5210
5204
5202
5197
5193
5185
5180
5178
5173
5154
5146
5130
5125
5111
5111
5102
5101
5101
5098
5098
5088
5086
5085
5059
5055
5051
5035
5032
5028
5024
5022
5021
5016
5015
5007
5007
5000
4998
4996
4992
4986
4971
4969
4968
4967
4965
4962
4952
4949
4948
4946
4944
4943
4931
4930
4924
4922
4915
4907
4891
4886
4882
4874
4874
4855
4848
4839
4832
4829
4824
4822
4821
4819
4817
4805
4804
4801
4781
4777
4763
4738
4737
4728
4717
4706
4703
4696
4687
4673
4668
4667
4667
4664
4660
4659
4656
4656
4649
4634
4620
4611
4608
4602
4599
4596
4595
4591
4591
4589
4588
4586
4581
4578
4577
4560
4549
4549
4544
4541
4536
4531
4531
4528
4511
4508
4504
4496
4489
4488
4487
4487
4478
4469
4467
4466
4462
4453
4448
4446
4429
4422
4400
4398
4396
4388
4386
4384
4379
4377
4375
4371
4367
4357
4356
4354
4339
4332
4325
4321
4320
4320
4313
4309
4303
4293
4291
4290
4288
4283
4280
4279
4270
4261
4256
4247
4246
4246
4243
4242
4241
4239
4236
4233
4228
4223
4221
4214
4212
4207
4203
4200
4200
4197
4187
4182
4179
4168
4163
4163
4160
4159
4149
4138
4136
4130
4126
4123
4113
4111
4111
4105
4103
4101
4101
4094
4093
4090
4090
4090
4084
4083
4082
4080
4074
4072
4064
4061
4059
4053
4049
4045
4041
4038
4037
4033
4031
4030
4029
4021
4018
4018
4018
4005
3998
3998
3996
3996
3994
3993
3983
3978
3976
3974
3969
3969
3968
3965
3958
3956
3954
3950
3945
3932
3932
3928
3927
3926
3924
3922
3919
3916
3907
3905
3904
3904
3903
3901
3889
3885
3884
3883
3881
3878
3872
3869
3868
3864
3863
3861
3859
3859
3841
3839
3831
3829
3828
3827
3825
3824
3814
3814
3812
3804
3803
3802
3797
3796
3795
3791
3787
3781
3780
3774
3772
3771
3768
3766
3765
3763
3757
3750
3749
3747
3742
3734
3734
3733
3727
3727
3726
3724
3724
3720
3715
3708
3705
3704
3702
3701
3700
3684
3680
3679
3677
3676
3672
3670
3669
3664
3644
3642
3639
3637
3637
3633
3632
3627
3625
3624
3618
3614
3609
3608
3604
3601
3598
3597
3596
3591
3571
3560
3559
3552
3550
3542
3539
3537
3536
3533
3533
3532
3528
3525
3516
3507
3507
3505
3503
3503
3502
3495
3492
3487
3481
3480
3477
3477
3476
3475
3472
3469
3469
3461
3458
3457
3456
3452
3447
3442
3442
3442
3439
3437
3437
3435
3427
3424
3423
3415
3409
3408
3403
3398
3398
3396
3389
3384
3381
3377
3377
3376
3375
3374
3373
3373
3371
3369
3368
3368
3368
3361
3357
3356
3347
3345
3344
3343
3340
3340
3337
3336
3336
3333
3331
3327
3326
3315
3313
3309
3308
3308
3306
3302
3297
3295
3293
3289
3288
3283
3282
3282
3280
3279
3277
3275
3275
3272
3269
3260
3258
3253
3250
3245
3245
3244
3233
3232
3231
3229
3228
3227
3225
3224
3223
3222
3220
3218
3215
3212
3212
3210
3208
3208
3206
3203
3200
3199
3197
3194
3189
3181
3176
3175
3166
3164
3157
3154
3150
3149
3145
3142
3139
3131
3131
3130
3125
3124
3119
3119
3119
3118
3111
3109
3109
3109
3108
3092
3090
3087
3086
3085
3085
3084
3069
3068
3065
3059
3059
3054
3050
3048
3047
3042
3042
3039
3037
3034
3033
3031
3026
3023
3018
3014
3012
3011
3008
3007
3005
3003
3001
2993
2992
2987
2981
2977
2976
2974
2974
2970
2961
2959
2955
2954
2951
2941
2940
2933
2929
2927
2927
2927
2925
2916
2912
2912
2909
2907
2902
2902
2899
2896
2895
2893
2887
2887
2885
2883
2883
2881
2880
2876
2861
2861
2860
2845
2843
2838
2831
2829
2827
2825
2824
2822
2821
2819
2818
2818
2817
2809
2809
2808
2807
2804
2803
2802
2802
2800
2800
2798
2795
2795
2795
2794
2790
2789
2789
2788
2788
2787
2781
2780
2780
2779
2773
2768
2762
2762
2759
2758
2749
2747
2744
2743
2743
2742
2736
2734
2733
2732
2729
2720
2720
2718
2714
2709
2707
2701
2701
2696
2696
2695
2695
2693
2693
2692
2685
2682
2679
2676
2675
2673
2673
2671
2669
2668
2666
2665
2665
2661
2660
2656
2652
2651
2650
2646
2645
2645
2641
2634
2630
2629
2627
2627
2624
2623
2623
2621
2619
2618
2615
2612
2607
2607
2605
2598
2597
2596
2592
2589
2589
2589
2585
2583
2581
2579
2577
2577
2576
2573
2566
2562
2561
2558
2557
2556
2556
2554
2552
2548
2545
2541
2540
2540
2537
2534
2533
2525
2522
2521
2520
2517
2516
2507
2506
2506
2504
2504
2499
2499
2497
2496
2495
2495
2494
2492
2492
2484
2482
2471
2471
2470
2469
2468
2466
2465
2456
2455
2454
2454
2453
2453
2453
2451
2451
2446
2446
2440
2438
2435
2434
2434
2432
2432
2429
2425
2425
2423
2422
2420
2416
2415
2415
2414
2406
2403
2402
2402
2398
2398
2397
2397
2392
2391
2387
2385
2384
2383
2381
2380
2380
2370
2368
2367
2367
2365
2362
2361
2360
2360
2359
2351
2351
2347
2347
2346
2343
2342
2342
2341
2341
2341
2340
2339
2338
2337
2337
2336
2334
2334
2325
2325
2324
2322
2319
2319
2319
2318
2318
2317
2317
2316
2313
2313
2312
2308
2305
2305
2303
2301
2301
2300
2299
2293
2293
2290
2279
2279
2278
2276
2271
2270
2268
2264
2263
2263
2263
2260
2258
2257
2253
2253
2253
2250
2248
2248
2245
2244
2244
2242
2240
2240
2233
2230
2225
2220
2220
2218
2216
2216
2216
2211
2211
2208
2205
2202
2201
2201
2201
2196
2192
2187
2186
2186
2185
2181
2178
2173
2173
2172
2171
2169
2168
2165
2165
2163
2163
2162
2162
2161
2160
2157
2156
2155
2155
2153
2152
2152
2151
2149
2149
2149
2145
2143
2142
2140
2139
2138
2136
2135
2131
2129
2129
2129
2126
2126
2122
2121
2119
2117
2113
2112
2111
2110
2108
2104
2101
2100
2099
2099
2097
2096
2096
2092
2091
2089
2086
2085
2082
2082
2080
2079
2076
2074
2074
2073
2069
2067
2066
2064
2064
2062
2061
2060
2058
2058
2056
2055
2053
2051
2051
2050
2050
2050
2049
2048
2048
2043
2042
2038
2037
2036
2034
2034
2032
2030
2027
2021
2020
2017
2011
2010
2009
2007
2007
2005
2005
2003
2000
1997
1997
1997
1992
1989
1987
1983
1981
1977
1976
1975
1975
1974
1972
1971
1970
1969
1969
1968
1965
1963
1963
1961
1959
1958
1957
1956
1954
1953
1953
1952
1952
1951
1950
1950
1949
1944
1943
1942
1941
1940
1939
1939
1937
1936
1935
1933
1931
1930
1928
1928
1927
1927
1927
1926
1923
1922
1921
1920
1914
1913
1911
1905
1903
1903
1902
1901
1897
1897
1897
1894
1893
1893
1892
1890
1889
1888
1888
1886
1885
1881
1880
1879
1878
1878
1875
1874
1873
1873
1872
1871
1871
1870
1870
1866
1865
1865
1865
1865
1864
1863
1862
1860
1857
1856
1856
1855
1854
1849
1849
1847
1845
1840
1838
1837
1834
1829
1828
1828
1828
1826
1825
1819
1818
1817
1817
1817
1816
1813
1813
1812
1812
1809
1809
1807
1805
1801
1797
1796
1796
1795
1794
1793
1789
1789
1787
1787
1787
1783
1783
1783
1781
1779
1776
1774
1773
1772
1768
1768
1768
1767
1766
1766
1763
1761
1761
1761
1761
1761
1758
1756
1754
1753
1753
1752
1751
1748
1748
1744
1741
1740
1740
1739
1737
1736
1732
1731
1727
1727
1725
1725
1725
1724
1722
1719
1715
1715
1713
1709
1709
1708
1708
1707
1704
1704
1704
1704
1703
1702
1699
1699
1698
1696
1693
1693
1691
1683
1683
1681
1680
1680
1680
1679
1677
1676
1674
1674
1674
1674
1673
1671
1670
1669
1669
1667
1664
1659
1658
1656
1655
1655
1654
1654
1651
1651
1650
1650
1647
1647
1644
1643
1641
1640
1640
1638
1637
1637
1637
1636
1635
1635
1635
1634
1632
1631
1630
1630
1629
1629
1628
1628
1627
1626
1624
1623
1621
1618
1616
1609
1609
1608
1608
1607
1607
1603
1600
1599
1599
1598
1597
1597
1596
1595
1594
1594
1592
1588
1588
1588
1587
1586
1586
1586
1583
1583
1582
1582
1580
1578
1578
1576
1574
1570
1569
1568
1566
1566
1565
1565
1564
1562
1559
1559
1557
1556
1556
1555
1555
1553
1553
1553
1551
1549
1549
1549
1545
1545
1545
1545
1543
1542
1539
1538
1537
1536
1534
1532
1531
1530
1529
1529
1528
1527
1527
1526
1524
1524
1524
1524
1522
1519
1519
1514
1512
1510
1510
1510
1510
1504
1504
1503
1503
1502
1502
1499
1495
1495
1495
1495
1493
1493
1493
1492
1491
1490
1488
1487
1485
1485
1484
1483
1481
1481
1481
1480
1480
1479
1478
1477
1472
1472
1471
1471
1471
1470
1470
1469
1468
1466
1463
1463
1460
1458
1456
1455
1455
1453
1452
1452
1450
1450
1449
1447
1445
1444
1444
1444
1443
1443
1441
1440
1439
1438
1437
1437
1435
1435
1435
1434
1432
1432
1429
1429
1428
1428
1427
1427
1426
1426
1425
1424
1420
1419
1417
1416
1412
1412
1410
1408
1407
1406
1403
1403
1401
1401
1399
1397
1397
1394
1393
1392
1389
1389
1389
1388
1388
1384
1383
1383
1383
1381
1380
1380
1380
1379
1377
1376
1374
1373
1373
1373
1371
1369
1369
1368
1368
1367
1367
1366
1365
1365
1364
1363
1363
1363
1362
1362
1362
1361
1358
1356
1356
1355
1353
1353
1352
1352
1351
1350
1349
1349
1348
1346
1344
1342
1341
1340
1337
1336
1335
1335
1334
1334
1334
1334
1333
1332
1330
1330
1329
1329
1328
1328
1327
1326
1326
1326
1326
1325
1323
1323
1321
1320
1320
1320
1319
1317
1317
1315
1314
1313
1312
1312
1308
1308
1307
1307
1307
1305
1304
1302
1301
1301
1300
1298
1297
1297
1295
1295
1294
1294
1293
1291
1291
1290
1289
1288
1285
1284
1284
1282
1281
1279
1278
1278
1277
1277
1277
1275
1271
1270
1270
1269
1269
1269
1268
1266
1266
1264
1264
1263
1263
1263
1262
1261
1261
1259
1258
1257
1256
1256
1255
1253
1253
1252
1250
1250
1248
1248
1247
1245
1244
1239
1239
1239
1239
1238
1237
1235
1235
1233
1232
1232
1231
1230
1228
1228
1228
1226
1226
1225
1224
1223
1223
1222
1222
1217
1214
1212
1212
1211
1211
1211
1210
1210
1209
1209
1208
1208
1207
1206
1206
1205
1204
1202
1202
1201
1201
1200
1200
1199
1198
1197
1196
1195
1195
1195
1195
1194
1194
1193
1191
1190
1190
1189
1187
1187
1186
1186
1186
1186
1186
1183
1182
1179
1178
1178
1177
1177
1176
1176
1173
1171
1171
1170
1168
1168
1168
1168
1166
1166
1165
1164
1164
1163
1163
1163
1163
1161
1160
1160
1159
1157
1157
1157
1155
1155
1154
1153
1153
1153
1153
1152
1152
1149
1148
1148
1148
1147
1147
1146
1144
1143
1143
1143
1142
1141
1140
1139
1138
1138
1138
1138
1136
1136
1134
1134
1133
1132
1131
1130
1130
1128
1126
1125
1125
1125
1125
1124
1124
1123
1122
1121
1121
1121
1119
1118
1116
1116
1116
1115
1115
1115
1114
1113
1112
1112
1112
1111
1111
1109
1109
1108
1108
1108
1107
1107
1105
1105
1103
1101
1101
1100
1098
1097
1097
1095
1095
1094
1094
1091
1089
1089
1088
1088
1087
1087
1087
1086
1086
1085
1085
1085
1084
1084
1082
1081
1080
1080
1080
1080
1078
1078
1077
1076
1074
1074
1072
1072
1071
1071
1070
1069
1069
1069
1068
1068
1067
1067
1066
1066
1066
1065
1065
1065
1065
1064
1061
1060
1060
1056
1056
1056
1056
1055
1054
1054
1054
1054
1053
1053
1053
1053
1052
1052
1051
1051
1050
1049
1048
1048
1048
1045
1045
1044
1044
1043
1043
1043
1042
1042
1041
1041
1040
1039
1039
1039
1039
1039
1038
1038
1037
1036
1035
1035
1035
1034
1032
1032
1031
1031
1030
1030
1030
1029
1029
1028
1027
1026
1026
1026
1024
1024
1022
1022
1021
1020
1019
1019
1019
1018
1018
1017
1016
1016
1015
1015
1014
1014
1014
1013
1012
1010
1009
1007
1007
1007
1007
1006
1005
1004
1004
1004
1003
1003
1002
1002
1000
1000
1000
999
999
999
999
999
998
998
998
998
996
996
995
995
994
993
992
992
992
992
991
991
990
990
990
990
986
986
985
984
983
983
983
982
982
982
981
981
981
980
980
979
979
979
979
978
978
978
978
978
978
977
977
976
976
975
974
974
974
974
973
972
972
972
972
972
972
971
970
970
970
968
967
967
966
966
965
963
962
962
961
960
960
959
959
958
958
958
957
957
956
956
955
954
951
950
950
950
950
949
949
949
948
948
947
947
947
946
946
946
946
944
944
944
943
943
943
942
941
941
941
941
940
940
940
938
937
936
936
935
935
935
934
933
932
932
931
931
931
931
930
930
930
930
930
930
929
929
929
928
928
928
928
927
927
926
925
925
924
924
924
923
923
923
923
922
922
922
921
920
919
918
916
916
915
915
915
915
914
914
913
912
912
912
911
911
911
911
911
910
909
908
908
907
907
906
906
906
906
905
904
904
904
903
903
903
902
902
902
902
901
901
901
901
900
900
900
898
897
895
895
895
895
894
894
893
893
893
892
892
889
889
887
887
886
886
886
886
886
885
884
884
884
884
883
883
883
883
882
881
881
881
881
880
880
880
879
878
877
877
877
877
876
876
876
875
875
875
874
874
873
872
872
871
871
870
868
868
868
867
866
866
865
865
865
865
864
864
864
863
863
862
862
862
861
860
860
860
860
860
859
859
859
859
858
858
858
857
857
857
857
856
856
856
855
855
855
853
853
853
853
852
852
852
852
852
852
852
851
851
850
850
849
849
848
848
848
847
847
847
846
846
846
845
845
845
845
845
844
844
844
844
844
843
843
842
842
842
841
840
840
839
839
838
837
837
837
836
836
836
836
835
835
835
835
834
834
834
833
833
832
832
832
831
831
831
830
830
829
829
829
828
827
827
826
826
826
825
825
825
825
825
824
824
824
823
823
823
822
822
821
821
820
820
820
820
820
818
818
818
817
817
817
817
816
816
816
815
815
815
814
814
814
814
814
814
813
813
812
812
812
812
811
810
810
810
810
810
809
809
809
808
808
808
808
808
807
807
807
807
806
805
805
804
804
804
804
803
803
803
803
803
803
803
803
802
802
802
801
801
800
800
800
800
800
799
799
797
797
797
797
796
796
795
795
794
794
793
793
793
791
791
791
790
789
788
788
788
787
787
786
786
786
785
785
784
782
782
782
781
781
780
779
779
778
778
777
777
777
776
775
775
775
775
775
774
773
773
773
772
772
772
771
771
771
770
769
769
768
768
768
768
768
768
768
767
766
766
765
765
764
764
764
764
764
764
764
763
763
763
763
762
762
761
761
760
760
759
759
759
758
758
756
756
756
755
755
755
755
754
754
754
753
753
752
752
752
752
752
751
751
751
751
750
750
750
750
749
748
748
748
748
747
747
747
747
746
745
745
745
745
744
744
743
743
743
743
742
741
741
741
741
740
740
740
739
739
738
738
738
738
738
738
738
737
737
736
736
736
735
735
735
735
734
734
734
734
733
733
733
733
733
733
733
732
732
732
731
731
731
731
730
730
730
730
729
729
729
729
729
729
728
728
728
728
728
727
727
727
727
726
726
726
726
725
725
725
725
724
724
724
724
724
724
723
722
722
721
721
721
721
721
720
720
720
719
719
719
719
718
718
718
718
718
717
717
717
717
717
716
716
716
715
715
715
715
714
714
714
713
713
712
712
712
711
711
711
711
711
711
710
709
709
709
709
708
708
708
708
707
707
707
707
707
706
706
706
705
705
705
704
704
704
704
704
704
704
703
703
703
703
702
702
702
701
701
701
701
701
701
701
700
700
700
700
699
699
699
699
699
699
699
698
698
698
698
697
697
697
696
696
696
696
695
695
694
694
694
694
694
693
693
693
693
693
693
693
693
693
692
692
692
692
692
691
691
691
690
690
690
690
689
689
689
688
688
688
688
687
687
687
687
687
686
686
685
685
684
684
684
684
683
683
683
683
682
681
681
680
680
680
679
679
679
679
678
678
678
678
677
677
677
677
677
677
677
677
676
676
676
676
675
675
675
675
675
675
674
674
674
674
673
673
673
673
673
673
673
672
672
672
672
672
671
671
671
671
670
670
670
670
669
669
668
668
668
668
668
668
668
668
667
667
666
666
666
666
666
665
665
665
665
665
665
665
664
664
664
663
663
662
662
661
661
661
661
661
660
660
660
660
660
660
659
659
659
659
659
659
659
658
658
658
657
657
657
657
656
656
656
656
656
656
656
656
656
656
656
655
655
655
655
655
654
653
653
653
653
652
652
652
652
651
651
651
650
650
650
650
649
649
649
649
648
647
647
647
646
646
646
646
646
646
645
645
645
645
644
644
644
643
643
643
642
642
641
641
640
640
640
640
640
640
640
639
639
639
639
639
639
638
638
638
638
638
637
637
637
637
637
636
636
636
635
635
635
635
635
635
634
634
634
633
633
633
633
633
633
633
632
632
632
632
632
632
632
631
631
631
630
630
630
630
629
629
629
629
628
628
628
628
628
627
627
627
627
627
626
626
626
625
625
625
625
625
624
624
624
624
624
624
623
623
623
623
622
622
622
622
622
622
621
621
620
620
620
620
620
620
619
619
619
619
619
619
619
619
619
619
619
619
618
618
618
618
617
617
617
617
617
617
617
617
617
617
616
616
616
616
616
615
615
615
615
615
615
615
614
614
614
614
613
613
613
613
613
613
613
613
612
612
612
612
612
612
611
611
611
611
611
611
611
611
611
610
610
610
609
609
609
609
609
609
608
608
608
608
608
607
607
607
607
607
607
606
606
606
606
606
606
606
605
605
605
605
605
604
604
604
604
604
604
603
603
603
603
603
603
603
602
602
602
602
602
601
601
601
601
601
600
600
600
599
599
599
599
599
599
599
598
598
598
598
598
598
598
598
597
597
597
596
596
596
596
596
595
595
595
595
595
595
595
595
595
594
594
594
594
594
594
594
594
593
593
593
593
593
593
593
593
593
593
593
592
592
592
592
592
592
592
592
592
592
591
591
591
590
590
590
590
590
589
589
589
589
589
589
589
589
589
589
589
588
588
588
588
588
587
587
587
587
586
586
586
586
585
585
585
585
585
584
584
584
584
584
584
584
583
583
583
583
583
583
583
583
583
582
582
582
581
581
580
580
580
579
579
579
579
579
579
579
579
578
578
578
577
577
577
577
577
577
577
577
577
576
576
576
576
576
576
576
575
575
575
575
575
575
575
575
575
575
574
574
574
574
574
574
573
573
573
573
573
572
572
572
572
572
572
571
571
571
571
571
571
571
571
571
570
570
570
570
570
570
570
570
569
569
569
569
569
569
569
569
568
568
568
568
567
567
567
567
566
566
566
566
566
566
566
565
565
565
565
565
565
565
565
565
564
564
564
564
564
564
564
564
563
563
563
563
563
563
563
563
563
562
562
562
562
562
562
561
561
561
561
561
561
561
561
561
560
560
560
560
560
560
560
560
559
559
559
559
559
559
559
559
559
559
559
558
558
558
558
558
558
558
558
558
557
557
557
557
557
557
557
557
557
556
556
556
556
556
556
556
555
555
555
555
555
555
555
555
555
554
554
554
554
554
554
554
554
554
553
553
553
553
553
552
552
552
552
552
552
552
552
552
552
552
552
552
551
551
551
551
551
551
551
551
551
551
550
550
550
550
550
550
550
549
549
549
549
549
549
549
549
548
548
548
548
548
548
548
547
547
547
547
547
547
547
547
547
546
546
546
546
546
546
546
546
545
545
545
545
545
545
545
545
545
545
545
544
544
544
544
544
544
544
544
544
543
543
543
543
543
543
543
542
542
542
542
542
542
542
542
541
541
541
541
541
541
540
540
540
540
540
540
540
540
540
540
539
539
539
539
539
539
539
539
539
539
539
539
538
538
538
538
538
538
538
537
537
537
537
536
536
536
536
536
536
536
536
536
536
536
536
535
535
535
535
535
535
535
534
534
534
534
534
534
533
533
533
532
532
532
532
532
532
532
532
532
532
532
531
531
531
531
531
531
531
531
530
530
530
530
530
530
530
530
530
530
529
529
529
529
529
528
528
528
528
528
527
527
527
527
527
527
527
527
527
527
527
527
526
526
526
526
526
526
526
526
526
526
525
525
525
525
525
525
525
525
524
524
524
524
524
523
523
523
523
523
523
523
523
522
522
522
522
522
522
522
522
521
521
521
521
521
521
520
520
520
520
520
520
520
520
520
520
519
519
519
519
518
518
518
518
518
517
517
517
517
517
517
517
517
517
517
517
516
516
516
516
516
516
516
516
516
516
515
515
515
514
514
514
514
514
513
513
513
513
513
513
513
513
513
513
513
513
513
512
512
512
512
512
512
511
511
511
511
510
510
510
510
510
510
510
510
510
509
509
509
509
509
508
508
508
508
508
508
508
508
508
508
508
508
508
508
507
507
507
507
507
507
507
506
506
506
506
506
506
506
505
505
505
505
505
505
505
505
505
505
505
504
504
504
504
504
504
504
504
504
504
504
504
504
504
504
504
503
503
503
503
503
503
503
503
503
503
503
503
503
503
503
502
502
502
502
502
502
502
502
502
502
502
502
502
502
502
501
501
501
501
501
501
501
501
501
501
501
501
501
500
500
500
500
500
500
500
500
500
500
500
500
500
500
499
499
499
499
499
499
499
498
498
498
498
498
498
498
498
498
498
497
497
497
497
497
497
497
497
497
497
496
496
496
496
496
496
496
496
495
495
495
495
495
495
495
494
494
494
494
494
494
494
494
494
494
493
493
493
493
493
493
493
493
493
493
493
492
492
492
492
492
492
492
492
492
492
492
492
491
491
491
491
491
491
491
491
490
490
490
490
490
490
490
490
490
490
490
489
489
489
489
489
489
489
489
489
489
489
489
488
488
488
488
488
488
488
488
488
488
487
487
487
487
487
487
487
487
487
487
487
487
487
486
486
486
486
486
486
486
486
486
486
485
485
485
485
485
485
485
485
484
484
484
484
484
484
484
484
484
484
484
484
484
483
483
483
483
483
483
483
483
483
483
483
483
483
482
482
482
482
482
482
482
482
482
482
482
481
481
481
481
481
481
481
481
481
481
480
480
480
480
480
480
480
480
480
480
479
479
479
479
479
479
478
478
478
478
478
478
478
478
478
477
477
477
477
477
477
477
477
477
477
476
476
476
476
476
476
476
476
476
475
475
475
475
475
475
475
475
475
474
474
474
474
474
474
474
474
474
474
474
474
474
473
473
473
473
473
473
473
473
473
473
473
473
473
473
473
473
473
473
473
473
472
472
472
472
472
472
472
472
472
472
472
472
471
471
471
471
471
471
471
471
471
471
470
470
470
470
470
470
470
470
470
470
470
470
470
469
469
469
469
469
469
469
469
469
469
469
469
469
469
468
468
468
468
468
468
468
468
468
468
468
467
467
467
467
467
467
467
467
467
467
467
467
467
467
467
466
466
466
466
466
466
466
466
466
466
466
466
466
466
465
465
465
465
465
465
465
465
465
465
465
464
464
464
464
464
464
464
464
464
464
464
464
463
463
463
463
463
463
463
463
463
463
463
463
463
463
463
462
462
462
462
462
462
462
462
462
462
462
462
462
462
462
462
462
462
462
462
462
462
461
461
461
461
461
461
461
461
461
460
460
460
460
460
460
460
460
460
460
460
460
459
459
459
459
459
459
459
459
459
459
459
459
459
459
459
459
459
459
458
458
458
458
458
458
458
458
458
458
458
458
458
458
458
458
458
458
458
458
458
458
457
457
457
457
457
457
457
457
457
457
457
457
457
456
456
456
456
456
456
456
456
456
456
456
456
455
455
455
455
455
455
455
455
455
455
455
455
455
454
454
454
454
454
454
454
454
454
454
454
454
454
453
453
453
453
453
453
453
453
453
453
453
453
453
453
453
453
453
453
453
453
453
452
452
452
452
452
452
452
452
452
452
452
452
452
452
452
452
451
451
451
451
451
451
451
451
451
451
451
451
451
451
451
450
450
450
450
450
450
450
450
450
450
450
450
450
450
450
450
450
449
449
449
449
449
449
449
449
449
449
449
449
449
449
448
448
448
448
448
448
448
448
448
448
448
448
448
448
448
448
447
447
447
447
447
447
447
447
446
446
446
446
446
446
446
446
446
446
446
446
446
446
446
445
445
445
445
445
445
445
445
445
445
445
445
445
445
445
445
444
444
444
444
444
444
444
444
444
444
444
444
444
444
444
444
444
443
443
443
443
443
443
443
443
443
443
442
442
442
442
442
442
442
442
442
442
442
442
442
441
441
441
441
441
441
441
441
441
441
441
441
441
441
441
440
440
440
440
440
440
440
440
440
440
440
440
440
440
440
440
440
440
439
439
439
439
439
439
439
439
439
439
439
439
439
439
439
439
439
439
439
439
439
438
438
438
438
438
438
438
438
438
438
437
437
437
437
437
437
437
437
437
437
437
437
437
437
437
436
436
436
436
436
436
436
436
436
436
436
436
436
436
436
436
435
435
435
435
435
435
435
435
435
435
435
435
435
435
435
434
434
434
434
434
434
434
434
434
434
434
434
434
434
434
434
434
434
434
433
433
433
433
433
433
433
433
433
433
433
432
432
432
432
432
432
432
432
432
432
432
432
432
432
432
432
431
431
431
431
431
431
431
431
431
431
431
431
431
430
430
430
430
430
430
430
430
430
430
430
430
430
430
430
430
430
430
430
430
429
429
429
429
429
429
429
429
429
429
429
429
429
429
429
429
429
429
429
429
429
429
429
428
428
428
428
428
428
428
428
428
428
428
428
428
428
428
428
428
428
428
427
427
427
427
427
427
427
427
427
427
427
427
427
427
427
426
426
426
426
426
426
426
426
426
426
426
426
426
426
426
426
425
425
425
425
425
425
425
425
425
425
425
425
425
425
425
425
425
424
424
424
424
424
424
424
424
424
424
424
424
424
424
424
424
424
424
423
423
423
423
423
423
423
423
423
423
423
423
423
423
423
423
423
423
422
422
422
422
422
422
422
422
422
422
422
422
422
422
422
422
422
422
422
422
422
421
421
421
421
421
421
421
421
420
420
420
420
420
420
420
420
420
420
420
420
420
420
420
420
420
420
420
420
420
420
420
420
420
420
420
419
419
419
419
419
419
419
419
419
418
418
418
418
418
418
418
418
418
418
418
418
418
418
418
418
418
418
417
417
417
417
417
417
417
417
417
417
417
417
417
417
417
417
417
417
416
416
416
416
416
416
416
416
416
416
416
416
416
416
415
415
415
415
415
415
415
415
415
415
415
415
415
415
415
415
415
415
415
415
415
414
414
414
414
414
414
414
414
414
414
414
414
414
414
414
414
414
414
414
414
414
414
414
414
413
413
413
413
413
413
413
413
413
413
413
413
413
413
413
413
413
413
413
412
412
412
412
412
412
412
412
412
412
412
412
412
412
412
412
412
412
412
412
412
411
411
411
411
411
411
411
411
411
411
411
411
411
411
411
411
411
411
411
411
411
410
410
410
410
410
410
410
410
410
410
410
410
410
410
410
410
410
410
410
410
410
410
410
410
410
410
409
409
409
409
409
409
409
409
409
409
409
409
409
409
409
409
409
409
409
409
409
408
408
408
408
408
408
408
408
408
408
408
408
407
407
407
407
407
407
407
407
407
407
407
407
407
407
407
407
407
407
407
407
407
407
406
406
406
406
406
406
406
406
406
406
406
406
406
406
406
405
405
405
405
405
405
405
405
405
405
405
405
405
405
405
404
404
404
404
404
404
404
404
404
404
404
404
404
404
404
404
404
404
404
404
404
404
404
404
404
403
403
403
403
403
403
403
403
403
403
403
403
403
403
403
402
402
402
402
402
402
402
402
402
402
402
402
402
402
402
402
402
402
402
402
402
402
402
402
402
401
401
401
401
401
401
401
401
401
401
401
401
401
401
401
401
401
400
400
400
400
400
400
400
400
400
400
400
400
400
400
400
400
400
399
399
399
399
399
399
399
399
399
399
399
399
398
398
398
398
398
398
398
398
398
398
398
398
398
398
398
398
398
398
398
398
398
398
398
398
397
397
397
397
397
397
397
397
397
397
397
397
397
397
397
397
397
397
397
397
397
397
396
396
396
396
396
396
396
396
396
396
396
396
396
396
396
396
396
396
396
396
396
396
396
396
396
396
396
396
395
395
395
395
395
395
395
395
395
395
395
395
395
395
395
395
395
395
395
395
395
395
395
395
394
394
394
394
394
394
394
394
394
394
394
394
394
394
394
394
394
394
394
394
394
394
393
393
393
393
393
393
393
393
393
393
393
393
393
393
393
393
393
393
393
393
393
393
393
393
392
392
392
392
392
392
392
392
392
392
392
392
392
392
392
392
392
392
392
392
392
391
391
391
391
391
391
391
391
391
391
391
391
391
391
391
391
391
391
391
391
391
391
391
391
391
391
391
391
391
391
391
391
390
390
390
390
390
390
390
390
390
390
390
390
390
390
390
390
390
390
390
390
390
390
390
390
390
390
390
390
389
389
389
389
389
389
389
389
389
389
389
389
389
389
389
389
389
388
388
388
388
388
388
388
388
388
388
388
388
388
388
388
388
388
388
388
388
388
388
388
388
388
388
388
388
388
388
388
388
388
388
387
387
387
387
387
387
387
387
387
387
387
387
387
387
387
387
387
387
387
387
387
386
386
386
386
386
386
386
386
386
386
386
386
386
386
386
386
386
386
386
386
386
386
386
386
386
386
385
385
385
385
385
385
385
385
385
385
385
385
385
385
385
385
385
385
385
385
385
385
385
385
385
385
384
384
384
384
384
384
384
384
384
384
384
384
384
384
384
384
384
384
384
384
384
384
384
384
384
384
384
384
383
383
383
383
383
383
383
383
383
383
383
383
383
383
383
383
383
383
383
383
383
383
383
383
383
383
382
382
382
382
382
382
382
382
382
382
382
382
382
382
382
382
382
382
382
382
382
382
382
382
382
382
382
382
382
381
381
381
381
381
381
381
381
381
381
381
381
381
381
381
381
381
381
381
381
381
381
381
381
381
381
380
380
380
380
380
380
380
380
380
380
380
380
380
380
380
380
380
380
380
380
380
380
380
380
380
380
379
379
379
379
379
379
379
379
379
379
379
379
379
379
379
379
379
379
379
379
379
379
379
379
379
379
379
379
379
379
379
378
378
378
378
378
378
378
378
378
378
378
378
378
378
378
378
378
378
378
378
378
378
378
377
377
377
377
377
377
377
377
377
377
377
377
377
377
377
377
377
377
377
377
377
377
377
377
377
377
377
377
377
377
377
377
377
377
377
377
376
376
376
376
376
376
376
376
376
376
376
376
376
376
376
376
376
376
376
376
376
376
376
376
376
376
376
375
375
375
375
375
375
375
375
375
375
375
375
375
375
375
375
375
375
375
375
375
375
375
375
375
374
374
374
374
374
374
374
374
374
374
374
374
374
374
374
374
374
374
374
374
374
374
374
374
374
374
374
374
373
373
373
373
373
373
373
373
373
373
373
373
373
373
373
373
373
373
373
373
373
373
373
373
373
373
373
372
372
372
372
372
372
372
372
372
372
372
372
372
372
372
372
372
372
372
372
372
372
372
372
372
372
372
372
372
371
371
371
371
371
371
371
371
371
371
371
371
371
371
371
371
371
371
371
371
371
371
371
371
371
371
371
370
370
370
370
370
370
370
370
370
370
370
370
370
370
370
370
370
370
370
370
370
370
370
370
369
369
369
369
369
369
369
369
369
369
369
369
369
369
369
369
369
369
369
369
369
369
369
369
369
369
369
369
369
369
369
369
369
369
369
369
368
368
368
368
368
368
368
368
368
368
368
368
368
368
368
368
368
368
368
368
368
368
368
368
368
368
368
368
368
368
368
367
367
367
367
367
367
367
367
367
367
367
367
367
367
367
367
367
367
367
367
367
367
367
367
367
367
367
367
367
367
366
366
366
366
366
366
366
366
366
366
366
366
366
366
366
366
366
366
366
366
366
366
366
366
366
366
366
366
365
365
365
365
365
365
365
365
365
365
365
365
365
365
365
365
365
365
365
365
365
365
365
365
365
365
365
365
365
365
365
365
365
365
365
365
364
364
364
364
364
364
364
364
364
364
364
364
364
364
364
364
364
364
364
364
364
364
364
364
364
364
364
364
364
363
363
363
363
363
363
363
363
363
363
363
363
363
363
363
363
363
363
363
363
363
363
363
363
363
363
363
363
362
362
362
362
362
362
362
362
362
362
362
362
362
362
362
362
362
362
362
362
362
362
362
362
362
362
362
362
362
362
362
362
362
362
362
362
362
362
362
362
362
362
361
361
361
361
361
361
361
361
361
361
361
361
361
361
361
361
361
361
361
361
361
361
361
361
361
361
361
361
361
361
361
361
361
361
361
361
361
360
360
360
360
360
360
360
360
360
360
360
360
360
360
360
360
360
360
360
360
360
360
360
360
360
360
360
360
360
360
360
360
360
360
360
359
359
359
359
359
359
359
359
359
359
359
359
359
359
359
359
359
359
359
359
359
359
359
359
359
359
359
359
359
359
359
359
359
359
359
359
359
359
359
359
358
358
358
358
358
358
358
358
358
358
358
358
358
358
358
358
358
358
358
358
358
358
358
358
358
358
358
358
358
358
357
357
357
357
357
357
357
357
357
357
357
357
357
357
357
357
357
357
357
357
357
357
357
357
357
357
357
357
357
357
357
357
357
357
357
357
356
356
356
356
356
356
356
356
356
356
356
356
356
356
356
356
356
356
356
356
356
356
356
356
356
356
356
356
356
356
356
356
355
355
355
355
355
355
355
355
355
355
355
355
355
355
355
355
355
355
355
355
355
355
355
355
355
355
355
355
355
355
355
355
355
354
354
354
354
354
354
354
354
354
354
354
354
354
354
354
354
354
354
354
354
354
354
354
354
354
354
354
354
354
353
353
353
353
353
353
353
353
353
353
353
353
353
353
353
353
353
353
353
353
353
353
353
353
353
353
353
353
353
353
353
353
353
353
353
353
353
353
353
353
353
353
353
353
353
353
353
352
352
352
352
352
352
352
352
352
352
352
352
352
352
352
352
352
352
352
352
352
352
352
352
352
351
351
351
351
351
351
351
351
351
351
351
351
351
351
351
351
351
351
351
351
351
351
351
351
351
351
351
351
351
351
351
351
351
351
351
351
351
351
351
351
351
351
351
351
351
351
350
350
350
350
350
350
350
350
350
350
350
350
350
350
350
350
350
350
350
350
350
350
350
350
350
350
350
349
349
349
349
349
349
349
349
349
349
349
349
349
349
349
349
349
349
349
349
349
349
349
349
349
349
349
349
349
349
349
349
349
349
348
348
348
348
348
348
348
348
348
348
348
348
348
348
348
348
348
348
348
348
348
348
348
348
348
348
348
348
348
348
348
348
348
348
348
348
347
347
347
347
347
347
347
347
347
347
347
347
347
347
347
347
347
347
347
347
347
347
347
347
347
347
347
347
347
347
347
347
347
347
347
347
347
347
347
347
346
346
346
346
346
346
346
346
346
346
346
346
346
346
346
346
346
346
346
346
346
346
346
346
346
346
346
346
346
346
346
346
346
346
346
346
346
345
345
345
345
345
345
345
345
345
345
345
345
345
345
345
345
345
345
345
345
345
345
345
345
345
345
345
345
345
345
345
345
345
345
345
345
345
345
345
345
345
345
345
345
345
345
345
345
345
344
344
344
344
344
344
344
344
344
344
344
344
344
344
344
344
344
344
344
344
344
344
344
344
344
344
344
344
344
344
344
344
344
344
344
344
344
343
343
343
343
343
343
343
343
343
343
343
343
343
343
343
343
343
343
343
343
343
343
343
343
343
343
343
343
343
343
343
343
343
343
342
342
342
342
342
342
342
342
342
342
342
342
342
342
342
342
342
342
342
342
342
342
342
342
342
342
342
342
342
342
342
342
341
341
341
341
341
341
341
341
341
341
341
341
341
341
341
341
341
341
341
341
341
341
341
341
341
341
341
341
341
341
341
341
341
341
341
341
341
341
341
341
341
341
341
341
341
341
341
341
341
341
340
340
340
340
340
340
340
340
340
340
340
340
340
340
340
340
340
340
340
340
340
340
340
340
340
340
340
340
340
340
340
340
340
340
340
340
340
340
340
340
340
340
340
340
339
339
339
339
339
339
339
339
339
339
339
339
339
339
339
339
339
339
339
339
339
339
339
339
339
339
339
339
339
339
339
339
339
339
339
339
339
339
339
339
339
339
339
339
338
338
338
338
338
338
338
338
338
338
338
338
338
338
338
338
338
338
338
338
338
338
338
338
338
338
338
338
338
338
338
338
338
338
338
338
338
338
338
338
338
338
338
337
337
337
337
337
337
337
337
337
337
337
337
337
337
337
337
337
337
337
337
337
337
337
337
337
337
337
337
337
337
337
337
337
337
337
337
337
337
336
336
336
336
336
336
336
336
336
336
336
336
336
336
336
336
336
336
336
336
336
336
336
336
336
336
336
336
336
336
336
336
336
336
336
336
336
336
336
336
336
336
336
336
336
336
336
336
336
336
336
336
336
336
335
335
335
335
335
335
335
335
335
335
335
335
335
335
335
335
335
335
335
335
335
335
335
335
335
335
335
335
335
335
335
335
335
335
335
335
335
335
335
335
335
335
335
335
335
335
335
335
335
335
334
334
334
334
334
334
334
334
334
334
334
334
334
334
334
334
334
334
334
334
334
334
334
334
334
334
334
334
334
334
334
334
334
334
334
334
334
334
334
334
334
334
334
334
334
334
334
334
334
334
334
334
333
333
333
333
333
333
333
333
333
333
333
333
333
333
333
333
333
333
333
333
333
333
333
333
333
333
333
333
333
333
333
333
333
333
333
333
333
333
333
333
333
333
333
333
333
333
333
333
332
332
332
332
332
332
332
332
332
332
332
332
332
332
332
332
332
332
332
332
332
332
332
332
332
332
332
332
332
332
332
332
332
332
332
332
332
332
332
332
331
331
331
331
331
331
331
331
331
331
331
331
331
331
331
331
331
331
331
331
331
331
331
331
331
331
331
331
331
331
331
331
331
331
331
331
331
331
331
331
331
331
331
331
331
331
331
331
331
331
331
331
331
331
331
331
331
331
331
331
331
331
330
330
330
330
330
330
330
330
330
330
330
330
330
330
330
330
330
330
330
330
330
330
330
330
330
330
330
330
330
330
330
330
330
330
330
330
330
330
330
330
330
330
330
330
330
330
330
330
330
330
330
330
329
329
329
329
329
329
329
329
329
329
329
329
329
329
329
329
329
329
329
329
329
329
329
329
329
329
329
329
329
329
329
329
329
329
329
329
329
329
329
329
329
329
329
329
329
328
328
328
328
328
328
328
328
328
328
328
328
328
328
328
328
328
328
328
328
328
328
328
328
328
328
328
328
328
328
328
328
328
328
328
328
328
328
328
328
328
328
328
328
328
328
328
328
328
328
328
328
327
327
327
327
327
327
327
327
327
327
327
327
327
327
327
327
327
327
327
327
327
327
327
327
327
327
327
327
327
327
327
327
327
327
327
327
327
327
327
327
327
327
327
327
327
327
327
327
327
327
327
327
327
327
327
327
327
327
327
327
326
326
326
326
326
326
326
326
326
326
326
326
326
326
326
326
326
326
326
326
326
326
326
326
326
326
326
326
326
326
326
326
326
326
326
326
326
326
326
326
326
326
326
326
326
326
326
326
326
325
325
325
325
325
325
325
325
325
325
325
325
325
325
325
325
325
325
325
325
325
325
325
325
325
325
325
325
325
325
325
325
325
325
325
325
325
325
325
325
325
325
325
325
325
325
325
325
325
325
325
325
325
325
325
325
324
324
324
324
324
324
324
324
324
324
324
324
324
324
324
324
324
324
324
324
324
324
324
324
324
324
324
324
324
324
324
324
324
324
324
324
324
324
324
324
324
324
324
324
324
324
324
324
324
324
324
324
324
324
324
324
324
324
324
324
324
324
324
324
324
324
324
324
324
324
324
323
323
323
323
323
323
323
323
323
323
323
323
323
323
323
323
323
323
323
323
323
323
323
323
323
323
323
323
323
323
323
323
323
323
323
323
323
323
323
323
323
323
323
323
323
323
323
323
323
323
323
323
323
323
323
323
322
322
322
322
322
322
322
322
322
322
322
322
322
322
322
322
322
322
322
322
322
322
322
322
322
322
322
322
322
322
322
322
322
322
322
322
322
322
322
322
322
322
322
322
322
322
322
322
322
322
322
322
322
322
322
322
322
322
322
322
321
321
321
321
321
321
321
321
321
321
321
321
321
321
321
321
321
321
321
321
321
321
321
321
321
321
321
321
321
321
321
321
321
321
321
321
321
321
321
321
321
321
321
321
321
321
321
321
321
321
321
321
321
321
320
320
320
320
320
320
320
320
320
320
320
320
320
320
320
320
320
320
320
320
320
320
320
320
320
320
320
320
320
320
320
320
320
320
320
320
320
320
320
320
320
320
320
320
320
320
320
320
320
320
320
320
320
320
320
319
319
319
319
319
319
319
319
319
319
319
319
319
319
319
319
319
319
319
319
319
319
319
319
319
319
319
319
319
319
319
319
319
319
319
319
319
319
319
319
319
319
319
319
319
319
319
319
319
319
319
319
319
319
319
319
319
319
319
319
319
319
319
319
319
319
318
318
318
318
318
318
318
318
318
318
318
318
318
318
318
318
318
318
318
318
318
318
318
318
318
318
318
318
318
318
318
318
318
318
318
318
318
318
318
318
318
318
318
318
318
318
318
318
318
318
318
318
318
318
318
318
318
318
318
318
318
318
318
318
318
318
318
318
318
318
317
317
317
317
317
317
317
317
317
317
317
317
317
317
317
317
317
317
317
317
317
317
317
317
317
317
317
317
317
317
317
317
317
317
317
317
317
317
317
317
317
317
317
317
317
317
317
316
316
316
316
316
316
316
316
316
316
316
316
316
316
316
316
316
316
316
316
316
316
316
316
316
316
316
316
316
316
316
316
316
316
316
316
316
316
316
316
316
316
316
316
316
316
316
316
316
316
316
316
316
316
316
316
316
316
316
316
316
316
316
316
315
315
315
315
315
315
315
315
315
315
315
315
315
315
315
315
315
315
315
315
315
315
315
315
315
315
315
315
315
315
315
315
315
315
315
315
315
315
315
315
315
315
315
315
315
315
315
315
315
315
315
315
314
314
314
314
314
314
314
314
314
314
314
314
314
314
314
314
314
314
314
314
314
314
314
314
314
314
314
314
314
314
314
314
314
314
314
314
314
314
314
314
314
314
314
314
314
314
314
314
314
314
314
314
314
314
314
314
314
314
314
314
314
314
314
314
313
313
313
313
313
313
313
313
313
313
313
313
313
313
313
313
313
313
313
313
313
313
313
313
313
313
313
313
313
313
313
313
313
313
313
313
313
313
313
313
313
313
313
313
313
313
313
313
313
313
313
313
313
313
313
313
313
313
313
313
313
313
313
313
313
313
313
313
313
313
313
313
313
313
313
313
313
313
313
313
313
313
313
313
313
312
312
312
312
312
312
312
312
312
312
312
312
312
312
312
312
312
312
312
312
312
312
312
312
312
312
312
312
312
312
312
312
312
312
312
312
312
312
312
312
312
312
312
312
312
312
312
312
312
312
312
312
312
312
312
312
312
312
312
312
312
312
312
312
312
312
312
312
312
312
312
312
311
311
311
311
311
311
311
311
311
311
311
311
311
311
311
311
311
311
311
311
311
311
311
311
311
311
311
311
311
311
311
311
311
311
311
311
311
311
311
311
311
311
311
311
311
311
311
311
311
311
311
311
311
311
311
311
311
311
311
311
310
310
310
310
310
310
310
310
310
310
310
310
310
310
310
310
310
310
310
310
310
310
310
310
310
310
310
310
310
310
310
310
310
310
310
310
310
310
310
310
310
310
310
310
310
310
310
310
310
310
310
310
310
310
310
310
310
310
310
310
310
310
310
310
310
309
309
309
309
309
309
309
309
309
309
309
309
309
309
309
309
309
309
309
309
309
309
309
309
309
309
309
309
309
309
309
309
309
309
309
309
309
309
309
309
309
309
309
309
309
309
309
309
309
309
309
309
309
309
309
309
309
309
309
309
309
309
309
309
309
309
309
309
309
309
309
309
309
309
309
309
309
309
308
308
308
308
308
308
308
308
308
308
308
308
308
308
308
308
308
308
308
308
308
308
308
308
308
308
308
308
308
308
308
308
308
308
308
308
308
308
308
308
308
308
308
308
308
308
308
308
308
308
308
308
308
308
308
308
308
308
308
308
308
308
308
308
308
308
307
307
307
307
307
307
307
307
307
307
307
307
307
307
307
307
307
307
307
307
307
307
307
307
307
307
307
307
307
307
307
307
307
307
307
307
307
307
307
307
307
307
307
307
307
307
307
307
307
307
307
307
307
307
307
307
307
307
307
307
307
307
307
307
307
307
307
307
307
307
307
307
307
307
307
307
307
307
307
307
307
307
307
307
307
307
307
307
307
307
306
306
306
306
306
306
306
306
306
306
306
306
306
306
306
306
306
306
306
306
306
306
306
306
306
306
306
306
306
306
306
306
306
306
306
306
306
306
306
306
306
306
306
306
306
306
306
306
306
306
306
306
306
306
306
306
306
306
306
306
306
306
306
306
306
306
306
306
306
305
305
305
305
305
305
305
305
305
305
305
305
305
305
305
305
305
305
305
305
305
305
305
305
305
305
305
305
305
305
305
305
305
305
305
305
305
305
305
305
305
305
305
305
305
305
305
305
305
305
305
305
305
305
305
305
305
305
305
305
305
305
305
305
305
305
305
305
305
305
305
305
304
304
304
304
304
304
304
304
304
304
304
304
304
304
304
304
304
304
304
304
304
304
304
304
304
304
304
304
304
304
304
304
304
304
304
304
304
304
304
304
304
304
304
304
304
304
304
304
304
304
304
304
304
304
304
304
304
304
304
304
304
304
304
304
304
304
304
304
304
304
304
304
304
304
304
304
304
304
304
304
304
304
304
304
304
304
303
303
303
303
303
303
303
303
303
303
303
303
303
303
303
303
303
303
303
303
303
303
303
303
303
303
303
303
303
303
303
303
303
303
303
303
303
303
303
303
303
303
303
303
303
303
303
303
303
303
303
303
303
303
303
303
303
303
303
303
303
303
303
303
303
303
303
303
302
302
302
302
302
302
302
302
302
302
302
302
302
302
302
302
302
302
302
302
302
302
302
302
302
302
302
302
302
302
302
302
302
302
302
302
302
302
302
302
302
302
302
302
302
302
302
302
302
302
302
302
302
302
302
302
302
302
302
302
302
302
302
302
302
302
302
302
302
302
302
302
302
302
302
302
302
302
302
302
302
302
302
302
302
302
302
302
302
302
301
301
301
301
301
301
301
301
301
301
301
301
301
301
301
301
301
301
301
301
301
301
301
301
301
301
301
301
301
301
301
301
301
301
301
301
301
301
301
301
301
301
301
301
301
301
301
301
301
301
301
301
301
301
301
301
301
301
301
301
301
301
301
301
300
300
300
300
300
300
300
300
300
300
300
300
300
300
300
300
300
300
300
300
300
300
300
300
300
300
300
300
300
300
300
300
300
300
300
300
300
300
300
300
300
300
300
300
300
300
300
300
300
300
300
300
300
300
300
300
300
300
300
300
300
300
300
300
300
300
300
299
299
299
299
299
299
299
299
299
299
299
299
299
299
299
299
299
299
299
299
299
299
299
299
299
299
299
299
299
299
299
299
299
299
299
299
299
299
299
299
299
299
299
299
299
299
299
299
299
299
299
299
299
299
299
299
299
299
299
299
299
299
299
299
299
298
298
298
298
298
298
298
298
298
298
298
298
298
298
298
298
298
298
298
298
298
298
298
298
298
298
298
298
298
298
298
298
298
298
298
298
298
298
298
298
298
298
298
298
298
298
298
298
298
298
298
298
298
298
298
298
298
298
298
298
298
298
298
298
298
298
298
298
298
297
297
297
297
297
297
297
297
297
297
297
297
297
297
297
297
297
297
297
297
297
297
297
297
297
297
297
297
297
297
297
297
297
297
297
297
297
297
297
297
297
297
297
297
297
297
297
297
297
297
297
297
297
297
297
297
297
297
297
297
297
297
297
297
297
297
297
297
297
297
297
297
297
297
297
297
297
297
297
297
297
297
297
297
297
297
297
296
296
296
296
296
296
296
296
296
296
296
296
296
296
296
296
296
296
296
296
296
296
296
296
296
296
296
296
296
296
296
296
296
296
296
296
296
296
296
296
296
296
296
296
296
296
296
296
296
296
296
296
296
296
296
296
296
296
296
296
296
296
296
296
296
296
296
296
296
296
296
296
296
296
296
296
296
296
296
296
296
296
296
296
296
296
296
296
296
296
296
296
296
296
296
296
296
296
296
296
296
295
295
295
295
295
295
295
295
295
295
295
295
295
295
295
295
295
295
295
295
295
295
295
295
295
295
295
295
295
295
295
295
295
295
295
295
295
295
295
295
295
295
295
295
295
295
295
295
295
295
295
295
295
295
295
295
295
295
295
295
295
295
295
295
295
295
295
295
295
295
295
295
295
295
295
295
295
295
295
295
295
295
295
295
295
295
295
295
295
295
295
295
294
294
294
294
294
294
294
294
294
294
294
294
294
294
294
294
294
294
294
294
294
294
294
294
294
294
294
294
294
294
294
294
294
294
294
294
294
294
294
294
294
294
294
294
294
294
294
294
294
294
294
294
294
294
294
294
294
294
294
294
294
294
294
294
294
294
294
294
294
294
294
294
294
294
294
294
294
294
294
294
294
294
294
294
294
294
294
294
293
293
293
293
293
293
293
293
293
293
293
293
293
293
293
293
293
293
293
293
293
293
293
293
293
293
293
293
293
293
293
293
293
293
293
293
293
293
293
293
293
293
293
293
293
293
293
293
293
293
293
293
293
293
293
293
293
293
293
293
293
293
293
293
293
293
293
293
293
293
293
293
293
293
293
293
293
293
293
293
293
293
293
293
293
293
292
292
292
292
292
292
292
292
292
292
292
292
292
292
292
292
292
292
292
292
292
292
292
292
292
292
292
292
292
292
292
292
292
292
292
292
292
292
292
292
292
292
292
292
292
292
292
292
292
292
292
292
292
292
292
292
292
292
292
292
292
292
292
292
292
292
292
292
292
292
292
292
292
292
292
292
292
292
292
292
292
292
292
291
291
291
291
291
291
291
291
291
291
291
291
291
291
291
291
291
291
291
291
291
291
291
291
291
291
291
291
291
291
291
291
291
291
291
291
291
291
291
291
291
291
291
291
291
291
291
291
291
291
291
291
291
291
291
291
291
291
291
291
291
291
291
291
291
291
291
291
291
291
291
291
291
291
291
291
291
291
291
291
291
291
291
291
291
291
291
291
291
291
291
291
291
290
290
290
290
290
290
290
290
290
290
290
290
290
290
290
290
290
290
290
290
290
290
290
290
290
290
290
290
290
290
290
290
290
290
290
290
290
290
290
290
290
290
290
290
290
290
290
290
290
290
290
290
290
290
290
290
290
290
290
290
290
290
290
290
290
290
290
290
290
290
290
290
290
290
290
290
290
290
290
290
290
290
290
290
290
290
290
290
290
290
290
290
290
290
289
289
289
289
289
289
289
289
289
289
289
289
289
289
289
289
289
289
289
289
289
289
289
289
289
289
289
289
289
289
289
289
289
289
289
289
289
289
289
289
289
289
289
289
289
289
289
289
289
289
289
289
289
289
289
289
289
289
289
289
289
289
289
289
289
289
289
289
289
289
289
289
289
289
289
289
289
289
289
289
289
288
288
288
288
288
288
288
288
288
288
288
288
288
288
288
288
288
288
288
288
288
288
288
288
288
288
288
288
288
288
288
288
288
288
288
288
288
288
288
288
288
288
288
288
288
288
288
288
288
288
288
288
288
288
288
288
288
288
288
288
288
288
288
288
288
288
288
288
288
288
288
288
288
288
288
288
288
288
288
288
288
288
288
288
287
287
287
287
287
287
287
287
287
287
287
287
287
287
287
287
287
287
287
287
287
287
287
287
287
287
287
287
287
287
287
287
287
287
287
287
287
287
287
287
287
287
287
287
287
287
287
287
287
287
287
287
287
287
287
287
287
287
287
287
287
287
287
287
287
287
287
287
287
287
287
287
287
287
287
287
287
287
287
287
287
287
287
287
287
287
287
286
286
286
286
286
286
286
286
286
286
286
286
286
286
286
286
286
286
286
286
286
286
286
286
286
286
286
286
286
286
286
286
286
286
286
286
286
286
286
286
286
286
286
286
286
286
286
286
286
286
286
286
286
286
286
286
286
286
286
286
286
286
286
286
286
286
286
286
286
286
286
286
286
286
286
286
286
286
286
286
286
286
286
286
286
286
286
286
286
286
285
285
285
285
285
285
285
285
285
285
285
285
285
285
285
285
285
285
285
285
285
285
285
285
285
285
285
285
285
285
285
285
285
285
285
285
285
285
285
285
285
285
285
285
285
285
285
285
285
285
285
285
285
285
285
285
285
285
285
285
285
285
285
285
285
285
285
285
285
285
285
285
285
285
285
285
285
285
285
285
285
285
285
285
285
285
285
285
285
285
285
285
285
285
285
285
285
285
285
285
285
284
284
284
284
284
284
284
284
284
284
284
284
284
284
284
284
284
284
284
284
284
284
284
284
284
284
284
284
284
284
284
284
284
284
284
284
284
284
284
284
284
284
284
284
284
284
284
284
284
284
284
284
284
284
284
284
284
284
284
284
284
284
284
284
284
284
284
284
284
284
284
284
284
284
284
284
284
284
284
284
284
284
284
284
284
284
284
284
283
283
283
283
283
283
283
283
283
283
283
283
283
283
283
283
283
283
283
283
283
283
283
283
283
283
283
283
283
283
283
283
283
283
283
283
283
283
283
283
283
283
283
283
283
283
283
283
283
283
283
283
283
283
283
283
283
283
283
283
283
283
283
283
283
283
283
283
283
283
283
283
283
283
283
283
283
283
283
283
283
283
283
283
283
283
282
282
282
282
282
282
282
282
282
282
282
282
282
282
282
282
282
282
282
282
282
282
282
282
282
282
282
282
282
282
282
282
282
282
282
282
282
282
282
282
282
282
282
282
282
282
282
282
282
282
282
282
282
282
282
282
282
282
282
282
282
282
282
282
282
282
282
282
282
282
282
282
282
282
282
282
282
282
282
282
282
282
282
282
282
282
282
282
282
282
282
282
282
282
282
282
282
282
282
282
282
282
282
282
282
282
282
282
282
282
282
282
282
282
282
281
281
281
281
281
281
281
281
281
281
281
281
281
281
281
281
281
281
281
281
281
281
281
281
281
281
281
281
281
281
281
281
281
281
281
281
281
281
281
281
281
281
281
281
281
281
281
281
281
281
281
281
281
281
281
281
281
281
281
281
281
281
281
281
281
281
281
281
281
281
281
281
281
281
281
281
281
281
281
281
281
281
281
281
281
281
281
281
281
281
281
281
281
281
281
281
281
281
281
281
281
281
281
281
281
281
281
281
281
281
281
281
281
281
281
281
281
281
280
280
280
280
280
280
280
280
280
280
280
280
280
280
280
280
280
280
280
280
280
280
280
280
280
280
280
280
280
280
280
280
280
280
280
280
280
280
280
280
280
280
280
280
280
280
280
280
280
280
280
280
280
280
280
280
280
280
280
280
280
280
280
280
280
280
280
280
280
280
280
280
280
280
280
280
280
280
280
280
280
280
280
280
280
280
280
280
280
280
280
280
280
280
280
280
280
280
280
280
280
280
280
280
280
280
280
279
279
279
279
279
279
279
279
279
279
279
279
279
279
279
279
279
279
279
279
279
279
279
279
279
279
279
279
279
279
279
279
279
279
279
279
279
279
279
279
279
279
279
279
279
279
279
279
279
279
279
279
279
279
279
279
279
279
279
279
279
279
279
279
279
279
279
279
279
279
279
279
279
279
279
279
279
279
279
279
279
279
279
279
279
279
279
279
279
279
279
279
279
279
279
279
279
279
279
279
279
279
279
279
279
279
279
279
279
279
279
279
279
279
279
279
279
279
279
279
279
279
279
279
278
278
278
278
278
278
278
278
278
278
278
278
278
278
278
278
278
278
278
278
278
278
278
278
278
278
278
278
278
278
278
278
278
278
278
278
278
278
278
278
278
278
278
278
278
278
278
278
278
278
278
278
278
278
278
278
278
278
278
278
278
278
278
278
278
278
278
278
278
278
278
278
278
278
278
278
278
278
278
278
278
278
278
278
278
278
278
278
278
278
278
278
278
278
278
278
278
278
278
278
278
185
131
131
131
131
128
128
128
128
128
128
128
128
128
128
128
128
