368.0
65.0
55.0
59.0
79.0
52.0
480.0
67.0
426.0
58.0
99.0
96.0
78250.0
195.0
144.0
257.0
74.0
186.0
55.0
434.0
253.0
53.0
854.0
85.0
72.0
31623.0
333.0
4248.0
78.0
54.0
57.0
73.0
17953.0
82.0
58.0
2812.0
52.0
270.0
7674.0
244.0
102.0
76.0
56.0
140.0
18032.0
536.0
3187.0
35792.0
88.0
510.0
88.0
114.0
151.0
6220.0
384.0
940.0
2224.0
1369.0
5107.0
96.0
55.0
75.0
339.0
56.0
797.0
4864.0
2132.0
243.0
841.0
10259.0
82.0
481.0
13977.0
52.0
64.0
1828.0
72.0
12979.0
2298.0
158.0
266.0
545.0
4628.0
63.0
234.0
125.0
22299.0
119.0
92.0
387.0
1374.0
13444.0
9622.0
150.0
3358.0
55.0
85.0
36616.0
70.0
205.0
57.0
250.0
146.0
193.0
162.0
158.0
310.0
1676.0
117.0
945.0
266.0
24262.0
3402.0
64.0
204.0
63.0
662.0
66.0
1330.0
73.0
4007.0
11430.0
1275.0
195.0
2280.0
1963.0
372.0
170.0
494.0
93.0
973.0
3572.0
96.0
15025.0
51.0
2916.0
2698.0
41558.0
90.0
58.0
81.0
5174.0
94.0
137.0
3150.0
961.0
73.0
57.0
81.0
66.0
1111.0
2897.0
368.0
3535.0
83.0
15234.0
53.0
515.0
1625.0
3283.0
69.0
9385.0
51.0
181.0
2632.0
160.0
573.0
3282.0
6506.0
4725.0
70.0
1066.0
111.0
55.0
106.0
44911.0
143.0
145.0
243.0
121.0
151.0
155.0
12945.0
5918.0
58.0
1803.0
8687.0
61.0
59.0
210.0
10094.0
4504.0
250.0
111.0
3593.0
3707.0
3594.0
80.0
238.0
514.0
159.0
793.0
2777.0
297.0
127.0
609.0
176.0
5762.0
3393.0
1084.0
1371.0
864.0
172.0
1342.0
10866.0
4741.0
68.0
66.0
106.0
57.0
30496.0
71.0
51.0
1937.0
88.0
51.0
9906.0
60.0
563.0
67.0
5566.0
6995.0
8665.0
783.0
53.0
166.0
18748.0
195.0
154.0
99.0
105.0
122.0
170.0
82.0
255.0
7173.0
70.0
52.0
15150.0
15256.0
68.0
129.0
150.0
120.0
134.0
19823.0
66.0
77.0
59.0
97.0
9198.0
11770.0
115.0
62.0
242.0
52.0
6400.0
5396.0
294.0
1058.0
53.0
4710.0
85.0
2656.0
16908.0
55.0
213.0
7255.0
108.0
60.0
257.0
509.0
239.0
93.0
95.0
5839.0
1536.0
9942.0
392.0
68.0
407.0
64.0
6295.0
104.0
98.0
76.0
72.0
179.0
13040.0
761.0
536.0
3462.0
1561.0
4716.0
363.0
142.0
172.0
12198.0
17035.0
74.0
2214.0
53.0
429.0
95.0
15576.0
180.0
82.0
75.0
217.0
68.0
3807.0
3390.0
57.0
458.0
247.0
169.0
72.0
339.0
139.0
111864.0
73.0
228.0
124.0
2802.0
176.0
779.0
154.0
1675.0
9486.0
93.0
286.0
3740.0
51.0
475.0
298.0
353.0
4230.0
77.0
88.0
62.0
76.0
12147.0
6611.0
59.0
63.0
79.0
4564.0
267.0
795.0
54.0
1677.0
70.0
1273.0
211.0
4669.0
77.0
2591.0
54.0
54.0
323.0
253.0
896.0
3919.0
3878.0
82.0
3613.0
1622.0
123.0
1901.0
1873.0
1563.0
79.0
74.0
1568.0
1671.0
72.0
6841.0
112.0
14168.0
55.0
53.0
149.0
54.0
491.0
8137.0
73.0
291.0
6672.0
54.0
81.0
78.0
175.0
51.0
80.0
4836.0
1240.0
10124.0
356.0
84.0
5394.0
266.0
850.0
840.0
62.0
1861.0
15075.0
1542.0
155.0
62.0
97.0
106.0
42969.0
188.0
727.0
123.0
122.0
89.0
5906.0
89.0
35956.0
120.0
189.0
461.0
94.0
70.0
182.0
164.0
2413.0
92.0
1601.0
1996.0
64.0
145.0
65.0
12517.0
69.0
229.0
133.0
8788.0
71.0
68.0
52.0
10072.0
56.0
63.0
94.0
2537.0
56.0
7690.0
3322.0
14456.0
899.0
123.0
1004.0
2127.0
75.0
2458.0
222.0
53.0
201.0
84.0
123.0
18924.0
71.0
6779.0
130.0
59.0
195.0
3148.0
154.0
28657.0
148.0
56.0
146.0
137.0
52.0
8516.0
1558.0
113.0
10727.0
56.0
72.0
137.0
3805.0
1108.0
101.0
1575.0
61.0
4926.0
142.0
6205.0
4262.0
61.0
2798.0
74.0
148.0
85.0
53880.0
126.0
62.0
2441.0
15505.0
69.0
166.0
112.0
95.0
12297.0
133.0
28664.0
74.0
64.0
96.0
52.0
77.0
11347.0
523.0
12031.0
119.0
2115.0
7273.0
2041.0
445.0
71.0
123.0
58.0
60.0
63.0
36870.0
3262.0
55.0
97.0
74.0
14274.0
74.0
69.0
56.0
4039.0
4351.0
3570.0
88.0
207.0
253.0
83.0
1451.0
933.0
8999.0
328.0
1688.0
87.0
118.0
3388.0
2765.0
5777.0
5467.0
1491.0
57.0
6017.0
1988.0
72.0
5526.0
85.0
15905.0
86.0
61.0
54.0
76.0
1649.0
142.0
1683.0
7228.0
1610.0
590.0
52.0
533.0
639.0
195.0
55.0
8422.0
66.0
115.0
228.0
4912.0
2723.0
1378.0
730.0
3491.0
485.0
55.0
1996.0
92.0
8150.0
52.0
1039.0
503.0
6285.0
3572.0
118.0
419.0
62.0
83.0
648.0
197.0
137.0
2778.0
728.0
3129.0
197.0
2439.0
60.0
4704.0
1585.0
112.0
51.0
71.0
54.0
100.0
99.0
62.0
52468.0
76.0
86.0
16381.0
60.0
2657.0
6004.0
10206.0
2464.0
259.0
236.0
177.0
11311.0
412.0
92.0
2369.0
91.0
10606.0
55.0
141.0
70.0
3248.0
5585.0
1572.0
93.0
100.0
51.0
14796.0
1593.0
83.0
1772.0
71.0
2377.0
1503.0
5709.0
165.0
183.0
67.0
22903.0
58.0
81.0
131.0
474.0
1179.0
65.0
4263.0
5158.0
209.0
51.0
14850.0
52.0
66.0
78.0
60.0
151.0
5555.0
14207.0
55.0
63.0
6713.0
57.0
89.0
1735.0
66.0
2918.0
2063.0
1309.0
72.0
236.0
1097.0
8785.0
287.0
143.0
89.0
55.0
11366.0
93.0
99.0
184.0
16359.0
2400.0
325.0
3998.0
15912.0
181.0
962.0
8439.0
64.0
4571.0
54.0
4510.0
52.0
805.0
63.0
57.0
23937.0
54.0
63.0
531.0
53.0
2343.0
67.0
2078.0
134.0
541.0
83.0
642.0
5538.0
540.0
11730.0
90.0
4529.0
1305.0
2849.0
55.0
8160.0
1289.0
1484.0
3973.0
58.0
8749.0
1065.0
2039.0
63.0
244.0
5091.0
168.0
60.0
11299.0
60.0
4982.0
162.0
1965.0
86.0
68.0
62.0
2885.0
4360.0
87.0
1046.0
390.0
118.0
274.0
3942.0
59.0
3741.0
136.0
6915.0
2080.0
3692.0
80.0
5428.0
1832.0
3292.0
1325.0
296.0
75.0
1647.0
96.0
121.0
104.0
1347.0
114.0
2919.0
117.0
85.0
308.0
2672.0
165.0
64.0
773.0
74.0
3794.0
351.0
1342.0
2207.0
58.0
712.0
92.0
11308.0
57.0
121.0
59.0
4294.0
90.0
155.0
1593.0
951.0
3802.0
75.0
754.0
241.0
2763.0
65.0
200.0
3291.0
294.0
53.0
1914.0
75.0
123.0
84.0
15507.0
563.0
7025.0
7342.0
5512.0
5038.0
1858.0
55.0
128.0
7521.0
4912.0
66.0
1570.0
88.0
30194.0
143.0
1495.0
667.0
85.0
2283.0
74.0
64.0
4233.0
4875.0
190.0
107.0
19079.0
254.0
2569.0
83.0
7942.0
58.0
67.0
136.0
6819.0
5275.0
144.0
9480.0
67.0
97.0
1575.0
241.0
7258.0
1185.0
117.0
2079.0
140.0
3755.0
9213.0
131.0
64.0
12074.0
71.0
337.0
344.0
11814.0
249.0
10934.0
84.0
738.0
3402.0
135.0
98.0
4433.0
104.0
110.0
64.0
194.0
20745.0
230.0
58.0
69.0
76.0
416.0
69.0
403.0
237.0
66.0
55.0
23649.0
95.0
63.0
75.0
220.0
4351.0
8725.0
66.0
3817.0
488.0
100.0
220.0
51.0
406.0
66.0
148.0
8965.0
53.0
56.0
97.0
6813.0
60.0
185.0
274.0
59331.0
82.0
142.0
71.0
163.0
316.0
83.0
111.0
679.0
200.0
134.0
17966.0
2820.0
57.0
149.0
755.0
281.0
4192.0
101.0
5560.0
419.0
132.0
3228.0
3982.0
607.0
70.0
64.0
658.0
563.0
275.0
180.0
963.0
56.0
193.0
53.0
163.0
9984.0
814.0
1735.0
1255.0
773.0
333.0
3470.0
5551.0
2409.0
81.0
67.0
10059.0
1862.0
70.0
161.0
1026.0
2619.0
100.0
78.0
3748.0
9815.0
476.0
159.0
12347.0
114.0
54.0
90.0
2254.0
1155.0
564.0
106.0
1065.0
2689.0
428.0
55.0
4295.0
1001.0
102.0
1581.0
3717.0
67.0
463.0
6416.0
58.0
74.0
683.0
83.0
9101.0
55.0
7358.0
206.0
51.0
167.0
67.0
9413.0
3171.0
2595.0
159.0
91.0
16968.0
64.0
143.0
1616.0
56.0
88.0
68.0
2257.0
636.0
908.0
76.0
65.0
156.0
419.0
245.0
3287.0
7589.0
51.0
59.0
2791.0
2663.0
62.0
57.0
187.0
923.0
788.0
1422.0
1143.0
1963.0
121.0
63.0
3785.0
2102.0
50548.0
52.0
2203.0
2378.0
169.0
62.0
171.0
76.0
4929.0
345.0
1169.0
140.0
69.0
3260.0
7236.0
3645.0
118.0
73.0
1244.0
61.0
322.0
296.0
157.0
61.0
163.0
138.0
187.0
98.0
136.0
63029.0
96.0
108.0
101.0
114.0
115.0
139.0
3581.0
994.0
52.0
84.0
2549.0
67.0
843.0
182.0
68.0
65.0
57.0
60.0
69.0
67.0
72.0
796.0
52.0
108.0
199.0
62.0
351.0
1021.0
2616.0
1460.0
12547.0
133.0
8325.0
59.0
89.0
12528.0
2288.0
70.0
66.0
8672.0
302.0
9533.0
1472.0
89.0
1910.0
873.0
75.0
77.0
28533.0
58.0
216.0
58.0
95.0
246.0
57.0
187.0
58.0
30102.0
96.0
141.0
77.0
3481.0
3428.0
2234.0
201.0
67.0
1076.0
54.0
75.0
87.0
5289.0
119.0
1245.0
58.0
99.0
53.0
71.0
2458.0
60.0
73.0
2977.0
59.0
9455.0
1063.0
86.0
81.0
112.0
65.0
62356.0
125.0
203.0
593.0
77.0
4162.0
161.0
54.0
1683.0
1898.0
59.0
114.0
6527.0
1657.0
5716.0
4981.0
3223.0
62.0
54.0
3615.0
326.0
141.0
84.0
95.0
99.0
383.0
1239.0
327.0
11743.0
378.0
243.0
226.0
266.0
124.0
70.0
113.0
72.0
113.0
94.0
96.0
530.0
77.0
117.0
64.0
701.0
830.0
104.0
55.0
72.0
1502.0
57.0
493.0
61.0
1234.0
63.0
610.0
55.0
4453.0
52.0
73.0
13937.0
5804.0
54.0
4900.0
59.0
9195.0
56.0
70.0
6589.0
784.0
110.0
104.0
55.0
47376.0
109.0
76.0
83.0
376.0
509.0
142.0
8366.0
51.0
226.0
196.0
7054.0
535.0
165.0
347.0
2307.0
159.0
75.0
74.0
5045.0
56.0
5009.0
115.0
301.0
61.0
5890.0
98.0
9466.0
2102.0
21950.0
58.0
149.0
230.0
62.0
197.0
92.0
8515.0
67.0
113.0
10623.0
14266.0
81.0
855.0
7237.0
210.0
65.0
639.0
61.0
1997.0
40568.0
452.0
55.0
62.0
6143.0
382.0
14528.0
204.0
387.0
52.0
64.0
62.0
10831.0
52.0
13251.0
12863.0
173.0
60.0
55.0
82.0
292.0
1790.0
57.0
28242.0
74.0
121.0
53.0
111.0
46397.0
64.0
51.0
438.0
1699.0
658.0
276.0
144.0
76.0
82.0
75.0
288.0
931.0
1454.0
81.0
60.0
418.0
64.0
85.0
1556.0
948.0
61.0
96.0
62.0
2552.0
59.0
88.0
359.0
87.0
57.0
5702.0
125.0
51.0
6109.0
147.0
133.0
66.0
1032.0
133.0
93.0
57.0
1796.0
66.0
149.0
51.0
55.0
23848.0
112.0
661.0
657.0
6076.0
372.0
115.0
55.0
4862.0
64.0
613.0
341.0
6856.0
124.0
116.0
10426.0
271.0
125.0
224.0
1887.0
160.0
88.0
4438.0
358.0
612.0
231.0
222.0
72.0
81986.0
195.0
290.0
297.0
107.0
2813.0
1802.0
356.0
63.0
2429.0
235.0
79.0
372.0
10158.0
57.0
53.0
6736.0
366.0
629.0
191.0
181.0
78.0
5311.0
56.0
64.0
2928.0
1334.0
56.0
1334.0
1794.0
130.0
8702.0
71.0
594.0
76.0
775.0
412.0
107.0
136.0
135.0
2212.0
4007.0
218.0
9553.0
61.0
1288.0
5906.0
957.0
1772.0
79.0
4483.0
1254.0
191.0
290.0
111.0
141.0
5278.0
83.0
288.0
61.0
926.0
131.0
12812.0
126.0
58.0
52.0
181.0
231.0
317.0
1985.0
86.0
86.0
480.0
323.0
367.0
128.0
1613.0
5163.0
850.0
89.0
4181.0
191.0
59.0
3349.0
9493.0
1842.0
4347.0
85.0
107.0
54.0
59.0
57.0
55.0
74.0
30937.0
13856.0
3502.0
74.0
569.0
27486.0
99.0
416.0
938.0
68.0
158.0
80.0
70.0
322.0
2999.0
56.0
61.0
537.0
64.0
67.0
96.0
1239.0
5425.0
142.0
349.0
82.0
63.0
56.0
85.0
2083.0
61.0
656.0
55740.0
97.0
210.0
162.0
140.0
5028.0
1081.0
292.0
865.0
132.0
183.0
1969.0
54.0
54.0
87.0
8914.0
598.0
80.0
628.0
117.0
6214.0
63.0
57.0
128.0
119.0
4848.0
174.0
1713.0
59.0
165.0
2912.0
85.0
895.0
221.0
78.0
396.0
6420.0
1465.0
57.0
55.0
4368.0
19610.0
730.0
270.0
70.0
69.0
1320.0
2403.0
594.0
73.0
285.0
2348.0
1112.0
92.0
140.0
173.0
52.0
58.0
98.0
190.0
3473.0
1464.0
156.0
87.0
55.0
16566.0
200.0
68.0
69.0
175.0
127.0
326.0
78.0
603.0
3818.0
104.0
165.0
292.0
73.0
308.0
2761.0
76.0
94.0
64.0
348.0
57.0
94.0
56.0
54.0
6734.0
3405.0
172.0
374.0
163.0
4548.0
22418.0
350.0
57.0
130.0
58.0
125.0
79.0
79.0
23192.0
121.0
111.0
7836.0
65.0
2584.0
63.0
89.0
54.0
109.0
2087.0
512.0
56.0
7620.0
89.0
128.0
8665.0
85.0
55.0
269.0
3378.0
8127.0
104.0
427.0
1469.0
61.0
1191.0
370.0
3384.0
1213.0
265.0
58.0
53.0
9662.0
171.0
67.0
32038.0
60.0
57.0
4978.0
267.0
1782.0
378.0
1441.0
25559.0
349.0
2291.0
284.0
82.0
53.0
347.0
1550.0
127.0
66.0
59.0
74.0
77.0
102.0
252.0
1138.0
58.0
64.0
91858.0
13412.0
69.0
451.0
461.0
6573.0
69.0
193.0
13925.0
2237.0
8876.0
51.0
394.0
869.0
600.0
2314.0
63.0
59.0
80.0
63.0
55.0
112.0
59.0
338.0
51.0
14829.0
9901.0
59.0
1763.0
7664.0
87.0
3924.0
55.0
469.0
12380.0
149.0
336.0
1094.0
295.0
443.0
102.0
90.0
3233.0
63.0
15695.0
1134.0
1605.0
874.0
259.0
114.0
184.0
637.0
1682.0
7398.0
394.0
115.0
87.0
21170.0
106.0
53.0
62.0
184.0
224.0
73.0
338.0
1665.0
105.0
16880.0
111.0
13248.0
756.0
83.0
540.0
7701.0
52.0
367.0
329.0
63.0
98.0
6464.0
2570.0
394.0
5622.0
54.0
122.0
341.0
52.0
59.0
580.0
1269.0
1547.0
489.0
103.0
7818.0
118.0
114.0
63.0
912.0
68.0
67.0
1356.0
53.0
6711.0
6588.0
54.0
61.0
185.0
102.0
7176.0
78.0
10066.0
3088.0
780.0
185.0
14487.0
334.0
93.0
59.0
72.0
65.0
45877.0
87.0
214.0
112.0
379.0
59.0
26152.0
12765.0
64.0
1542.0
4533.0
120.0
62.0
63.0
78.0
57.0
54.0
78.0
72.0
4569.0
270.0
10587.0
192.0
57.0
8014.0
77.0
106.0
106.0
152.0
180.0
72987.0
56.0
7816.0
750.0
2396.0
112.0
87.0
1479.0
51.0
309.0
436.0
82.0
122.0
1076.0
2441.0
2211.0
199.0
4740.0
57.0
8344.0
58.0
2607.0
1663.0
420.0
78.0
2805.0
659.0
55.0
52.0
73.0
70.0
82.0
3279.0
4149.0
2277.0
977.0
76.0
2820.0
180.0
55.0
55.0
62.0
2873.0
94.0
714.0
5180.0
8102.0
83.0
1174.0
3334.0
67.0
1221.0
145.0
63.0
91.0
105.0
26046.0
9157.0
247.0
65.0
14262.0
4350.0
588.0
4221.0
6474.0
81.0
355.0
452.0
1525.0
150.0
351.0
2370.0
74.0
63.0
286.0
65.0
281.0
320.0
847.0
2136.0
77.0
5288.0
208.0
1060.0
200.0
59.0
853.0
2082.0
6077.0
158.0
643.0
61.0
186.0
3504.0
798.0
3169.0
1663.0
54.0
83.0
20644.0
65.0
2791.0
466.0
128.0
96.0
101.0
13165.0
53.0
67.0
51.0
2341.0
5345.0
89.0
2224.0
99.0
36411.0
51.0
8921.0
65.0
84.0
63.0
1148.0
9150.0
68.0
233.0
204.0
1762.0
7932.0
2845.0
55.0
14037.0
84.0
102.0
59.0
84.0
3223.0
51.0
1736.0
205.0
76.0
69162.0
96.0
71.0
330.0
51.0
80.0
7965.0
86.0
46497.0
129.0
91.0
2721.0
6003.0
62.0
583.0
8289.0
96.0
1426.0
4606.0
58.0
24954.0
2530.0
111.0
186.0
267.0
117.0
77.0
2319.0
54.0
369.0
75.0
51.0
90.0
56.0
74.0
83.0
91.0
53.0
51.0
68.0
60.0
7772.0
62.0
7755.0
173.0
245.0
105.0
105.0
150.0
56.0
164.0
153.0
160.0
115.0
67.0
120.0
79.0
11768.0
400.0
4283.0
1532.0
1349.0
122.0
4489.0
13537.0
1358.0
1955.0
89.0
90.0
95.0
55.0
171.0
6882.0
7596.0
53.0
240.0
1072.0
102.0
78.0
5344.0
82.0
74.0
814.0
10654.0
8900.0
460.0
55.0
302.0
83.0
323.0
74.0
6393.0
70.0
55.0
1577.0
72.0
478.0
564.0
230.0
81.0
2966.0
66.0
187.0
658.0
58.0
16847.0
66.0
1435.0
370.0
65.0
67.0
52.0
31574.0
63.0
72.0
129.0
82.0
106.0
55.0
62.0
1313.0
111.0
2522.0
14030.0
107.0
134.0
880.0
424.0
810.0
100.0
93.0
399.0
514.0
385.0
1250.0
115.0
2425.0
1104.0
72.0
234.0
85.0
787.0
1047.0
1192.0
623.0
207.0
146.0
2466.0
17145.0
347.0
1435.0
3248.0
2577.0
104.0
155.0
269.0
66.0
56163.0
113.0
182.0
15777.0
61.0
401.0
93.0
83.0
74.0
66.0
10937.0
72.0
901.0
2729.0
111.0
21473.0
225.0
66.0
93.0
68.0
86.0
51.0
75.0
94.0
82.0
12148.0
70.0
2316.0
79.0
2332.0
489.0
4768.0
55.0
141.0
92.0
68.0
39230.0
70.0
556.0
23656.0
70.0
68.0
79.0
55.0
7732.0
968.0
91.0
51.0
3169.0
4140.0
55.0
5356.0
56.0
21661.0
93.0
69.0
106.0
62.0
82.0
296.0
15492.0
346.0
59.0
10425.0
63.0
9418.0
803.0
1532.0
70.0
1058.0
9688.0
123.0
4383.0
71.0
84.0
52.0
318.0
214.0
784.0
2251.0
1988.0
8414.0
150.0
1352.0
3378.0
1329.0
370.0
263.0
202.0
77.0
186.0
526.0
156.0
142.0
142.0
51.0
56735.0
86.0
94.0
280.0
544.0
1224.0
62.0
7973.0
293.0
3797.0
12376.0
6971.0
3965.0
201.0
132.0
139.0
111.0
52.0
61072.0
226.0
56.0
425.0
204.0
93.0
3212.0
57.0
79.0
92.0
6332.0
279.0
52.0
619.0
98.0
203.0
75.0
1308.0
403.0
177.0
67424.0
184.0
295.0
406.0
195.0
174.0
149.0
333.0
179.0
54.0
505.0
3242.0
805.0
12745.0
88.0
63.0
180.0
13926.0
6166.0
87.0
139.0
10163.0
649.0
4276.0
14996.0
12113.0
54.0
62.0
2481.0
1497.0
5221.0
220.0
100.0
111.0
246.0
5065.0
2245.0
98.0
101.0
323.0
52574.0
96.0
127.0
4240.0
2877.0
3627.0
101.0
1141.0
61.0
2798.0
81.0
2054.0
54.0
928.0
2449.0
5803.0
63.0
62.0
180.0
6728.0
100.0
3853.0
281.0
102.0
80.0
74.0
240.0
1061.0
1970.0
58.0
4358.0
8467.0
207.0
228.0
57.0
9638.0
60.0
84.0
1481.0
508.0
251.0
7653.0
1333.0
222.0
406.0
32809.0
93.0
94.0
4272.0
806.0
78.0
199.0
87.0
1621.0
1408.0
3299.0
195.0
16185.0
64.0
68.0
158.0
74.0
106.0
87.0
3518.0
62.0
13132.0
71.0
93.0
72.0
222.0
963.0
12367.0
55.0
103.0
53.0
69.0
110.0
237.0
54.0
14385.0
57.0
19721.0
116.0
75.0
450.0
131.0
53.0
238.0
4179.0
10038.0
3320.0
397.0
4880.0
5941.0
4253.0
77.0
6705.0
73.0
17422.0
150.0
540.0
158.0
1431.0
4308.0
136.0
4795.0
65.0
51.0
1631.0
351.0
1088.0
87.0
2775.0
752.0
1435.0
51.0
126.0
245.0
532.0
6377.0
1274.0
1055.0
111.0
153.0
57.0
53.0
228.0
14057.0
77.0
5220.0
30336.0
190.0
132.0
112.0
102.0
1969.0
127.0
1725.0
56.0
61.0
105.0
8969.0
82.0
52.0
58.0
1798.0
4542.0
802.0
97.0
118.0
71.0
65.0
101.0
7037.0
62.0
5188.0
212.0
775.0
79.0
612.0
4647.0
71.0
1081.0
237.0
14450.0
2419.0
69.0
221.0
3582.0
8185.0
1630.0
450.0
63.0
173.0
54.0
2153.0
1500.0
8822.0
63.0
872.0
3567.0
70.0
2899.0
22245.0
88.0
536.0
27638.0
53.0
304.0
181.0
93.0
183.0
56.0
738.0
108.0
124.0
82.0
745.0
357.0
170.0
93.0
69.0
61.0
69.0
73.0
187.0
1356.0
137.0
70.0
145.0
64.0
54.0
10772.0
10657.0
2506.0
2018.0
109.0
436.0
9872.0
93.0
4062.0
723.0
59.0
26028.0
118.0
4831.0
58.0
57.0
2888.0
1222.0
3599.0
114.0
5418.0
1238.0
104.0
7427.0
16403.0
86.0
79.0
983.0
58.0
2056.0
68.0
663.0
5174.0
6417.0
52.0
3711.0
393.0
297.0
19512.0
106.0
501.0
3587.0
61.0
73.0
14719.0
86.0
386.0
2854.0
80.0
7566.0
11436.0
54.0
119.0
4857.0
73.0
131.0
1113.0
4814.0
12986.0
3528.0
499.0
70.0
123.0
38145.0
88.0
60.0
5671.0
123.0
246.0
969.0
61.0
175.0
4782.0
307.0
270.0
170.0
53.0
57.0
57.0
65.0
23687.0
96.0
755.0
55.0
5060.0
708.0
85.0
3001.0
74.0
54.0
64.0
149.0
150.0
6585.0
201.0
4817.0
54.0
18019.0
65.0
3612.0
51.0
1607.0
60.0
317.0
253.0
2551.0
1696.0
75.0
6752.0
2818.0
3903.0
63.0
2170.0
635.0
8444.0
329.0
698.0
60.0
191.0
2387.0
65.0
3877.0
1753.0
2176.0
363.0
358.0
160.0
735.0
72.0
64.0
64.0
332.0
59.0
210.0
252.0
136.0
78.0
12038.0
193.0
133.0
10432.0
116.0
1230.0
2595.0
8100.0
1715.0
486.0
6329.0
56.0
66.0
4110.0
147.0
52.0
2330.0
62.0
55.0
59.0
2201.0
230.0
186.0
2230.0
893.0
167.0
4328.0
52.0
1638.0
1788.0
1186.0
3192.0
331.0
5490.0
75.0
3005.0
7691.0
73.0
3498.0
2309.0
100.0
3174.0
112.0
86.0
101.0
102.0
1081.0
62.0
1377.0
320.0
1395.0
16577.0
76.0
199.0
24010.0
757.0
1999.0
1280.0
14002.0
141.0
52.0
612.0
2862.0
725.0
73.0
1740.0
475.0
58.0
6368.0
9112.0
7738.0
147.0
144.0
8871.0
288.0
55.0
3252.0
59.0
2027.0
1362.0
67.0
7523.0
1168.0
52.0
300.0
283.0
70.0
132.0
14927.0
51.0
3160.0
215.0
56.0
58.0
92.0
110.0
396.0
1752.0
125.0
190.0
4130.0
3460.0
89.0
1443.0
75.0
28374.0
53.0
139.0
53.0
131.0
9224.0
19121.0
61.0
133.0
2408.0
79.0
2999.0
1344.0
203.0
3596.0
71.0
532.0
3781.0
26014.0
9509.0
266.0
125.0
