6534
6288
5622
5520
5484
5482
5463
5444
5421
5421
5412
5404
5381
5348
5339
5267
5255
5254
5218
5200
5165
5138
5132
5130
5126
5113
5085
5004
5003
4993
4983
4968
4966
4950
4938
4935
4924
4902
4876
4867
4861
4860
4838
4838
4808
4790
4786
4777
4770
4767
4760
4755
4753
4751
4735
4734
4733
4723
4708
4703
4700
4694
4687
4683
4668
4646
4626
4624
4617
4609
4608
4605
4595
4588
4585
4582
4569
4558
4551
4541
4540
4536
4535
4530
4524
4509
4486
4473
4472
4469
4469
4464
4459
4449
4447
4447
4439
4436
4434
4428
4423
4422
4418
4398
4397
4392
4389
4387
4381
4378
4375
4369
4359
4353
4353
4348
4344
4336
4330
4311
4309
4302
4297
4291
4285
4279
4277
4276
4266
4266
4262
4260
4259
4259
4251
4250
4246
4241
4240
4233
4230
4229
4227
4226
4222
4221
4221
4216
4216
4211
4210
4203
4196
4191
4189
4189
4184
4183
4181
4181
4179
4177
4175
4175
4163
4161
4159
4158
4157
4155
4151
4149
4149
4146
4142
4141
4136
4135
4126
4123
4119
4114
4110
4106
4105
4099
4098
4097
4093
4092
4090
4088
4087
4082
4082
4079
4078
4078
4075
4073
4064
4064
4052
4050
4039
4039
4031
4025
4024
4021
4016
4013
4012
4011
4008
4005
4005
3998
3995
3995
3988
3985
3981
3980
3976
3972
3967
3966
3965
3959
3958
3957
3954
3953
3952
3949
3949
3938
3937
3936
3935
3935
3934
3931
3931
3927
3925
3924
3923
3915
3910
3909
3906
3902
3897
3896
3888
3886
3885
3883
3876
3874
3867
3861
3858
3857
3856
3852
3851
3849
3849
3847
3842
3841
3841
3840
3838
3837
3836
3836
3823
3822
3821
3818
3818
3812
3812
3811
3811
3806
3799
3798
3796
3793
3791
3790
3790
3786
3784
3783
3783
3782
3782
3781
3781
3781
3778
3775
3775
3772
3768
3766
3766
3764
3764
3760
3759
3758
3757
3756
3754
3754
3754
3754
3749
3749
3745
3744
3741
3739
3738
3732
3731
3731
3730
3730
3726
3724
3724
3723
3722
3720
3720
3716
3714
3713
3710
3710
3709
3705
3703
3702
3698
3698
3693
3693
3691
3690
3684
3675
3672
3672
3667
3666
3665
3663
3662
3661
3660
3658
3656
3654
3654
3648
3648
3642
3639
3635
3631
3629
3628
3625
3623
3622
3621
3620
3620
3617
3611
3610
3609
3607
3606
3605
3603
3601
3601
3600
3600
3597
3592
3591
3589
3585
3584
3584
3581
3578
3575
3574
3572
3569
3565
3561
3560
3559
3556
3551
3549
3545
3545
3540
3539
3536
3535
3535
3534
3534
3531
3530
3530
3529
3529
3529
3529
3527
3526
3525
3525
3521
3520
3514
3513
3513
3511
3508
3506
3502
3501
3499
3495
3491
3490
3489
3488
3487
3482
3481
3481
3479
3475
3469
3467
3454
3453
3448
3447
3446
3441
3440
3434
3433
3429
3428
3427
3426
3423
3415
3412
3407
3404
3401
3399
3397
3395
3394
3392
3388
3385
3385
3384
3373
3372
3370
3369
3368
3366
3366
3363
3363
3361
3358
3357
3356
3353
3352
3351
3350
3346
3345
3345
3344
3342
3336
3336
3336
3333
3333
3331
3329
3328
3328
3328
3327
3325
3323
3320
3320
3319
3318
3315
3315
3315
3315
3314
3314
3310
3310
3307
3306
3306
3300
3297
3292
3291
3290
3290
3288
3288
3285
3283
3282
3279
3279
3279
3275
3275
3274
3271
3271
3271
3270
3266
3264
3263
3262
3260
3258
3258
3257
3254
3253
3252
3252
3249
3248
3245
3244
3244
3243
3242
3242
3242
3239
3238
3238
3236
3235
3233
3233
3231
3224
3221
3220
3217
3213
3213
3210
3210
3200
3199
3198
3197
3187
3184
3181
3180
3178
3177
3177
3175
3175
3175
3171
3171
3168
3167
3165
3164
3163
3162
3159
3158
3157
3155
3152
3152
3150
3150
3147
3146
3144
3142
3138
3137
3137
3135
3134
3132
3132
3130
3129
3126
3126
3125
3123
3121
3121
3119
3118
3117
3114
3113
3112
3109
3109
3108
3107
3105
3105
3102
3102
3101
3099
3099
3099
3095
3093
3091
3091
3089
3087
3085
3079
3077
3075
3073
3072
3070
3069
3068
3067
3064
3062
3062
3062
3059
3057
3057
3057
3056
3055
3053
3052
3051
3050
3048
3046
3046
3044
3044
3042
3040
3040
3040
3036
3035
3033
3030
3026
3022
3021
3019
3016
3016
3014
3012
3012
3012
3011
3011
3005
3004
3002
3000
2995
2991
2990
2990
2989
2988
2984
2981
2980
2980
2978
2976
2976
2968
2966
2963
2962
2961
2960
2959
2958
2951
2948
2948
2946
2943
2941
2939
2939
2939
2936
2933
2929
2928
2926
2925
2925
2923
2923
2918
2918
2915
2914
2914
2913
2910
2906
2905
2905
2904
2903
2902
2900
2899
2896
2894
2891
2890
2889
2883
2881
2880
2879
2875
2874
2874
2872
2868
2866
2864
2863
2863
2862
2861
2860
2860
2854
2853
2851
2848
2847
2845
2844
2842
2842
2837
2836
2835
2833
2831
2830
2829
2828
2828
2825
2824
2823
2823
2820
2817
2816
2814
2812
2812
2807
2806
2805
2804
2804
2800
2800
2799
2796
2794
2792
2792
2791
2790
2789
2786
2784
2784
2784
2782
2782
2781
2780
2775
2774
2772
2772
2771
2770
2769
2769
2768
2766
2766
2765
2764
2761
2758
2756
2753
2751
2750
2748
2747
2747
2747
2747
2745
2744
2742
2742
2741
2740
2739
2735
2734
2733
2733
2732
2726
2725
2723
2718
2715
2715
2714
2712
2711
2711
2710
2708
2708
2707
2705
2705
2705
2700
2698
2696
2695
2694
2694
2693
2692
2688
2688
2687
2686
2685
2676
2669
2666
2666
2664
2664
2661
2661
2659
2655
2655
2652
2649
2647
2644
2643
2636
2633
2626
2625
2620
2617
2616
2615
2613
2612
2611
2611
2611
2610
2609
2608
2608
2605
2599
2597
2596
2593
2591
2590
2580
2578
2574
2564
2563
2560
2559
2558
2558
2557
2557
2555
2555
2552
2542
2542
2540
2540
2539
2539
2537
2536
2535
2534
2526
2525
2523
2523
2522
2522
2522
2522
2518
2518
2517
2516
2515
2513
2511
2511
2511
2511
2510
2509
2508
2501
2500
2499
2499
2496
2492
2489
2488
2487
2486
2486
2486
2484
2482
2478
2478
2478
2474
2469
2467
2465
2465
2461
2459
2458
2457
2454
2453
2452
2448
2448
2447
2447
2447
2443
2441
2441
2439
2436
2436
2435
2431
2426
2423
2423
2419
2418
2416
2415
2415
2407
2404
2401
2400
2398
2396
2395
2392
2391
2385
2384
2381
2376
2374
2374
2370
2369
2367
2365
2361
2361
2360
2357
2354
2352
2350
2349
2348
2346
2345
2343
2343
2339
2339
2338
2327
2325
2325
2322
2318
2317
2311
2294
2293
2293
2290
2290
2283
2280
2279
2276
2271
2269
2263
2263
2256
2255
2255
2251
2245
2242
2235
2224
2217
2213
2212
2209
2207
2206
2206
2202
2200
2199
2197
2193
2193
2191
2191
2189
2187
2185
2179
2175
2172
2172
2163
2162
2161
2159
2156
2142
2138
2135
2121
2119
2115
2111
2108
2102
2096
2095
2092
2088
2084
2080
2075
2069
2059
2059
2056
2050
2049
2049
2046
2042
2042
2041
2041
2030
2024
2023
2015
2010
2008
2006
1998
1997
1994
1994
1988
1986
1984
1983
1982
1982
1982
1978
1971
1966
1962
1962
1961
1960
1959
1954
1945
1944
1942
1940
1940
1938
1932
1929
1929
1925
1919
1918
1908
1903
1900
1896
1893
1888
1885
1884
1884
1883
1881
1871
1868
1855
1852
1851
1849
1848
1848
1846
1841
1839
1838
1838
1829
1826
1825
1820
1819
1819
1815
1809
1808
1806
1806
1806
1804
1794
1794
1790
1790
1790
1789
1776
1772
1771
1771
1769
1768
1767
1748
1746
1745
1738
1737
1733
1733
1731
1730
1726
1724
1722
1717
1710
1706
1702
1701
1701
1699
1693
1685
1683
1682
1679
1676
1676
1674
1674
1672
1664
1659
1653
1641
1638
1629
1627
1626
1625
1624
1621
1621
1616
1611
1610
1609
1603
1599
1596
1596
1594
1587
1587
1585
1584
1583
1582
1579
1578
1575
1573
1572
1571
1567
1559
1558
1549
1547
1546
1545
1543
1531
1524
1524
1524
1520
1518
1510
1507
1496
1490
1489
1488
1468
1464
1463
1461
1441
1436
1435
1430
1430
1420
1410
1401
1390
1383
1383
1380
1378
1378
1373
1372
1367
1365
1364
1364
1363
1359
1359
1356
1353
1347
1342
1342
1341
1333
1333
1332
1331
1329
1328
1327
1327
1325
1316
1314
1313
1313
1305
1304
1303
1303
1297
1296
1294
1288
1284
1275
1270
1266
1265
1265
1257
1256
1253
1242
1226
1223
1218
1206
1201
1196
1191
1188
1187
1187
1183
1183
1180
1175
1172
1171
1171
1168
1167
1166
1166
1158
1153
1152
1149
1147
1147
1146
1146
1146
1142
1138
1137
1136
1135
1133
1130
1128
1124
1116
1116
1114
1108
1108
1108
1106
1102
1100
1100
1099
1098
1098
1095
1091
1089
1088
1087
1087
1086
1083
1082
1078
1078
1077
1070
1069
1069
1067
1063
1063
1063
1061
1060
1057
1056
1052
1049
1045
1043
1041
1041
1040
1039
1039
1028
1028
1025
1023
1022
1019
1018
1017
1016
1015
1015
1014
1014
1009
1008
1008
1003
1002
1001
999
998
996
996
996
995
992
991
990
990
985
985
982
982
980
979
977
975
974
972
969
968
966
965
965
964
963
962
958
958
955
955
953
952
950
945
945
944
941
940
935
933
931
928
925
924
923
923
922
921
921
921
921
917
915
914
912
912
911
910
908
906
905
905
904
904
904
903
902
901
901
900
899
899
898
895
895
891
891
890
890
889
889
886
885
884
883
882
882
881
880
879
879
877
876
875
875
873
871
869
869
868
867
866
864
864
863
863
862
861
860
860
860
859
859
859
857
856
854
854
853
853
852
850
849
849
847
847
847
846
845
844
844
843
840
839
837
837
837
836
836
835
835
835
835
834
833
832
832
832
831
829
829
829
829
827
827
826
826
826
825
825
825
825
823
823
822
822
821
820
819
818
817
817
817
816
816
815
814
814
812
812
812
811
810
809
808
808
806
805
805
805
805
803
802
802
802
801
800
799
799
799
798
797
796
796
796
795
794
794
794
794
794
794
790
789
789
788
788
788
788
788
786
786
785
785
784
784
781
781
780
779
779
778
778
778
777
777
777
776
775
774
774
774
774
773
773
772
770
770
769
769
769
769
769
769
768
767
766
765
765
763
763
762
761
761
760
759
759
758
758
758
757
757
756
753
753
752
752
751
751
750
750
750
750
749
749
749
748
747
747
747
746
746
746
746
745
745
744
744
744
743
742
742
742
742
741
741
741
740
740
739
739
739
738
737
737
737
737
737
735
735
735
735
733
733
733
733
732
732
732
732
731
730
729
729
729
729
728
728
727
727
727
727
726
726
726
725
725
725
724
724
724
723
723
723
723
722
722
722
722
722
722
722
722
721
721
721
720
720
720
720
718
718
717
717
716
716
716
716
716
715
715
715
714
713
713
713
713
713
712
712
712
712
711
711
711
711
711
711
710
710
710
709
709
709
709
708
708
708
708
708
708
708
708
708
707
707
707
706
706
706
706
706
706
705
705
704
704
704
704
704
703
703
703
703
702
702
702
702
702
701
701
701
700
700
700
700
700
700
700
700
699
699
698
698
698
698
698
698
698
698
697
697
697
697
697
697
697
696
696
696
695
695
695
695
695
695
695
695
695
694
694
694
694
693
693
692
692
692
692
691
690
690
690
689
689
688
688
688
688
688
687
687
686
686
686
685
684
684
683
682
682
682
682
682
682
682
682
681
681
681
681
681
681
680
680
680
680
679
679
679
679
679
679
678
678
678
677
677
677
677
677
677
677
676
676
676
676
675
675
675
674
673
673
673
673
673
673
672
672
671
671
671
671
671
671
671
671
670
670
670
670
670
670
669
669
669
669
669
669
668
668
667
667
667
667
667
666
666
666
666
666
665
665
665
665
665
664
664
664
664
664
664
664
664
663
663
663
662
662
662
662
662
661
661
660
660
660
660
660
660
659
659
659
659
659
659
659
659
658
658
658
657
657
657
657
657
657
657
656
656
656
656
656
656
655
655
655
655
655
655
654
654
654
653
653
653
653
653
653
653
652
652
652
651
651
651
651
651
651
651
650
649
649
649
649
649
649
648
648
648
648
648
647
647
647
647
646
646
646
645
645
645
645
645
645
644
644
644
644
644
643
643
643
643
642
642
642
642
642
641
641
641
641
641
641
641
640
640
640
640
640
640
640
640
640
640
640
640
639
639
639
639
639
639
638
638
638
638
638
638
638
637
637
637
637
637
637
637
637
637
636
636
636
636
636
634
634
634
634
634
634
634
634
633
633
633
632
632
632
632
632
632
632
632
631
631
631
631
630
630
630
630
630
629
629
629
629
629
629
628
628
628
628
628
628
628
628
628
628
628
628
627
627
627
627
627
626
626
626
626
626
626
626
625
625
625
625
625
625
625
625
625
625
624
624
624
624
623
622
622
622
622
622
621
621
621
621
621
621
621
621
620
620
620
620
620
620
620
620
620
620
619
619
619
619
619
619
619
618
618
618
618
618
618
617
617
617
617
617
616
616
616
616
616
616
616
615
615
615
615
615
615
615
614
614
614
614
614
614
614
613
613
613
613
613
613
613
613
613
612
612
612
612
612
612
612
611
611
611
611
611
611
610
610
610
610
610
610
610
610
610
609
609
609
609
609
609
609
608
608
608
608
608
608
607
607
607
607
607
607
607
607
607
607
607
607
606
606
606
606
606
606
605
605
605
605
605
605
605
605
605
604
604
604
603
603
603
603
603
603
603
603
603
603
603
603
602
602
602
602
602
602
602
602
602
602
602
602
602
601
601
601
601
601
601
601
601
600
600
600
600
600
600
600
600
600
599
599
599
599
599
599
599
598
598
598
598
598
598
598
597
597
597
597
597
597
597
596
596
596
594
592
592
591
589
586
583
581
581
580
578
574
571
571
562
555
552
541
537
530
529
529
527
520
519
514
512
510
509
509
509
508
507
495
492
485
482
479
478
476
476
476
476
476
476
476
473
470
469
465
464
464
463
460
457
456
451
451
451
448
445
443
440
440
434
434
430
421
417
417
413
411
404
403
402
401
399
397
395
391
379
370
369
369
364
357
348
345
338
335
334
330
310
308
308
307
307
307
307
306
306
303
301
300
300
298
297
293
290
288
285
272
272
255
254
254
248
243
230
228
228
224
221
215
213
206
185
181
172
166
166
166
165
163
163
159
149
143
136
134
134
134
131
