9354
8280
8220
7457
7311
7170
7143
7133
7098
7070
7034
7027
6983
6981
6981
6949
6898
6780
6722
6721
6716
6657
6574
6569
6559
6526
6514
6496
6487
6430
6417
6412
6411
6381
6359
6325
6325
6314
6308
6294
6294
6291
6290
6287
6282
6274
6265
6246
6244
6233
6217
6208
6191
6187
6181
6179
6171
6159
6159
6158
6149
6128
6127
6123
6123
6117
6093
6088
6088
6085
6078
6077
6069
6069
6065
6057
6042
6041
6041
6039
6036
6034
6034
6032
6032
6032
6032
6026
6025
6024
6016
6014
6012
6002
5992
5991
5991
5976
5974
5969
5967
5965
5953
5953
5943
5941
5939
5938
5937
5929
5928
5922
5913
5907
5903
5899
5899
5897
5896
5893
5893
5891
5891
5890
5890
5887
5880
5880
5878
5873
5872
5870
5867
5866
5864
5861
5856
5845
5844
5842
5839
5829
5828
5827
5827
5825
5823
5822
5818
5817
5814
5806
5805
5804
5798
5797
5796
5796
5794
5793
5792
5785
5782
5781
5774
5770
5767
5765
5764
5756
5756
5756
5753
5748
5741
5741
5738
5737
5733
5729
5724
5722
5719
5718
5718
5717
5710
5709
5707
5705
5704
5697
5695
5691
5690
5684
5677
5676
5675
5675
5672
5672
5669
5669
5668
5666
5661
5659
5658
5657
5656
5646
5636
5634
5633
5633
5630
5629
5625
5624
5623
5623
5619
5611
5603
5598
5598
5595
5594
5588
5588
5584
5582
5578
5564
5563
5560
5560
5559
5558
5547
5543
5542
5541
5538
5536
5536
5530
5530
5527
5526
5525
5525
5524
5524
5523
5523
5521
5521
5517
5517
5515
5515
5514
5512
5510
5509
5509
5508
5504
5500
5497
5496
5493
5484
5482
5478
5476
5475
5473
5472
5471
5469
5466
5465
5462
5456
5455
5454
5453
5452
5450
5448
5442
5440
5439
5438
5433
5432
5431
5430
5425
5423
5419
5418
5415
5411
5406
5403
5401
5397
5397
5396
5395
5394
5394
5391
5387
5386
5384
5377
5376
5376
5374
5370
5369
5367
5365
5364
5362
5361
5358
5353
5353
5350
5349
5347
5347
5346
5346
5341
5340
5340
5337
5337
5337
5335
5333
5330
5320
5318
5314
5312
5311
5309
5308
5308
5307
5303
5301
5299
5297
5294
5293
5292
5290
5289
5288
5287
5287
5285
5284
5283
5281
5281
5278
5278
5278
5273
5272
5271
5269
5267
5266
5265
5262
5257
5254
5253
5252
5252
5251
5250
5248
5246
5245
5244
5243
5243
5242
5241
5240
5239
5238
5237
5235
5234
5234
5230
5229
5229
5226
5226
5223
5222
5219
5218
5217
5214
5213
5212
5210
5207
5206
5204
5202
5202
5200
5199
5199
5198
5198
5198
5194
5193
5193
5192
5191
5190
5189
5187
5186
5184
5184
5182
5181
5179
5179
5177
5177
5177
5176
5175
5172
5171
5166
5164
5163
5162
5162
5161
5160
5158
5158
5157
5156
5155
5155
5154
5153
5150
5149
5148
5142
5141
5140
5139
5138
5137
5137
5136
5135
5132
5131
5130
5129
5127
5125
5125
5124
5123
5123
5123
5122
5122
5121
5121
5120
5119
5117
5114
5112
5112
5111
5111
5110
5109
5108
5106
5105
5100
5100
5100
5098
5097
5094
5093
5091
5090
5089
5089
5089
5084
5082
5080
5080
5078
5077
5076
5074
5073
5073
5070
5067
5067
5067
5067
5064
5062
5059
5058
5057
5056
5051
5049
5048
5048
5047
5046
5037
5036
5035
5032
5029
5027
5026
5025
5025
5025
5024
5023
5023
5023
5022
5022
5021
5021
5019
5019
5018
5015
5015
5015
5014
5014
5013
5012
5011
5010
5009
5009
5008
5008
5007
5007
5005
5004
5003
5002
5001
5001
5000
4998
4996
4995
4994
4993
4993
4991
4991
4991
4989
4988
4987
4987
4986
4985
4981
4979
4974
4974
4971
4970
4970
4968
4968
4967
4966
4965
4964
4964
4960
4959
4958
4954
4953
4952
4952
4951
4951
4951
4951
4948
4946
4946
4945
4944
4943
4942
4936
4935
4933
4932
4931
4931
4929
4928
4927
4927
4926
4925
4924
4922
4922
4919
4919
4918
4918
4918
4917
4917
4916
4914
4913
4912
4909
4909
4907
4906
4906
4905
4903
4901
4901
4901
4901
4900
4900
4898
4895
4895
4894
4894
4893
4892
4892
4891
4888
4886
4884
4883
4882
4880
4880
4878
4877
4876
4875
4873
4871
4871
4870
4870
4869
4869
4867
4865
4865
4864
4860
4860
4858
4858
4855
4855
4854
4853
4853
4850
4850
4850
4849
4845
4845
4844
4844
4844
4843
4842
4842
4840
4840
4839
4838
4838
4836
4835
4834
4834
4833
4832
4831
4831
4830
4828
4828
4828
4827
4825
4824
4823
4821
4821
4817
4817
4815
4815
4813
4812
4811
4811
4810
4810
4809
4808
4807
4807
4805
4805
4805
4804
4804
4803
4803
4803
4801
4801
4799
4799
4798
4795
4795
4795
4794
4793
4793
4792
4790
4790
4786
4786
4784
4784
4784
4782
4781
4778
4778
4778
4776
4776
4774
4773
4772
4772
4768
4768
4765
4765
4762
4762
4761
4760
4760
4759
4759
4759
4759
4757
4755
4755
4753
4753
4752
4750
4749
4749
4747
4744
4744
4743
4743
4739
4736
4730
4730
4729
4729
4729
4728
4728
4727
4727
4725
4721
4719
4719
4718
4718
4717
4717
4716
4716
4716
4713
4712
4712
4710
4710
4710
4709
4709
4708
4706
4705
4702
4701
4701
4699
4698
4698
4698
4697
4697
4696
4696
4695
4695
4695
4694
4694
4691
4691
4690
4690
4690
4688
4688
4686
4685
4683
4683
4682
4682
4682
4678
4676
4676
4676
4676
4675
4675
4674
4673
4671
4670
4670
4669
4669
4668
4667
4665
4664
4663
4662
4662
4662
4659
4658
4658
4657
4657
4656
4655
4655
4655
4654
4654
4653
4651
4651
4648
4646
4646
4646
4645
4645
4644
4643
4642
4642
4642
4641
4640
4638
4638
4638
4633
4632
4632
4632
4632
4631
4631
4631
4630
4629
4629
4628
4628
4627
4627
4624
4623
4621
4621
4619
4618
4618
4616
4616
4615
4614
4609
4609
4603
4603
4603
4602
4602
4600
4599
4599
4598
4598
4596
4591
4585
4584
4583
4583
4582
4580
4579
4579
4579
4579
4579
4578
4577
4577
4576
4575
4575
4570
4570
4570
4569
4568
4565
4565
4563
4563
4562
4561
4561
4560
4559
4558
4558
4558
4557
4555
4555
4555
4554
4549
4549
4549
4548
4547
4547
4544
4543
4543
4541
4541
4540
4539
4538
4537
4536
4536
4533
4531
4530
4530
4529
4529
4528
4528
4528
4526
4526
4526
4524
4524
4522
4521
4520
4520
4519
4519
4518
4517
4517
4517
4517
4517
4517
4516
4514
4514
4513
4513
4511
4510
4509
4508
4508
4507
4506
4506
4502
4502
4502
4501
4501
4499
4498
4497
4497
4497
4496
4495
4495
4495
4493
4493
4489
4489
4486
4485
4485
4485
4484
4482
4479
4479
4479
4478
4475
4474
4472
4472
4470
4470
4470
4468
4468
4468
4468
4467
4466
4466
4466
4464
4464
4463
4462
4462
4461
4460
4460
4459
4459
4458
4457
4453
4451
4450
4449
4449
4448
4446
4446
4446
4444
4444
4443
4442
4441
4441
4440
4439
4438
4436
4435
4435
4434
4434
4433
4431
4431
4430
4430
4429
4428
4428
4427
4426
4425
4424
4423
4422
4420
4418
4418
4418
4417
4415
4415
4414
4414
4414
4414
4413
4410
4410
4410
4409
4408
4407
4407
4406
4405
4404
4403
4401
4400
4400
4400
4399
4396
4393
4392
4392
4391
4391
4390
4389
4388
4387
4386
4384
4382
4380
4378
4378
4378
4377
4375
4375
4374
4373
4372
4371
4371
4370
4369
4369
4368
4368
4367
4367
4367
4367
4367
4362
4362
4362
4362
4361
4359
4359
4359
4359
4358
4358
4358
4354
4353
4352
4352
4352
4352
4351
4351
4350
4349
4348
4348
4348
4347
4347
4345
4345
4344
4344
4339
4338
4338
4336
4333
4333
4332
4330
4330
4330
4330
4329
4329
4328
4328
4328
4327
4327
4327
4326
4325
4325
4319
4318
4318
4317
4316
4316
4315
4315
4315
4314
4314
4314
4312
4312
4310
4308
4307
4307
4305
4305
4304
4302
4302
4301
4301
4299
4298
4298
4296
4295
4295
4295
4295
4294
4294
4294
4293
4293
4293
4291
4290
4290
4289
4289
4289
4287
4287
4286
4286
4286
4285
4285
4285
4284
4284
4282
4282
4281
4279
4277
4275
4275
4272
4270
4269
4268
4266
4264
4263
4262
4258
4257
4256
4254
4254
4253
4253
4253
4252
4252
4251
4251
4249
4249
4249
4249
4248
4246
4246
4245
4245
4244
4244
4244
4241
4239
4237
4237
4237
4236
4233
4232
4232
4232
4229
4229
4229
4227
4227
4227
4225
4225
4224
4222
4222
4221
4220
4220
4220
4218
4217
4216
4216
4215
4215
4214
4214
4214
4213
4213
4213
4209
4208
4207
4207
4206
4205
4204
4203
4203
4203
4201
4201
4200
4198
4196
4195
4195
4192
4192
4190
4190
4189
4189
4188
4188
4186
4185
4184
4183
4183
4182
4182
4181
4181
4180
4179
4178
4177
4177
4177
4177
4177
4176
4175
4174
4173
4172
4170
4168
4168
4168
4168
4167
4166
4166
4165
4165
4164
4163
4163
4161
4160
4159
4158
4158
4157
4157
4156
4153
4153
4153
4151
4150
4150
4149
4149
4146
4146
4146
4144
4143
4141
4140
4139
4139
4138
4136
4135
4135
4135
4134
4134
4134
4134
4132
4132
4132
4132
4131
4130
4126
4126
4125
4125
4125
4125
4124
4124
4123
4123
4122
4120
4120
4119
4119
4119
4118
4118
4115
4114
4113
4112
4110
4109
4108
4108
4106
4104
4102
4102
4099
4099
4098
4097
4095
4095
4094
4094
4093
4093
4092
4092
4092
4091
4089
4089
4088
4087
4087
4085
4085
4085
4084
4083
4082
4082
4081
4081
4080
4079
4079
4078
4075
4075
4074
4074
4072
4071
4071
4071
4071
4070
4070
4070
4070
4069
4068
4068
4067
4064
4064
4064
4064
4062
4062
4060
4060
4060
4060
4057
4056
4056
4055
4051
4051
4051
4051
4050
4049
4048
4047
4047
4047
4046
4046
4046
4044
4044
4044
4043
4043
4043
4041
4041
4040
4040
4040
4040
4038
4036
4036
4035
4035
4035
4034
4033
4033
4032
4031
4030
4029
4028
4028
4027
4026
4025
4024
4023
4023
4022
4021
4021
4021
4020
4019
4019
4018
4015
4014
4014
4014
4014
4012
4010
4009
4008
4008
4008
4006
4005
4005
4005
4004
4004
4003
4003
4002
4002
4001
3998
3997
3997
3996
3995
3993
3992
3992
3992
3991
3990
3990
3988
3988
3988
3988
3986
3986
3986
3984
3983
3983
3982
3982
3979
3977
3977
3976
3975
3975
3974
3972
3972
3972
3971
3970
3970
3969
3968
3968
3968
3967
3966
3966
3965
3962
3961
3960
3959
3958
3957
3956
3955
3954
3954
3951
3950
3950
3949
3949
3949
3949
3947
3946
3946
3944
3943
3943
3942
3941
3941
3940
3940
3938
3938
3937
3935
3935
3933
3933
3932
3932
3931
3930
3930
3929
3929
3928
3928
3927
3927
3926
3925
3925
3924
3922
3919
3919
3919
3919
3916
3916
3915
3910
3909
3909
3905
3905
3905
3900
3900
3898
3898
3898
3897
3897
3893
3893
3893
3892
3892
3891
3891
3890
3888
3884
3884
3884
3882
3882
3881
3881
3880
3879
3879
3878
3877
3877
3877
3876
3873
3872
3871
3868
3868
3866
3865
3865
3865
3865
3864
3864
3863
3863
3863
3861
3860
3860
3860
3860
3859
3858
3858
3857
3857
3856
3855
3855
3855
3854
3853
3852
3851
3850
3850
3850
3850
3849
3848
3846
3845
3844
3844
3842
3840
3840
3839
3838
3837
3837
3835
3835
3834
3833
3832
3832
3831
3831
3831
3830
3828
3828
3823
3823
3821
3819
3818
3817
3817
3817
3816
3816
3815
3815
3813
3810
3808
3808
3806
3804
3804
3803
3802
3802
3802
3802
3801
3801
3800
3799
3799
3799
3799
3797
3797
3796
3795
3794
3791
3791
3788
3788
3785
3785
3785
3784
3784
3783
3782
3781
3780
3778
3777
3776
3775
3775
3774
3771
3770
3769
3768
3766
3765
3765
3764
3764
3762
3761
3761
3760
3759
3759
3758
3756
3755
3753
3753
3752
3751
3751
3751
3749
3749
3748
3747
3747
3746
3746
3746
3746
3746
3743
3743
3743
3741
3741
3740
3740
3740
3739
3737
3736
3734
3731
3731
3730
3729
3727
3727
3727
3726
3726
3725
3724
3724
3724
3723
3722
3721
3721
3720
3720
3720
3718
3718
3717
3717
3717
3715
3713
3713
3709
3709
3706
3705
3705
3703
3703
3703
3702
3701
3701
3700
3700
3699
3697
3697
3696
3695
3695
3695
3694
3694
3691
3690
3688
3688
3688
3687
3687
3686
3684
3684
3683
3682
3682
3681
3680
3680
3679
3677
3677
3677
3676
3676
3674
3672
3671
3671
3671
3670
3670
3667
3665
3665
3663
3663
3663
3661
3661
3661
3661
3659
3659
3657
3656
3653
3653
3651
3650
3649
3649
3647
3647
3647
3645
3643
3642
3642
3641
3640
3640
3639
3639
3634
3634
3633
3632
3631
3630
3630
3628
3628
3628
3627
3626
3625
3625
3624
3624
3623
3621
3620
3620
3620
3619
3618
3618
3617
3616
3612
3610
3609
3609
3608
3607
3607
3607
3605
3605
3605
3604
3604
3604
3604
3602
3601
3601
3601
3600
3600
3599
3594
3594
3592
3592
3592
3591
3590
3590
3589
3589
3588
3586
3586
3586
3585
3585
3585
3585
3584
3582
3582
3582
3580
3580
3579
3579
3578
3578
3577
3576
3576
3576
3575
3575
3575
3575
3574
3573
3573
3572
3571
3570
3568
3567
3563
3563
3563
3563
3562
3562
3561
3560
3558
3556
3555
3554
3554
3554
3552
3552
3551
3551
3551
3550
3550
3550
3549
3549
3548
3548
3546
3546
3544
3544
3543
3543
3542
3542
3541
3540
3539
3539
3537
3535
3534
3534
3533
3533
3533
3531
3531
3530
3529
3529
3528
3528
3525
3523
3522
3522
3521
3519
3519
3518
3518
3517
3517
3517
3517
3516
3516
3515
3514
3513
3513
3511
3510
3509
3509
3509
3507
3506
3506
3505
3504
3502
3502
3499
3499
3499
3497
3497
3497
3497
3497
3496
3495
3494
3494
3493
3492
3490
3490
3490
3488
3488
3487
3487
3485
3485
3485
3484
3482
3481
3479
3477
3477
3476
3476
3475
3474
3473
3472
3470
3470
3470
3469
3468
3467
3467
3466
3466
3465
3465
3465
3463
3459
3458
3458
3458
3458
3456
3455
3455
3455
3454
3454
3452
3452
3451
3450
3450
3450
3450
3449
3448
3447
3447
3446
3446
3445
3444
3444
3444
3444
3442
3440
3439
3436
3436
3435
3435
3435
3433
3431
3430
3430
3429
3428
3427
3426
3425
3425
3425
3424
3422
3422
3420
3420
3420
3419
3418
3418
3415
3414
3413
3413
3412
3411
3410
3409
3409
3408
3407
3404
3404
3403
3401
3399
3399
3398
3398
3397
3395
3395
3394
3393
3392
3390
3390
3390
3389
3388
3388
3388
3388
3387
3387
3386
3386
3386
3384
3383
3383
3382
3382
3380
3379
3378
3377
3374
3374
3373
3373
3372
3371
3365
3365
3363
3361
3360
3359
3359
3353
3353
3351
3351
3350
3349
3348
3348
3348
3347
3346
3345
3345
3343
3343
3343
3342
3341
3341
3340
3340
3338
3338
3338
3336
3335
3334
3334
3333
3333
3332
3332
3332
3331
3331
3331
3331
3330
3329
3327
3327
3327
3326
3325
3324
3324
3324
3323
3322
3321
3321
3319
3317
3317
3316
3315
3314
3312
3310
3309
3308
3307
3305
3302
3302
3301
3300
3300
3299
3299
3294
3294
3293
3293
3293
3293
3293
3292
3289
3286
3285
3284
3281
3280
3278
3277
3277
3277
3276
3275
3274
3274
3273
3270
3268
3264
3264
3262
3261
3261
3261
3260
3259
3258
3258
3255
3254
3254
3254
3253
3251
3249
3248
3246
3245
3245
3244
3244
3243
3243
3242
3241
3240
3239
3239
3239
3236
3235
3233
3232
3232
3230
3230
3229
3228
3227
3224
3222
3222
3220
3220
3219
3218
3218
3216
3215
3213
3213
3212
3212
3210
3209
3209
3207
3204
3203
3202
3201
3201
3199
3197
3196
3195
3194
3192
3191
3190
3187
3187
3186
3185
3185
3185
3183
3182
3181
3180
3180
3178
3178
3178
3178
3178
3177
3174
3174
3171
3169
3168
3167
3166
3164
3163
3163
3163
3162
3162
3161
3160
3160
3156
3156
3155
3155
3154
3152
3151
3151
3150
3148
3148
3148
3146
3146
3145
3144
3142
3142
3142
3141
3141
3141
3140
3140
3139
3138
3138
3138
3136
3136
3136
3135
3131
3129
3129
3127
3125
3125
3123
3122
3122
3121
3120
3118
3115
3112
3109
3109
3109
3108
3108
3108
3107
3107
3107
3106
3106
3105
3103
3103
3102
3102
3102
3101
3099
3097
3097
3096
3096
3096
3096
3091
3091
3091
3091
3089
3088
3088
3087
3085
3085
3084
3083
3083
3083
3082
3081
3081
3081
3081
3080
3080
3079
3076
3074
3074
3073
3072
3071
3071
3070
3068
3066
3066
3065
3065
3065
3063
3063
3061
3061
3060
3057
3057
3057
3056
3055
3055
3054
3054
3049
3049
3049
3048
3048
3048
3047
3045
3044
3042
3042
3042
3041
3037
3034
3034
3031
3029
3029
3026
3026
3026
3025
3025
3024
3023
3023
3022
3022
3021
3020
3020
3019
3018
3018
3018
3017
3017
3016
3015
3014
3014
3013
3012
3011
3011
3010
3009
3009
3007
3007
3006
3005
3005
3004
3003
3002
3002
3001
2999
2999
2998
2995
2994
2994
2994
2991
2991
2990
2990
2989
2987
2987
2985
2984
2984
2983
2979
2978
2978
2978
2977
2977
2976
2976
2975
2975
2975
2963
2963
2963
2963
2961
2959
2959
2959
2957
2956
2956
2951
2951
2948
2945
2945
2943
2941
2940
2940
2937
2935
2935
2934
2933
2933
2932
2929
2929
2929
2929
2929
2928
2928
2927
2926
2926
2926
2926
2925
2924
2924
2924
2922
2921
2918
2916
2916
2915
2915
2914
2913
2913
2912
2912
2912
2910
2908
2906
2906
2906
2905
2904
2903
2903
2902
2900
2900
2899
2899
2896
2895
2894
2892
2891
2891
2890
2889
2888
2886
2886
2886
2883
2882
2881
2881
2880
2879
2879
2878
2878
2878
2877
2877
2877
2877
2872
2870
2869
2867
2866
2866
2865
2864
2863
2861
2861
2860
2860
2859
2859
2859
2858
2857
2856
2855
2854
2851
2849
2849
2848
2846
2846
2843
2842
2842
2842
2840
2839
2838
2835
2835
2834
2831
2831
2830
2828
2828
2826
2826
2826
2825
2824
2824
2824
2823
2822
2822
2821
2820
2818
2814
2812
2812
2810
2809
2807
2806
2806
2805
2805
2805
2804
2804
2803
2803
2803
2801
2801
2800
2800
2800
2799
2796
2795
2793
2792
2792
2792
2790
2786
2785
2785
2785
2784
2782
2781
2780
2778
2778
2777
2777
2776
2775
2775
2775
2774
2773
2772
2771
2770
2769
2765
2765
2764
2763
2762
2761
2760
2759
2759
2758
2757
2756
2755
2754
2752
2750
2750
2748
2748
2747
2747
2746
2746
2742
2741
2740
2738
2738
2737
2736
2736
2733
2732
2731
2731
2731
2729
2728
2728
2728
2726
2726
2726
2725
2725
2725
2725
2725
2723
2723
2720
2720
2720
2720
2718
2718
2718
2718
2718
2718
2716
2715
2715
2713
2712
2712
2710
2710
2710
2710
2709
2708
2706
2703
2703
2702
2701
2701
2701
2697
2697
2697
2696
2696
2696
2695
2693
2693
2692
2690
2690
2688
2688
2686
2686
2685
2683
2682
2681
2680
2679
2678
2676
2676
2676
2674
2673
2673
2672
2671
2670
2670
2668
2667
2666
2665
2665
2664
2662
2662
2660
2660
2659
2658
2657
2656
2655
2654
2653
2651
2650
2648
2647
2646
2646
2645
2645
2643
2643
2643
2641
2641
2640
2640
2640
2639
2637
2635
2633
2633
2631
2631
2629
2628
2626
2626
2626
2625
2622
2620
2619
2616
2615
2614
2611
2611
2609
2608
2608
2607
2605
2604
2604
2604
2603
2603
2603
2602
2602
2602
2602
2599
2599
2596
2592
2591
2590
2590
2589
2587
2587
2585
2585
2584
2583
2582
2578
2578
2576
2576
2575
2574
2574
2573
2573
2572
2571
2568
2566
2566
2566
2566
2565
2565
2564
2559
2559
2558
2558
2557
2556
2555
2554
2554
2554
2553
2553
2553
2551
2551
2551
2551
2551
2550
2549
2549
2546
2545
2544
2543
2541
2540
2540
2540
2540
2539
2537
2533
2533
2533
2533
2533
2531
2529
2528
2526
2525
2525
2523
2523
2522
2522
2519
2519
2519
2518
2518
2518
2516
2516
2515
2514
2514
2512
2512
2512
2510
2509
2509
2508
2506
2506
2503
2502
2501
2501
2501
2500
2499
2497
2496
2495
2494
2494
2493
2493
2493
2492
2492
2491
2490
2486
2485
2484
2484
2484
2483
2483
2482
2482
2481
2480
2477
2475
2474
2473
2473
2473
2471
2467
2467
2466
2466
2465
2464
2464
2461
2461
2460
2458
2458
2457
2457
2454
2454
2454
2454
2453
2452
2451
2451
2451
2450
2449
2449
2448
2447
2446
2446
2446
2444
2442
2442
2441
2440
2437
2436
2436
2436
2435
2434
2434
2433
2432
2431
2430
2430
2430
2429
2428
2425
2425
2424
2424
2423
2423
2422
2422
2421
2420
2420
2420
2417
2416
2416
2416
2416
2415
2415
2414
2414
2413
2412
2411
2411
2411
2410
2408
2406
2403
2403
2402
2400
2399
2396
2396
2395
2395
2394
2393
2393
2392
2391
2389
2389
2386
2386
2386
2383
2383
2382
2381
2381
2380
2380
2379
2377
2377
2376
2374
2372
2370
2369
2369
2368
2365
2365
2362
2361
2360
2358
2358
2357
2357
2356
2356
2356
2355
2355
2354
2352
2352
2351
2350
2350
2349
2348
2347
2345
2343
2343
2342
2341
2341
2341
2340
2340
2340
2339
2337
2337
2336
2336
2335
2334
2331
2330
2330
2330
2330
2330
2329
2329
2326
2325
2324
2324
2324
2323
2323
2323
2323
2323
2322
2321
2320
2318
2318
2315
2314
2313
2312
2312
2312
2312
2311
2310
2307
2306
2305
2303
2302
2302
2302
2302
2301
2301
2300
2300
2299
2299
2299
2297
2296
2296
2296
2295
2295
2295
2294
2292
2291
2290
2290
2289
2287
2286
2286
2285
2285
2284
2283
2281
2281
2280
2280
2280
2279
2279
2278
2276
2276
2272
2271
2270
2270
2268
2267
2264
2264
2263
2262
2262
2261
2261
2260
2259
2258
2258
2258
2258
2257
2257
2255
2253
2253
2252
2252
2251
2250
2250
2248
2248
2244
2244
2244
2243
2241
2241
2241
2241
2239
2238
2235
2235
2235
2233
2230
2230
2230
2229
2227
2227
2227
2226
2226
2225
2225
2223
2222
2221
2221
2220
2220
2220
2219
2217
2217
2217
2215
2214
2213
2213
2213
2212
2212
2212
2211
2210
2210
2210
2210
2210
2207
2207
2204
2203
2202
2202
2202
2201
2199
2198
2198
2197
2197
2196
2195
2194
2194
2194
2193
2192
2192
2191
2190
2188
2186
2186
2185
2185
2185
2185
2185
2185
2184
2183
2183
2183
2183
2182
2181
2179
2177
2177
2176
2176
2173
2173
2173
2172
2171
2170
2170
2168
2168
2167
2164
2162
2162
2161
2160
2159
2158
2158
2157
2156
2155
2152
2152
2151
2150
2148
2148
2147
2145
2145
2144
2142
2141
2140
2137
2137
2136
2135
2134
2134
2133
2132
2132
2131
2130
2130
2124
2122
2121
2120
2119
2118
2117
2116
2115
2112
2110
2109
2108
2107
2105
2105
2104
2102
2102
2102
2101
2101
2098
2098
2097
2097
2097
2095
2094
2094
2093
2092
2084
2084
2084
2083
2083
2082
2081
2081
2081
2080
2079
2079
2078
2077
2077
2076
2075
2074
2073
2073
2073
2070
2069
2068
2067
2066
2065
2065
2064
2063
2063
2063
2063
2063
2062
2062
2061
2059
2057
2055
2055
2055
2055
2053
2053
2052
2051
2051
2051
2051
2050
2048
2048
2047
2047
2046
2046
2044
2043
2043
2042
2040
2040
2040
2040
2039
2037
2034
2034
2030
2029
2028
2027
2027
2026
2026
2025
2024
2024
2024
2022
2021
2021
2020
2020
2020
2019
2019
2019
2019
2018
2016
2014
2013
2013
2012
2011
2010
2010
2010
2008
2008
2006
2006
2005
2004
2003
2002
2002
2001
2000
2000
1999
1999
1998
1998
1996
1995
1995
1993
1993
1993
1993
1991
1991
1988
1988
1987
1986
1984
1984
1984
1984
1983
1982
1982
1980
1980
1979
1977
1976
1975
1974
1974
1973
1973
1973
1972
1972
1971
1971
1970
1970
1970
1970
1969
1969
1968
1967
1967
1964
1963
1963
1962
1961
1960
1959
1959
1959
1959
1958
1958
1955
1955
1955
1955
1954
1954
1953
1953
1951
1949
1949
1949
1948
1947
1947
1946
1946
1946
1945
1944
1944
1944
1943
1943
1941
1939
1938
1938
1936
1933
1933
1931
1931
1930
1930
1927
1927
1924
1924
1923
1923
1923
1923
1922
1922
1921
1921
1921
1921
1921
1920
1920
1918
1917
1917
1917
1916
1916
1915
1914
1912
1912
1912
1910
1910
1910
1909
1909
1907
1906
1904
1903
1902
1898
1898
1897
1895
1895
1894
1894
1894
1894
1893
1891
1891
1888
1887
1886
1886
1885
1884
1884
1883
1880
1880
1879
1879
1879
1878
1878
1876
1874
1872
1871
1869
1868
1868
1868
1867
1866
1864
1864
1864
1864
1863
1863
1861
1860
1860
1860
1859
1859
1858
1858
1858
1858
1858
1857
1856
1856
1856
1855
1855
1854
1854
1854
1854
1853
1853
1853
1852
1852
1852
1852
1851
1851
1850
1850
1850
1849
1848
1848
1848
1848
1847
1846
1845
1845
1844
1844
1844
1844
1844
1844
1842
1842
1842
1841
1841
1841
1840
1840
1838
1837
1837
1836
1836
1835
1835
1835
1833
1832
1832
1830
1828
1825
1825
1825
1824
1824
1824
1824
1823
1823
1823
1823
1822
1821
1821
1820
1819
1819
1818
1817
1816
1816
1815
1814
1814
1813
1813
1813
1812
1812
1812
1810
1809
1809
1808
1805
1804
1804
1803
1801
1801
1800
1800
1799
1798
1798
1798
1798
1797
1797
1797
1797
1797
1795
1794
1793
1792
1792
1792
1792
1791
1791
1789
1789
1787
1785
1785
1783
1783
1782
1782
1781
1780
1780
1780
1779
1778
1777
1777
1777
1775
1774
1772
1771
1770
1770
1770
1770
1769
1769
1769
1768
1767
1767
1765
1764
1764
1763
1759
1759
1759
1759
1759
1757
1757
1757
1756
1756
1755
1755
1754
1754
1752
1750
1750
1750
1749
1748
1746
1746
1746
1746
1746
1744
1743
1743
1742
1740
1740
1739
1739
1737
1737
1736
1736
1736
1736
1736
1736
1736
1736
1732
1732
1730
1730
1730
1729
1728
1728
1727
1726
1726
1725
1724
1723
1722
1722
1720
1719
1719
1719
1718
1718
1717
1717
1715
1714
1714
1714
1713
1712
1712
1711
1710
1710
1710
1710
1709
1709
1709
1709
1707
1706
1705
1704
1704
1704
1703
1702
1701
1700
1700
1698
1698
1698
1698
1698
1698
1697
1696
1696
1696
1695
1694
1694
1694
1694
1694
1693
1692
1692
1692
1691
1691
1691
1691
1690
1689
1689
1689
1688
1688
1687
1687
1686
1686
1684
1684
1683
1683
1682
1680
1680
1680
1680
1678
1677
1676
1676
1674
1673
1673
1672
1672
1671
1670
1669
1668
1667
1667
1667
1665
1664
1663
1663
1662
1662
1662
1661
1661
1661
1659
1659
1658
1658
1658
1658
1657
1656
1655
1655
1655
1655
1653
1653
1652
1651
1651
1650
1648
1648
1648
1647
1647
1647
1647
1646
1645
1645
1644
1643
1643
1643
1643
1642
1642
1641
1641
1641
1640
1640
1639
1638
1638
1637
1636
1636
1636
1635
1635
1635
1635
1634
1633
1631
1631
1631
1629
1629
1629
1629
1627
1625
1624
1624
1624
1623
1623
1622
1622
1621
1620
1620
1620
1619
1619
1618
1618
1617
1616
1616
1616
1615
1614
1614
1613
1613
1613
1612
1612
1612
1612
1611
1610
1610
1610
1609
1609
1608
1608
1607
1607
1607
1607
1607
1606
1605
1605
1605
1604
1603
1603
1603
1603
1603
1602
1601
1600
1600
1599
1599
1598
1598
1597
1596
1596
1595
1595
1594
1593
1593
1593
1593
1592
1591
1591
1591
1591
1590
1590
1590
1590
1589
1589
1588
1588
1587
1586
1585
1584
1584
1583
1581
1581
1580
1580
1579
1578
1578
1578
1578
1577
1574
1574
1573
1572
1572
1571
1571
1571
1570
1570
1569
1569
1568
1568
1568
1568
1567
1567
1566
1566
1565
1564
1563
1563
1563
1562
1562
1562
1559
1559
1556
1556
1555
1555
1554
1553
1553
1552
1552
1551
1551
1551
1551
1550
1549
1548
1548
1547
1546
1546
1546
1546
1546
1545
1545
1545
1545
1543
1542
1542
1542
1541
1541
1540
1540
1540
1539
1538
1537
1536
1536
1534
1534
1533
1533
1533
1533
1532
1531
1531
1531
1530
1529
1528
1528
1528
1528
1528
1525
1525
1525
1523
1522
1519
1519
1519
1519
1518
1517
1517
1517
1516
1515
1515
1515
1515
1514
1514
1514
1514
1513
1513
1513
1513
1512
1512
1510
1510
1510
1510
1510
1510
1509
1509
1509
1509
1509
1508
1508
1508
1507
1507
1506
1506
1506
1505
1505
1505
1505
1504
1504
1503
1503
1503
1503
1503
1502
1502
1502
1501
1501
1501
1500
1500
1500
1499
1498
1498
1498
1497
1497
1496
1495
1494
1494
1494
1493
1493
1492
1492
1492
1492
1491
1491
1491
1490
1490
1489
1488
1487
1487
1487
1487
1485
1484
1484
1482
1482
1481
1480
1480
1479
1478
1478
1478
1478
1477
1476
1476
1476
1475
1475
1475
1475
1474
1474
1474
1474
1473
1473
1472
1471
1471
1471
1470
1470
1470
1469
1469
1469
1469
1468
1468
1468
1466
1465
1464
1464
1464
1464
1464
1463
1463
1463
1462
1462
1462
1461
1461
1460
1460
1460
1460
1459
1459
1459
1459
1457
1457
1457
1456
1456
1454
1454
1454
1454
1452
1451
1451
1450
1450
1450
1450
1449
1449
1448
1448
1448
1447
1447
1447
1446
1446
1446
1445
1445
1445
1445
1444
1443
1443
1442
1442
1441
1441
1441
1441
1440
1440
1440
1439
1439
1439
1438
1438
1438
1436
1436
1436
1435
1434
1432
1432
1431
1431
1430
1430
1430
1429
1429
1429
1428
1428
1428
1428
1427
1427
1426
1425
1425
1424
1424
1424
1423
1423
1423
1421
1421
1421
1420
1419
1419
1419
1418
1418
1418
1417
1416
1416
1416
1416
1416
1414
1414
1414
1413
1413
1413
1413
1412
1411
1411
1411
1411
1411
1411
1411
1410
1409
1408
1408
1408
1408
1407
1407
1407
1405
1405
1405
1404
1404
1402
1402
1402
1401
1401
1401
1401
1401
1400
1399
1399
1399
1398
1398
1396
1396
1396
1396
1395
1395
1395
1394
1394
1394
1394
1392
1391
1391
1391
1391
1391
1391
1390
1390
1389
1389
1389
1388
1386
1386
1385
1385
1385
1384
1383
1383
1382
1382
1381
1380
1380
1380
1380
1380
1379
1379
1378
1377
1377
1377
1376
1376
1376
1375
1375
1374
1374
1374
1374
1373
1373
1372
1370
1368
1368
1367
1367
1366
1365
1364
1364
1364
1363
1363
1362
1361
1361
1361
1361
1361
1360
1359
1358
1357
1356
1355
1355
1355
1355
1355
1355
1355
1353
1353
1353
1353
1353
1352
1352
1351
1351
1351
1351
1350
1350
1349
1349
1348
1348
1347
1347
1347
1346
1346
1346
1346
1345
1345
1345
1345
1345
1345
1344
1344
1344
1343
1342
1342
1342
1342
1341
1340
1340
1340
1339
1338
1338
1338
1338
1337
1336
1336
1336
1335
1335
1335
1334
1333
1333
1332
1332
1332
1331
1331
1330
1330
1330
1330
1329
1329
1329
1328
1328
1327
1326
1326
1326
1326
1325
1325
1325
1324
1324
1323
1323
1323
1322
1322
1322
1322
1321
1321
1321
1321
1320
1319
1319
1318
1318
1315
1315
1314
1314
1314
1313
1313
1313
1313
1313
1313
1312
1312
1312
1312
1311
1311
1311
1311
1311
1311
1310
1310
1310
1310
1310
1309
1309
1308
1307
1307
1307
1306
1306
1306
1306
1306
1305
1304
1304
1303
1303
1302
1302
1302
1301
1300
1300
1300
1300
1300
1299
1298
1298
1298
1297
1297
1297
1296
1296
1296
1296
1296
1295
1295
1294
1294
1294
1294
1293
1293
1292
1291
1291
1290
1290
1290
1290
1290
1288
1288
1287
1287
1286
1285
1285
1285
1284
1284
1284
1284
1284
1283
1283
1283
1283
1282
1282
1282
1281
1281
1280
1280
1279
1278
1277
1277
1277
1276
1276
1276
1276
1275
1275
1275
1275
1274
1274
1274
1273
1273
1273
1272
1271
1271
1271
1270
1270
1269
1269
1269
1268
1268
1266
1266
1266
1266
1265
1265
1264
1263
1263
1263
1263
1263
1263
1262
1262
1262
1262
1260
1260
1260
1259
1259
1259
1259
1259
1258
1258
1258
1258
1258
1258
1257
1257
1257
1257
1257
1257
1257
1257
1257
1256
1256
1256
1256
1256
1256
1255
1255
1255
1254
1253
1253
1253
1252
1252
1252
1251
1251
1251
1251
1250
1250
1250
1250
1248
1248
1247
1247
1247
1246
1246
1246
1245
1245
1245
1245
1245
1245
1243
1243
1242
1241
1241
1241
1241
1238
1237
1237
1236
1236
1236
1235
1234
1234
1234
1234
1234
1234
1234
1233
1232
1232
1232
1231
1231
1230
1230
1230
1230
1230
1229
1229
1227
1227
1227
1227
1227
1226
1226
1226
1226
1225
1225
1224
1224
1224
1224
1223
1223
1223
1223
1223
1223
1223
1223
1222
1222
1221
1221
1221
1220
1220
1220
1220
1219
1219
1218
1218
1218
1218
1217
1217
1217
1217
1217
1216
1216
1216
1216
1216
1215
1214
1214
1214
1214
1214
1213
1213
1213
1212
1212
1211
1211
1211
1211
1210
1210
1210
1209
1209
1208
1208
1207
1207
1207
1206
1206
1206
1206
1205
1205
1204
1204
1204
1203
1203
1203
1202
1202
1202
1201
1201
1201
1201
1200
1200
1199
1199
1198
1197
1197
1197
1197
1197
1197
1197
1196
1195
1195
1195
1194
1194
1194
1193
1193
1193
1192
1191
1191
1191
1191
1191
1190
1190
1190
1190
1190
1190
1189
1189
1189
1189
1189
1189
1188
1188
1188
1188
1188
1188
1187
1186
1186
1185
1185
1185
1185
1184
1184
1184
1184
1183
1183
1182
1182
1182
1181
1180
1180
1179
1179
1178
1178
1178
1178
1178
1177
1177
1177
1176
1176
1176
1174
1174
1174
1174
1173
1173
1173
1172
1172
1172
1172
1172
1171
1171
1171
1171
1170
1170
1169
1168
1168
1168
1168
1168
1168
1168
1168
1167
1167
1167
1167
1167
1166
1166
1166
1166
1166
1166
1166
1166
1165
1165
1165
1165
1164
1164
1164
1163
1163
1163
1163
1163
1163
1162
1162
1162
1162
1161
1161
1160
1160
1160
1160
1160
1159
1159
1159
1159
1158
1158
1158
1157
1157
1157
1157
1157
1157
1156
1156
1156
1156
1156
1155
1155
1155
1155
1155
1154
1153
1153
1153
1153
1152
1152
1151
1151
1151
1151
1151
1150
1150
1150
1149
1148
1148
1148
1148
1147
1146
1146
1146
1146
1145
1145
1145
1145
1145
1145
1144
1144
1143
1143
1143
1143
1143
1142
1142
1141
1141
1140
1140
1140
1140
1139
1139
1139
1139
1138
1138
1138
1138
1137
1137
1137
1137
1137
1136
1136
1136
1136
1136
1134
1134
1134
1134
1133
1133
1133
1133
1133
1133
1133
1132
1132
1132
1132
1132
1132
1131
1131
1131
1130
1129
1129
1129
1128
1128
1128
1128
1128
1127
1127
1127
1127
1127
1127
1127
1126
1126
1125
1125
1125
1125
1124
1124
1123
1123
1123
1123
1123
1123
1123
1122
1122
1122
1122
1122
1121
1121
1121
1121
1121
1121
1120
1120
1120
1120
1119
1119
1119
1119
1119
1119
1119
1119
1119
1118
1117
1117
1117
1117
1117
1117
1116
1116
1116
1116
1116
1115
1115
1115
1115
1114
1114
1114
1113
1113
1113
1112
1112
1111
1111
1111
1111
1110
1110
1109
1109
1109
1109
1109
1109
1108
1108
1107
1107
1107
1107
1107
1107
1107
1106
1106
1106
1105
1105
1105
1104
1104
1103
1103
1103
1103
1102
1102
1102
1101
1100
1100
1100
1100
1099
1099
1099
1099
1098
1098
1098
1098
1097
1096
1096
1096
1095
1095
1095
1095
1095
1095
1095
1094
1094
1094
1094
1094
1093
1093
1093
1093
1093
1092
1092
1092
1091
1091
1091
1091
1091
1091
1090
1090
1090
1090
1089
1089
1089
1088
1088
1088
1088
1087
1087
1087
1086
1086
1086
1086
1085
1085
1085
1085
1085
1084
1084
1084
1084
1084
1084
1083
1083
1083
1082
1082
1082
1082
1082
1082
1081
1081
1080
1080
1080
1080
1079
1079
1079
1079
1078
1078
1078
1078
1078
1078
1077
1077
1077
1077
1077
1077
1077
1077
1077
1077
1077
1076
1076
1076
1075
1075
1075
1075
1075
1075
1074
1074
1074
1074
1074
1073
1073
1073
1073
1072
1072
1072
1071
1071
1071
1071
1070
1070
1070
1070
1069
1069
1069
1069
1069
1068
1068
1068
1068
1068
1068
1068
1068
1067
1067
1067
1066
1066
1066
1066
1066
1066
1066
1066
1066
1065
1064
1064
1064
1064
1064
1064
1063
1063
1063
1063
1062
1062
1061
1061
1060
1060
1060
1060
1060
1060
1060
1060
1059
1059
1059
1059
1059
1059
1059
1059
1058
1058
1058
1058
1057
1057
1057
1056
1055
1055
1055
1054
1054
1054
1053
1053
1053
1053
1052
1052
1052
1052
1052
1051
1051
1051
1051
1051
1051
1051
1051
1051
1050
1050
1050
1050
1049
1049
1048
1048
1048
1048
1048
1047
1047
1047
1047
1047
1047
1047
1047
1045
1045
1045
1045
1045
1045
1045
1045
1045
1044
1044
1044
1044
1044
1044
1043
1043
1043
1043
1043
1043
1042
1042
1042
1042
1042
1041
1041
1041
1041
1041
1041
1040
1040
1040
1040
1039
1039
1039
1039
1039
1039
1039
1039
1039
1039
1038
1037
1037
1037
1036
1036
1036
1036
1035
1035
1035
1035
1035
1034
1034
1034
1034
1034
1034
1034
1034
1033
1033
1033
1033
1033
1033
1032
1032
1032
1032
1032
1032
1031
1031
1031
1031
1031
1030
1030
1030
1030
1030
1030
1029
1029
1029
1029
1029
1029
1028
1028
1028
1028
1028
1028
1028
1027
1027
1027
1027
1026
1026
1026
1026
1026
1026
1026
1025
1025
1025
1025
1025
1025
1025
1024
1024
1023
1023
1023
1022
1021
1021
1020
1020
1020
1019
1019
1019
1019
1019
1018
1018
1018
1018
1018
1018
1018
1017
1017
1017
1017
1017
1017
1016
1016
1016
1016
1016
1016
1016
1015
1015
1015
1015
1014
1014
1014
1014
1013
1013
1013
1013
1013
1013
1012
1012
1012
1012
1011
1010
1010
1010
1010
1010
1010
1009
1009
1009
1009
1009
1009
1009
1008
1008
1007
1007
1007
1007
1006
1006
1006
1006
1006
1006
1006
1006
1006
1006
1005
1004
1003
1003
1003
1003
1002
1002
1002
1002
1001
1001
1001
1001
1001
1001
1000
1000
1000
1000
1000
1000
999
999
998
998
998
998
997
997
997
997
997
996
996
996
995
995
995
995
995
995
994
994
994
993
993
993
993
993
992
992
992
992
992
992
992
992
992
991
991
991
991
990
990
989
989
989
989
989
988
988
988
988
988
987
987
987
987
987
987
986
986
986
986
986
986
986
985
985
984
984
984
984
984
984
983
983
983
983
983
983
982
982
982
982
982
982
981
981
981
980
980
980
979
979
979
979
979
978
978
978
978
978
978
977
977
977
977
977
976
976
976
976
976
976
976
976
976
975
975
975
975
975
975
975
974
974
974
974
974
973
972
972
972
972
972
971
971
971
971
971
970
970
970
970
970
970
970
970
970
970
970
969
969
969
969
968
968
968
968
968
968
968
968
967
967
966
966
966
966
966
966
966
966
966
965
965
965
965
964
964
964
963
963
963
963
963
962
962
961
961
961
961
961
961
961
961
961
961
960
960
960
960
960
960
960
959
959
959
959
958
958
958
958
958
957
957
957
956
956
956
956
956
956
955
955
955
955
955
954
954
954
953
953
953
953
953
952
952
952
952
952
952
951
951
950
950
950
950
949
949
949
949
949
949
949
949
948
948
948
948
948
948
947
947
947
947
947
947
947
947
947
947
946
946
946
946
946
946
946
946
945
945
945
945
944
944
944
944
944
943
943
943
943
942
942
942
942
942
942
941
941
941
940
940
940
940
940
940
940
939
939
939
939
939
938
938
938
937
937
937
937
937
937
937
936
936
935
935
935
935
935
935
935
935
935
935
935
935
934
934
934
934
934
934
934
933
933
933
933
933
932
932
932
932
932
932
932
932
931
931
931
931
931
931
930
930
930
930
930
930
929
929
929
929
929
929
929
928
928
928
927
927
927
927
927
927
927
927
927
927
926
926
926
926
926
926
925
925
925
925
925
924
924
924
923
923
923
922
922
922
922
922
922
922
922
921
921
921
921
921
921
920
920
920
920
920
919
919
919
919
919
919
919
919
918
918
918
918
918
917
917
917
917
917
917
916
916
916
916
916
916
916
915
915
915
914
914
914
914
914
914
914
913
913
913
913
913
913
913
913
912
912
912
912
912
912
912
912
912
911
911
911
911
911
911
911
911
911
911
910
910
910
910
910
910
910
910
910
909
909
909
909
909
909
909
909
909
908
908
908
908
908
907
907
907
907
906
906
906
906
906
905
905
905
904
904
904
904
904
904
903
903
903
903
902
902
901
901
900
900
900
900
900
900
900
900
899
899
899
899
899
899
899
898
898
898
898
898
897
897
897
896
896
896
896
896
896
896
896
895
895
895
895
895
895
895
895
895
895
894
894
894
894
894
894
893
893
893
892
892
892
892
892
892
892
892
892
891
891
891
891
891
891
891
890
890
890
890
889
889
889
889
889
889
889
889
889
889
889
889
888
888
888
888
888
888
887
887
887
886
886
886
886
886
885
885
885
885
885
885
885
885
885
884
884
883
883
883
883
883
883
883
883
882
882
882
882
882
882
882
882
882
882
882
881
881
881
881
880
880
880
880
880
880
880
879
879
879
879
879
879
879
878
878
878
878
878
878
878
878
878
878
878
877
877
877
876
876
876
876
876
876
876
876
875
875
875
875
875
875
875
875
875
875
874
874
874
874
873
873
873
873
873
873
873
873
873
873
872
872
872
872
872
872
872
871
871
871
871
871
871
871
870
870
870
870
870
870
870
870
869
869
869
869
869
869
869
868
868
868
868
868
867
867
867
867
867
867
867
866
866
866
866
866
866
866
866
866
865
865
865
865
865
865
865
865
864
864
864
864
864
863
863
863
863
863
863
862
862
862
862
862
861
861
861
861
861
861
860
860
860
860
860
860
859
859
859
859
859
859
858
858
858
858
857
857
857
857
857
857
857
856
856
856
856
856
855
855
855
855
855
855
855
855
855
854
854
854
854
854
854
854
854
854
854
854
853
853
853
853
853
853
852
852
852
852
852
852
852
852
852
852
851
851
851
851
851
851
850
850
850
850
850
850
850
849
849
849
849
849
849
849
849
849
849
848
848
848
848
848
848
848
848
847
847
847
846
846
846
846
846
846
846
845
845
845
845
845
845
845
844
844
844
844
844
844
844
844
844
844
844
843
843
843
843
843
843
843
843
843
843
842
842
842
842
842
842
842
841
841
841
841
841
841
840
840
840
840
840
840
840
840
840
839
839
839
839
839
839
839
839
839
839
839
838
838
838
838
838
838
838
838
838
837
837
837
837
837
837
837
837
836
836
836
836
836
836
836
836
835
835
835
835
835
834
834
834
834
834
834
834
834
833
833
833
833
833
833
833
833
832
832
832
832
832
832
832
832
832
832
832
831
831
831
831
831
831
831
830
830
830
830
830
830
830
829
829
829
829
829
829
829
829
829
829
829
829
829
829
829
828
828
828
828
828
827
827
827
827
827
827
827
827
827
826
826
826
826
826
826
826
826
825
825
825
825
825
825
825
825
824
824
824
824
824
824
824
823
823
823
823
823
823
822
822
822
822
821
821
821
821
821
820
820
820
820
819
819
819
819
819
819
818
818
818
818
818
818
818
818
818
817
817
817
817
817
817
817
817
817
817
817
816
816
816
816
816
816
816
816
815
815
815
815
815
815
815
814
814
814
814
814
814
814
814
814
813
813
813
813
813
813
813
813
812
812
811
811
811
811
811
811
811
811
811
811
811
811
811
811
811
811
811
811
811
810
810
810
810
810
810
810
810
809
809
809
809
809
809
809
809
809
809
809
808
808
808
808
808
808
808
808
808
808
808
808
807
807
807
807
807
807
807
807
807
807
807
807
807
807
806
806
806
806
806
806
805
805
805
805
805
805
805
805
804
804
804
804
804
804
804
804
803
803
803
803
803
803
803
803
803
803
803
803
802
802
802
802
802
802
802
802
802
802
802
802
801
801
801
801
801
801
801
801
801
801
800
800
800
800
800
800
800
799
799
799
799
799
799
799
799
799
799
799
799
799
798
798
798
798
798
798
798
798
798
797
797
797
797
797
797
797
797
796
796
796
796
796
796
796
796
796
796
796
795
795
795
795
795
795
795
795
795
795
795
795
795
795
795
795
794
794
794
794
794
794
794
794
794
794
794
794
794
793
793
793
793
793
793
793
793
793
793
793
793
793
793
792
792
792
792
792
792
792
792
792
792
792
791
791
791
791
791
791
791
791
791
791
791
790
790
790
790
790
790
790
790
790
790
790
790
790
790
789
789
789
789
789
789
789
789
788
788
788
788
788
788
788
788
788
788
788
788
787
787
787
787
787
787
787
787
787
787
787
787
787
787
787
786
786
786
786
785
785
785
785
785
785
785
785
785
784
784
784
784
783
783
783
783
783
783
783
783
783
783
783
783
783
782
782
782
782
782
782
781
781
781
781
781
781
781
781
781
781
781
781
780
780
780
780
780
780
780
780
780
780
780
780
780
780
780
780
780
779
779
779
779
779
779
779
779
778
778
778
778
778
778
778
777
777
777
777
777
777
777
776
776
776
776
776
776
775
775
775
775
775
775
775
775
775
775
775
774
774
774
774
774
773
773
773
773
773
773
773
773
773
773
773
773
772
772
772
772
772
772
772
772
772
772
771
771
771
771
771
771
770
770
770
770
769
769
769
769
769
769
768
768
768
768
768
768
768
768
768
768
768
767
767
767
767
767
767
767
767
767
767
767
767
766
766
766
766
766
766
766
766
766
766
765
765
765
765
765
765
765
765
765
765
765
764
764
764
764
764
764
764
763
763
763
763
763
763
763
763
763
763
763
763
763
763
763
762
762
762
762
762
762
762
762
762
762
761
761
761
761
760
760
760
760
760
759
759
759
759
759
759
759
758
758
758
758
758
758
758
758
758
757
757
757
757
757
757
757
757
757
757
757
757
757
756
756
756
756
756
756
756
756
756
756
756
756
756
755
755
755
755
755
754
754
754
754
754
754
754
754
753
753
753
753
753
753
753
753
753
753
753
753
753
753
752
752
752
752
752
752
752
752
752
752
752
752
752
752
752
752
751
751
751
751
751
751
751
751
751
751
751
751
751
751
751
751
751
751
751
750
750
750
750
750
750
750
750
750
750
750
750
750
750
749
749
749
749
749
749
749
749
749
749
749
749
749
749
749
749
749
748
748
748
748
748
748
748
748
748
748
747
747
747
747
747
747
747
747
747
747
747
747
747
747
746
746
746
746
746
746
746
746
746
746
746
746
746
746
745
745
745
745
745
745
745
745
745
745
745
744
744
744
744
744
744
744
744
743
743
743
742
742
742
742
742
741
741
741
741
741
741
741
741
741
741
741
741
741
741
741
741
741
740
740
740
740
740
740
740
740
740
740
740
740
740
740
740
739
739
739
739
739
738
738
738
738
738
738
738
738
738
737
737
737
737
737
737
737
737
737
737
737
737
737
736
736
736
736
736
736
736
736
736
736
736
735
735
735
735
735
735
735
735
735
735
735
734
734
734
734
734
734
734
734
734
733
733
733
733
733
733
733
733
733
733
733
733
733
733
733
733
733
732
732
732
732
732
732
732
732
732
731
731
731
731
731
731
731
731
731
731
731
730
730
730
730
730
730
730
730
730
730
730
730
730
730
729
729
729
729
729
729
729
729
729
729
729
729
728
728
728
728
728
727
727
727
727
727
727
727
726
726
726
726
726
726
726
726
726
726
726
725
725
725
725
725
725
725
725
725
725
725
724
724
724
724
724
724
724
724
724
724
724
724
723
723
723
723
723
723
723
723
722
722
722
722
722
722
722
722
722
722
722
722
722
722
722
722
721
721
721
721
721
721
721
721
721
721
720
720
720
720
720
720
720
720
720
720
720
720
720
720
720
720
720
720
720
719
719
719
719
719
719
719
719
719
719
719
719
719
719
719
718
718
718
718
718
718
718
718
718
718
718
717
717
717
717
717
717
717
717
717
717
717
717
717
717
717
716
716
716
716
716
716
716
716
716
716
715
715
715
715
715
715
715
715
715
715
715
715
715
715
715
715
715
715
714
714
714
714
714
714
714
714
714
714
714
714
714
713
713
713
713
713
713
713
713
713
713
713
713
713
713
713
712
712
712
712
712
712
712
712
712
712
711
711
711
711
711
711
711
710
710
710
710
710
710
710
710
710
710
710
710
710
709
709
709
709
709
709
709
709
709
709
709
709
709
709
709
708
708
708
708
708
708
708
708
708
708
708
708
708
708
707
707
707
707
707
707
707
707
707
707
706
706
706
706
706
706
706
706
706
706
706
706
706
706
705
705
705
705
705
705
705
705
705
705
704
704
704
704
704
704
704
704
703
703
703
703
703
703
703
703
703
703
703
703
703
703
703
703
703
703
703
702
702
702
702
702
702
702
702
701
701
701
701
701
701
701
701
701
701
701
701
701
701
701
701
701
700
700
700
700
700
700
700
700
700
700
700
700
700
700
699
699
699
699
699
699
699
699
699
699
699
699
698
698
698
698
698
698
698
698
698
698
698
698
698
698
698
698
698
698
697
697
697
697
697
697
697
697
697
697
697
697
697
696
696
696
696
696
696
696
695
695
695
695
695
695
695
695
695
695
695
695
695
695
695
695
695
694
694
694
694
694
694
694
694
694
694
693
693
693
693
693
693
693
693
692
692
692
692
692
692
692
692
692
692
692
692
692
692
692
692
692
691
691
691
691
691
691
691
691
691
691
690
690
690
690
690
690
690
690
690
690
690
690
690
690
689
689
689
689
689
689
689
689
689
689
689
689
689
689
689
689
689
689
689
689
688
688
688
688
688
688
688
688
688
688
688
688
688
688
688
688
688
688
687
687
687
687
687
687
687
687
687
687
687
687
687
687
687
687
687
687
687
687
687
686
686
686
686
686
686
686
686
686
686
686
686
686
686
686
686
686
686
686
686
685
685
685
685
685
685
685
685
685
685
685
684
684
684
684
684
684
684
684
684
684
684
684
684
684
684
684
684
683
683
683
683
683
683
683
683
683
683
683
682
682
682
682
682
682
682
682
682
682
681
681
681
681
681
681
681
681
681
681
681
681
681
681
680
680
680
680
680
680
680
680
680
680
680
680
680
679
679
679
679
679
679
679
679
679
679
679
679
679
679
679
679
679
679
679
679
678
678
678
678
678
678
678
678
678
678
678
678
678
678
678
677
677
677
677
677
677
677
677
677
677
677
676
676
676
676
676
676
676
676
676
676
676
676
676
676
675
675
675
675
675
675
675
675
675
675
674
674
674
674
674
674
674
674
674
674
674
674
674
674
674
674
674
674
674
673
673
673
673
673
673
673
673
673
673
673
673
672
672
672
672
672
672
672
672
672
672
672
672
672
672
672
672
672
672
672
672
672
672
672
672
672
672
672
671
671
671
671
671
671
671
671
671
671
671
671
671
670
670
670
670
670
670
670
670
670
670
670
670
670
670
670
669
669
669
669
669
669
669
669
669
669
669
669
669
669
669
669
669
668
668
668
668
668
668
668
668
668
668
668
668
668
668
668
668
668
668
668
667
667
667
667
667
667
667
667
667
667
667
667
667
667
667
667
667
666
666
666
666
666
666
666
666
666
666
666
666
666
666
666
666
666
665
665
665
665
665
665
665
665
665
665
665
665
665
665
665
665
665
665
665
664
664
664
664
664
664
664
664
664
664
664
664
664
664
664
663
663
663
663
663
663
663
663
663
663
663
663
662
662
662
662
662
662
662
662
662
662
662
662
661
661
661
661
661
661
661
661
661
661
661
661
661
661
661
661
661
661
661
661
661
661
661
660
660
660
660
660
660
660
660
660
660
660
660
660
660
660
660
660
660
660
659
659
659
659
659
659
659
659
659
659
659
659
659
658
658
658
658
658
658
658
658
658
658
658
658
658
657
657
657
657
657
657
657
657
657
657
657
657
657
657
657
657
657
657
657
657
657
657
657
657
656
656
656
656
655
655
655
655
655
655
655
655
655
655
655
655
654
654
654
654
654
654
654
653
653
653
653
653
653
653
653
653
653
653
653
653
653
653
653
653
653
653
653
653
653
652
652
652
652
652
652
652
652
652
652
652
652
652
652
652
652
652
652
652
652
651
651
651
651
651
651
651
651
651
651
651
651
651
651
651
651
651
650
650
650
650
650
650
650
650
650
650
650
650
650
650
650
649
649
649
649
649
649
649
649
649
649
649
649
649
649
649
649
649
648
648
648
648
648
648
648
648
648
648
648
648
648
648
648
648
647
647
647
647
647
647
647
647
647
647
647
647
646
646
646
646
646
646
646
646
646
646
646
646
646
646
646
646
646
646
646
646
646
646
646
646
646
645
645
645
645
645
645
645
645
645
645
645
645
644
644
644
644
644
644
644
644
644
644
644
644
644
644
644
644
643
643
643
643
643
643
643
643
643
643
643
643
643
643
643
642
642
642
642
642
642
642
642
642
642
642
642
642
642
642
642
642
642
642
642
641
641
641
641
641
641
641
641
641
641
641
641
641
641
641
640
640
640
640
640
640
640
640
640
640
640
640
640
640
640
640
640
640
640
639
639
639
639
639
639
639
639
639
639
638
638
638
638
638
638
638
638
638
638
638
638
638
638
638
638
638
638
637
637
637
637
637
637
637
637
637
637
637
637
637
636
636
636
636
636
636
636
636
636
635
635
635
635
635
635
635
635
635
635
635
635
635
635
635
635
635
635
634
634
634
634
634
634
634
634
634
634
634
634
634
634
634
634
634
633
633
633
633
633
633
633
633
633
633
633
633
633
633
632
632
632
632
632
632
632
632
632
632
632
632
632
632
632
632
632
632
632
632
632
632
632
631
631
631
631
631
631
631
631
631
631
631
631
631
631
631
631
631
631
630
630
630
630
630
630
630
630
630
630
630
630
630
630
630
630
630
629
629
629
629
629
629
629
629
629
629
629
629
629
629
629
629
629
629
628
628
628
628
628
628
628
628
628
628
628
628
628
628
628
628
627
627
627
627
627
627
627
627
627
627
627
627
627
627
627
627
627
626
626
626
626
626
626
626
626
626
626
626
626
626
626
626
626
626
626
625
625
625
625
625
625
625
625
625
625
625
625
625
625
624
624
624
624
624
624
624
624
624
624
624
624
624
624
624
624
624
624
624
624
624
624
624
624
624
623
623
623
623
623
623
623
623
623
623
623
623
623
623
623
623
623
623
623
622
622
622
622
622
622
622
622
622
622
622
622
622
622
622
622
622
622
622
622
622
622
622
622
622
621
621
621
621
621
621
621
621
621
621
621
621
621
621
621
621
621
621
621
621
621
621
621
621
621
620
620
620
620
620
620
620
620
620
620
620
620
620
620
620
620
620
620
620
620
620
620
620
620
619
619
619
619
619
619
619
619
619
619
619
619
619
619
619
619
618
618
618
618
618
618
618
618
618
618
618
618
618
618
618
618
618
617
617
617
617
617
617
617
617
617
617
617
617
617
617
617
617
617
617
617
616
616
616
616
616
616
616
616
616
616
616
616
616
616
616
616
616
616
615
615
615
615
615
615
615
615
615
615
615
615
615
615
614
614
614
614
614
614
614
614
614
614
614
614
614
614
614
614
614
614
614
614
613
613
613
613
613
613
613
613
613
613
613
613
613
613
613
613
613
613
613
613
613
613
612
612
612
612
612
612
612
612
612
612
612
612
612
612
611
611
611
611
611
611
611
611
611
611
611
611
611
611
611
611
611
610
610
610
610
610
610
610
610
610
610
610
610
610
610
610
610
610
610
610
610
610
609
609
609
609
609
609
609
609
609
609
609
609
609
609
609
608
608
608
608
608
608
608
608
608
608
608
608
608
608
608
608
608
608
607
607
607
607
607
607
607
607
607
607
607
607
607
607
607
607
607
607
607
607
607
606
606
606
606
606
606
606
606
606
606
606
606
606
606
606
606
605
605
605
605
605
605
605
605
605
605
605
605
605
605
604
604
604
604
604
604
604
604
604
604
604
604
604
604
603
603
603
603
603
603
603
603
603
603
603
603
603
603
602
602
602
602
602
602
602
602
602
602
602
602
602
602
602
602
602
602
602
602
602
602
602
602
602
602
601
601
601
601
601
601
601
601
601
601
601
601
601
601
601
601
601
601
601
601
601
601
601
601
601
601
601
600
600
600
600
600
600
600
600
600
600
600
600
600
600
600
600
600
600
600
600
600
600
599
599
599
599
599
599
599
599
599
599
599
599
599
599
599
599
598
598
598
598
598
598
598
598
597
597
597
597
597
597
597
597
597
597
597
597
597
597
597
597
597
597
597
597
596
596
596
596
596
596
596
596
596
596
596
596
596
596
596
596
596
596
596
595
595
595
595
595
595
595
595
595
595
595
595
595
595
595
595
595
595
594
594
594
594
594
594
594
594
594
594
594
594
594
594
594
594
594
594
594
594
594
594
593
593
593
593
593
593
593
593
593
593
593
593
593
593
593
593
593
593
593
593
593
593
592
592
592
592
592
592
592
592
592
592
592
592
592
592
592
592
592
592
592
592
592
592
592
591
591
591
591
591
591
591
591
591
591
591
591
591
591
591
591
591
591
591
591
591
590
590
590
590
590
590
590
590
590
590
590
590
590
589
589
589
589
589
589
589
589
589
589
589
589
589
589
589
589
589
589
589
588
588
588
588
588
588
588
588
588
588
588
588
588
588
588
588
588
588
588
588
588
588
588
588
588
588
588
588
588
587
587
587
587
587
587
587
587
587
587
587
587
587
587
587
587
587
587
587
587
587
587
587
587
587
587
586
586
586
586
586
586
586
586
586
586
586
586
586
586
586
586
586
586
585
585
585
585
585
585
585
585
585
585
585
585
585
585
585
585
585
585
585
585
585
585
584
584
584
584
584
584
584
584
584
584
584
584
584
584
584
584
584
584
584
584
584
583
583
583
583
583
583
583
583
583
583
583
583
583
583
583
583
583
583
583
583
583
583
583
582
582
582
582
582
582
582
582
582
582
582
582
582
582
582
582
582
582
582
582
582
582
582
581
581
581
581
581
581
581
581
581
581
581
581
581
581
581
581
581
581
581
581
581
581
580
580
580
580
580
580
580
580
580
580
580
580
580
580
580
580
580
580
580
580
580
580
580
580
580
579
579
579
579
579
579
579
579
579
579
579
579
579
579
579
579
579
579
579
579
578
578
578
578
578
578
578
578
578
578
578
578
578
578
578
578
578
578
578
578
578
578
578
578
578
578
578
577
577
577
577
577
577
577
577
577
577
577
577
577
577
577
577
577
577
577
577
577
577
577
576
576
576
576
576
576
576
576
576
576
576
576
576
576
576
576
576
576
576
576
576
576
576
576
576
575
575
575
575
575
575
575
575
575
575
575
575
575
575
575
575
575
575
575
575
575
574
574
574
574
574
574
574
574
574
574
574
574
574
574
574
574
574
574
574
574
574
574
574
574
574
573
573
573
573
573
573
573
573
573
573
573
573
573
573
573
573
573
573
573
572
572
572
572
572
572
572
572
572
572
572
572
572
572
572
572
572
572
572
572
572
571
571
571
571
571
571
571
571
571
571
571
571
571
571
571
571
571
571
571
571
571
571
571
571
571
571
571
571
571
571
571
570
570
570
570
570
570
570
570
570
570
570
570
570
570
570
570
569
569
569
569
569
569
569
569
569
569
569
569
569
569
569
569
569
569
569
569
569
569
569
569
569
569
569
568
568
568
568
568
568
568
568
568
568
568
568
568
568
568
568
568
568
568
568
568
568
568
567
567
567
567
567
567
567
567
567
567
567
567
567
567
567
567
567
567
567
567
567
567
567
566
566
566
566
566
566
566
566
566
566
566
566
566
566
566
566
566
566
566
566
566
565
565
565
565
565
565
565
565
565
565
565
565
565
565
565
565
565
565
565
565
565
565
564
564
564
564
564
564
564
564
564
564
564
564
564
564
564
564
564
564
563
563
563
563
563
563
563
563
563
563
563
563
563
563
563
563
563
563
563
563
563
563
563
563
563
562
562
562
562
562
562
562
562
562
562
562
562
562
562
562
562
562
562
562
561
561
561
561
561
561
561
561
561
561
561
561
561
561
561
561
561
561
561
561
561
561
561
561
560
560
560
560
560
560
560
560
560
560
560
560
560
560
560
560
560
560
560
560
560
560
559
559
559
559
559
559
559
559
559
559
559
559
559
559
559
559
558
558
558
558
558
558
558
558
558
558
558
558
558
558
558
558
558
558
558
558
558
558
557
557
557
557
557
557
557
557
557
557
557
557
557
557
557
557
557
557
557
557
557
557
557
557
557
557
557
557
557
557
557
556
556
556
556
556
556
556
556
556
556
556
556
556
556
556
556
556
556
556
556
556
556
556
556
556
556
556
555
555
555
555
555
555
555
555
555
555
555
555
555
555
555
555
555
555
555
555
555
555
554
554
554
554
554
554
554
554
554
554
554
554
554
554
554
554
554
554
554
554
554
554
554
554
554
554
554
554
554
554
554
554
554
554
553
553
553
553
553
553
553
553
553
553
553
553
553
553
552
552
552
552
552
552
552
552
552
552
552
552
552
552
552
552
552
552
552
552
552
552
552
552
551
551
551
551
551
551
551
551
551
551
551
551
551
551
551
551
551
551
551
550
550
550
550
550
550
550
550
550
550
550
550
550
550
550
550
550
550
550
550
550
550
550
550
550
550
550
550
550
550
550
550
549
549
549
549
549
549
549
549
549
549
549
549
549
549
549
549
549
549
549
549
549
549
549
549
549
549
549
549
549
549
548
548
548
548
548
548
548
548
548
548
548
548
548
548
548
548
548
548
548
548
548
548
548
548
548
548
548
548
548
548
548
548
548
548
548
547
547
547
547
547
547
547
547
547
547
547
547
547
547
547
547
547
547
547
547
547
547
546
546
546
546
546
546
546
546
546
546
546
546
546
546
546
546
546
546
546
546
546
546
546
546
546
546
545
545
545
545
545
545
545
545
545
545
545
545
545
545
545
545
545
545
545
545
545
545
545
545
545
545
545
544
544
544
544
544
544
544
544
544
544
544
544
544
544
544
544
544
544
544
544
544
544
543
543
543
543
543
543
543
543
543
543
543
543
543
543
543
543
543
543
543
543
543
543
543
543
543
543
543
543
543
543
543
542
542
542
542
542
542
542
542
542
542
542
542
542
542
542
542
542
542
542
542
542
541
541
541
541
541
541
541
541
541
541
541
541
541
541
541
541
541
541
541
541
541
541
541
541
541
541
541
541
541
541
541
541
540
540
540
540
540
540
540
540
540
540
540
540
540
540
540
540
540
540
540
540
540
540
540
540
540
540
540
540
540
540
540
540
539
539
539
539
539
539
539
539
539
539
539
539
539
539
539
539
539
539
539
539
539
539
539
539
539
539
538
538
538
538
538
538
538
538
538
538
538
538
538
538
538
538
538
538
538
538
538
538
538
538
538
538
538
538
538
538
537
537
537
537
537
537
537
537
537
537
537
537
537
537
537
537
537
537
537
537
537
537
537
537
537
536
536
536
536
536
536
536
536
536
536
536
536
536
536
536
536
536
536
536
536
536
536
536
536
536
536
536
536
536
536
536
536
536
536
536
535
535
535
535
535
535
535
535
535
535
535
535
535
535
535
535
535
535
535
535
535
535
534
534
534
534
534
534
534
534
534
534
534
534
534
534
534
534
534
534
534
534
534
534
534
534
534
534
533
533
533
533
533
533
533
533
533
533
533
533
533
533
533
533
533
533
533
533
533
533
533
533
533
533
533
533
532
532
532
532
532
532
532
532
532
532
532
532
532
532
532
532
532
532
532
532
532
532
531
531
531
531
531
531
531
531
531
531
531
531
531
531
531
531
531
531
531
531
531
531
531
531
530
530
530
530
530
530
530
530
530
530
530
530
530
530
530
530
530
530
530
530
530
530
530
530
530
530
530
530
530
530
530
530
529
529
529
529
529
529
529
529
529
529
529
529
529
529
529
529
529
529
529
529
529
529
529
529
529
529
529
528
528
528
528
528
528
528
528
528
528
528
528
528
528
528
528
528
528
528
528
528
528
527
527
527
527
527
527
527
527
527
527
527
527
527
527
527
527
527
527
527
527
527
527
527
526
526
526
526
526
526
526
526
526
526
526
526
526
526
526
526
526
526
526
526
526
526
526
526
526
526
526
526
526
526
526
525
525
525
525
525
525
525
525
525
525
525
525
525
525
525
525
525
525
525
525
525
525
525
525
525
525
524
524
524
524
524
524
524
524
524
524
524
524
524
524
524
524
524
524
524
524
524
524
524
523
523
523
523
523
523
523
523
523
523
523
523
523
523
523
523
523
523
523
523
523
523
523
523
523
523
523
523
523
523
522
522
522
522
522
522
522
522
522
522
522
522
522
522
522
522
522
522
522
522
522
522
522
522
522
522
522
522
522
521
521
521
521
521
521
521
521
521
521
521
521
521
521
521
521
521
521
521
521
521
521
521
521
521
521
521
521
521
521
520
520
520
520
520
520
520
520
520
520
520
520
520
520
520
520
520
520
520
520
520
520
520
520
520
520
520
520
519
519
519
519
519
519
519
519
519
519
519
519
519
519
519
519
519
519
519
519
519
519
519
519
518
518
518
518
518
518
518
518
518
518
518
518
518
518
518
518
518
518
518
517
517
517
517
517
517
517
517
517
517
517
517
517
517
517
517
517
517
517
517
517
517
517
517
517
517
517
516
516
516
516
516
516
516
516
516
516
516
516
516
516
516
516
516
516
516
516
516
516
516
516
516
516
516
516
516
516
516
516
516
515
515
515
515
515
515
515
515
515
515
515
515
515
515
515
515
515
515
515
515
515
515
515
515
515
515
515
515
515
515
514
514
514
514
514
514
514
514
514
514
514
514
514
514
514
514
514
514
514
514
514
514
514
514
514
514
514
514
514
514
514
514
513
513
513
513
513
513
513
513
513
513
513
513
513
513
513
513
513
513
513
513
513
513
513
512
512
512
512
512
512
512
512
512
512
512
512
512
512
512
512
512
512
512
512
512
512
512
512
512
511
511
511
511
511
511
511
511
511
511
511
511
511
511
511
511
511
511
511
511
511
511
511
511
511
511
510
510
510
510
510
510
510
510
510
510
510
510
510
510
510
510
510
510
510
510
510
510
510
510
510
510
509
509
509
509
509
509
509
509
509
509
509
509
509
509
509
509
509
509
509
509
509
509
509
509
509
509
509
509
509
509
508
508
508
508
508
508
508
508
508
508
508
508
508
508
508
508
508
508
508
508
508
508
508
508
508
508
508
507
507
507
507
507
507
507
507
507
507
507
507
507
507
507
507
507
507
507
507
507
507
507
507
507
507
506
506
506
506
506
506
506
506
506
506
506
506
506
506
506
506
506
506
506
506
506
506
506
506
506
506
505
505
505
505
505
505
505
505
505
505
505
505
505
505
505
505
505
505
505
505
505
505
505
505
505
505
505
505
504
504
504
504
504
504
504
504
504
504
504
504
504
504
504
504
504
504
504
504
504
504
504
504
504
504
504
504
504
504
504
504
504
504
504
504
504
503
503
503
503
503
503
503
503
503
503
503
503
503
503
503
503
503
503
503
503
503
503
503
503
503
503
503
503
503
503
503
503
503
503
503
503
502
502
502
502
502
502
502
502
502
502
502
502
502
502
502
502
502
502
502
502
502
502
502
502
502
502
501
501
501
501
501
501
501
501
501
501
501
501
501
501
501
501
501
501
501
501
501
501
501
501
501
501
501
501
501
501
501
501
501
501
501
500
500
500
500
500
500
500
500
500
500
500
500
500
500
500
500
500
500
500
500
500
500
499
499
499
499
499
499
499
499
499
499
499
499
499
499
499
499
499
499
499
499
499
499
499
499
499
499
499
498
498
498
498
498
498
498
498
498
498
498
498
498
498
498
498
498
498
498
498
498
498
498
498
498
498
498
498
498
498
498
498
498
498
497
497
497
497
497
497
497
497
497
497
497
497
497
497
497
497
497
497
497
497
497
497
496
496
496
496
496
496
496
496
496
496
496
496
496
496
496
496
496
496
496
496
496
496
496
496
496
496
496
496
496
496
495
495
495
495
495
495
495
495
495
495
495
495
495
495
495
495
495
495
495
495
495
495
495
495
495
495
495
495
495
495
495
494
494
494
494
494
494
494
494
494
494
494
494
494
494
494
494
494
494
494
494
494
494
494
494
494
494
494
493
493
493
493
493
493
493
493
493
493
493
493
493
493
493
493
493
493
493
493
493
493
493
493
493
493
492
492
492
492
492
492
492
492
492
492
492
492
492
492
492
492
492
492
492
492
492
491
491
491
491
491
491
491
491
491
491
491
491
491
491
491
491
491
491
491
491
491
491
491
491
491
491
491
490
490
490
490
490
490
490
490
490
490
490
490
490
490
490
490
490
490
490
490
490
490
490
490
490
489
489
489
489
489
489
489
489
489
489
489
489
489
489
489
489
489
489
489
489
489
489
488
488
488
488
488
488
488
488
488
488
488
488
488
488
488
488
488
488
488
488
488
488
488
488
488
488
487
487
487
487
487
487
487
487
487
487
487
487
487
487
487
487
487
487
487
487
487
487
487
487
487
487
487
487
487
487
486
486
486
486
486
486
486
486
486
486
486
486
486
486
486
486
486
486
486
486
486
486
486
486
486
486
486
486
486
485
485
485
485
485
485
485
485
485
485
485
485
485
485
485
485
485
485
485
485
485
485
485
485
485
485
485
485
484
484
484
484
484
484
484
484
484
484
484
484
484
484
484
484
484
484
484
483
483
483
483
483
483
483
483
483
483
483
483
483
483
483
483
483
483
483
483
483
483
483
483
483
483
483
483
483
483
483
483
483
483
482
482
482
482
482
482
482
482
482
482
482
482
482
482
482
482
482
482
482
482
482
482
481
481
481
481
481
481
481
481
481
481
481
481
481
481
481
481
481
481
481
481
481
481
481
481
481
481
481
481
481
480
480
480
480
480
480
480
480
480
480
480
480
480
480
480
480
480
480
480
480
480
480
480
480
480
480
480
480
479
479
479
479
479
479
479
479
479
479
479
479
479
479
479
479
479
479
479
479
479
479
479
479
479
479
479
479
479
479
478
478
478
478
478
478
478
478
478
478
478
478
478
478
478
478
478
478
478
478
478
478
478
478
478
478
478
477
477
477
477
477
477
477
477
477
477
477
477
477
477
477
477
477
477
477
477
477
477
477
477
477
477
477
477
477
477
477
477
477
477
477
476
476
476
476
476
476
476
476
476
476
476
476
476
476
476
476
476
476
476
476
476
476
476
476
476
476
476
476
476
476
476
476
476
476
476
476
476
476
476
476
476
476
476
476
475
475
475
475
475
475
475
475
475
475
475
475
475
475
475
475
475
475
475
475
475
475
475
475
475
475
475
475
475
475
475
475
475
475
475
475
474
474
474
474
474
474
474
474
474
474
474
474
474
474
474
474
474
474
474
474
474
474
474
474
474
474
474
474
474
474
474
474
474
474
474
473
473
473
473
473
473
473
473
473
473
473
473
473
473
473
473
473
473
473
473
473
473
473
473
473
473
473
473
473
473
473
473
472
472
472
472
472
472
472
472
472
472
472
472
472
472
472
472
472
472
472
472
472
472
472
472
472
472
472
472
472
472
472
471
471
471
471
471
471
471
471
471
471
471
471
471
471
471
471
471
471
471
471
471
471
471
471
470
470
470
470
470
470
470
470
470
470
470
470
470
470
470
470
470
470
470
470
470
470
470
470
470
470
470
470
470
470
470
470
469
469
469
469
469
469
469
469
469
469
469
469
469
469
469
469
469
469
469
469
469
469
469
469
469
469
469
469
469
469
469
469
469
469
469
469
469
469
468
468
468
468
468
468
468
468
468
468
468
468
468
468
468
468
468
468
468
468
468
468
468
468
468
468
468
468
468
468
468
468
468
468
468
468
468
468
468
467
467
467
467
467
467
467
467
467
467
467
467
467
467
467
467
467
467
467
467
467
467
467
467
467
467
467
467
467
467
467
467
467
466
466
466
466
466
466
466
466
466
466
466
466
466
466
466
466
466
466
466
466
466
466
466
466
466
466
466
466
466
466
466
466
466
466
466
466
466
466
466
466
466
465
465
465
465
465
465
465
465
465
465
465
465
465
465
465
465
465
465
465
465
465
465
465
465
465
465
465
465
465
464
464
464
464
464
464
464
464
464
464
464
464
464
464
464
464
464
464
464
464
464
464
464
464
464
464
464
464
464
464
464
464
464
464
464
464
464
463
463
463
463
463
463
463
463
463
463
463
463
463
463
463
463
463
463
463
463
463
463
463
463
463
463
463
463
463
463
463
463
463
463
463
463
462
462
462
462
462
462
462
462
462
462
462
462
462
462
462
462
462
462
462
462
462
462
462
462
462
461
461
461
461
461
461
461
461
461
461
461
461
461
461
461
461
461
461
461
461
461
461
461
461
461
461
461
461
461
460
460
460
460
460
460
460
460
460
460
460
460
460
460
460
460
460
460
460
460
460
460
460
460
460
460
460
460
460
460
460
460
460
460
460
460
460
460
460
460
460
460
460
460
460
460
460
460
459
459
459
459
459
459
459
459
459
459
459
459
459
459
459
459
459
459
459
459
459
459
459
459
459
459
459
459
459
459
459
459
459
459
459
459
459
459
459
459
459
459
459
459
459
458
458
458
458
458
458
458
458
458
458
458
458
458
458
458
458
458
458
458
458
458
458
458
458
458
458
458
458
458
458
458
458
458
458
458
458
457
457
457
457
457
457
457
457
457
457
457
457
457
457
457
457
457
457
457
457
457
457
457
457
457
457
457
457
457
457
457
457
457
457
457
457
457
457
457
457
456
456
456
456
456
456
456
456
456
456
456
456
456
456
456
456
456
456
456
456
456
456
456
456
456
456
456
456
456
456
456
456
455
455
455
455
455
455
455
455
455
455
455
455
455
455
455
455
455
455
455
455
455
455
455
455
455
455
455
455
455
455
455
455
455
455
455
455
454
454
454
454
454
454
454
454
454
454
454
454
454
454
454
454
454
454
454
454
454
454
454
454
454
454
454
454
454
454
454
454
454
454
454
454
454
453
453
453
453
453
453
453
453
453
453
453
453
453
453
453
453
453
453
453
453
453
453
453
453
453
453
453
453
453
453
453
452
452
452
452
452
452
452
452
452
452
452
452
452
452
452
452
452
452
452
452
452
452
452
452
452
452
452
452
452
452
452
452
452
452
451
451
451
451
451
451
451
451
451
451
451
451
451
451
451
451
451
451
451
451
451
451
451
451
451
451
451
451
451
451
451
451
451
451
451
451
451
451
451
451
451
451
451
450
450
450
450
450
450
450
450
450
450
450
450
450
450
450
450
450
450
450
450
450
450
450
450
450
450
450
450
450
450
450
450
450
449
449
449
449
449
449
449
449
449
449
449
449
449
449
449
449
449
449
449
449
449
449
449
449
449
449
449
449
449
449
448
448
448
448
448
448
448
448
448
448
448
448
448
448
448
448
448
448
448
448
448
448
448
448
448
448
448
448
448
448
448
448
448
448
448
448
448
447
447
447
447
447
447
447
447
447
447
447
447
447
447
447
447
447
447
447
447
447
447
447
447
447
447
447
447
447
447
447
446
446
446
446
446
446
446
446
446
446
446
446
446
446
446
446
446
446
446
446
446
446
446
446
446
446
446
446
446
446
446
446
445
445
445
445
445
445
445
445
445
445
445
445
445
445
445
445
445
445
445
445
445
445
445
445
445
445
445
445
445
445
445
445
445
445
445
445
445
445
445
445
445
445
444
444
444
444
444
444
444
444
444
444
444
444
444
444
444
444
444
444
444
444
444
444
444
444
444
444
444
444
444
444
444
444
444
444
444
443
443
443
443
443
443
443
443
443
443
443
443
443
443
443
443
443
443
443
443
443
443
443
443
443
443
443
443
443
443
443
443
443
443
443
443
443
443
443
442
442
442
442
442
442
442
442
442
442
442
442
442
442
442
442
442
442
442
442
442
442
442
442
442
442
442
442
442
441
441
441
441
441
441
441
441
441
441
441
441
441
441
441
441
441
441
441
441
441
441
441
441
441
441
441
441
441
441
441
441
441
440
440
440
440
440
440
440
440
440
440
440
440
440
440
440
440
440
440
440
440
440
440
440
440
440
440
440
440
440
440
440
440
440
440
440
440
440
440
440
440
439
439
439
439
439
439
439
439
439
439
439
439
439
439
439
439
439
439
439
439
439
439
439
439
439
439
439
439
439
439
439
439
439
439
439
439
439
439
439
439
438
438
438
438
438
438
438
438
438
438
438
438
438
438
438
438
438
438
438
438
438
438
438
438
438
438
438
438
438
438
438
438
438
438
438
438
438
438
438
438
438
438
438
437
437
437
437
437
437
437
437
437
437
437
437
437
437
437
437
437
437
437
437
437
437
437
437
437
437
437
437
437
437
437
437
437
437
437
437
437
437
437
437
437
437
437
437
437
437
436
436
436
436
436
436
436
436
436
436
436
436
436
436
436
436
436
436
436
436
436
436
436
436
436
436
436
436
436
436
436
436
436
436
435
435
435
435
435
435
435
435
435
435
435
435
435
435
435
435
435
435
435
435
435
435
435
435
435
435
435
435
435
435
435
435
435
435
435
435
435
435
435
435
435
435
435
435
435
435
435
435
435
435
435
434
434
434
434
434
434
434
434
434
434
434
434
434
434
434
434
434
434
434
434
434
434
434
434
434
434
434
434
433
433
433
433
433
433
433
433
433
433
433
433
433
433
433
433
433
433
433
433
433
433
433
433
433
433
433
433
433
433
433
433
433
432
432
432
432
432
432
432
432
432
432
432
432
432
432
432
432
432
432
432
432
432
432
432
432
432
432
432
432
431
431
431
431
431
431
431
431
431
431
431
431
431
431
431
431
431
431
431
431
431
431
431
431
431
431
431
431
431
431
431
430
430
430
430
430
430
430
430
430
430
430
430
430
430
430
430
430
430
430
430
430
430
430
430
430
430
430
430
430
430
430
430
430
430
430
430
430
430
430
430
430
430
430
430
430
430
430
430
430
430
430
430
430
430
430
429
429
429
429
429
429
429
429
429
429
429
429
429
429
429
429
429
429
429
429
429
429
429
429
429
429
429
429
429
429
429
429
429
429
429
429
429
428
428
428
428
428
428
428
428
428
428
428
428
428
428
428
428
428
428
428
428
428
428
428
428
428
428
428
428
428
428
428
428
428
428
428
428
427
427
427
427
427
427
427
427
427
427
427
427
427
427
427
427
427
427
427
427
427
427
427
427
427
427
427
427
427
427
427
427
427
427
427
427
427
427
427
427
427
427
427
426
426
426
426
426
426
426
426
426
426
426
426
426
426
426
426
426
426
426
426
426
426
426
426
426
426
426
426
426
426
426
426
426
426
426
426
426
426
426
426
426
425
425
425
425
425
425
425
425
425
425
425
425
425
425
425
425
425
425
425
425
425
425
425
425
425
425
425
425
425
425
425
425
425
425
425
425
425
425
425
425
425
424
424
424
424
424
424
424
424
424
424
424
424
424
424
424
424
424
424
424
424
424
424
424
424
424
424
424
424
424
424
424
424
424
424
424
423
423
423
423
423
423
423
423
423
423
423
423
423
423
423
423
423
423
423
423
423
423
423
423
423
423
423
423
423
423
423
423
423
423
423
423
423
422
422
422
422
422
422
422
422
422
422
422
422
422
422
422
422
422
422
422
422
422
422
422
422
422
422
422
422
422
422
422
422
422
422
421
421
421
421
421
421
421
421
421
421
421
421
421
421
421
421
421
421
421
421
421
421
421
421
421
421
421
421
421
421
421
421
421
421
421
421
421
421
421
421
420
420
420
420
420
420
420
420
420
420
420
420
420
420
420
420
420
420
420
420
420
420
420
420
420
420
420
420
420
420
420
420
420
420
420
419
419
419
419
419
419
419
419
419
419
419
419
419
419
419
419
419
419
419
419
419
419
419
419
419
419
419
419
419
419
419
419
419
419
419
419
419
419
418
418
418
418
418
418
418
418
418
418
418
418
418
418
418
418
418
418
418
418
418
418
418
418
418
418
418
418
418
418
418
418
418
418
418
418
418
418
417
417
417
417
417
417
417
417
417
417
417
417
417
417
417
417
417
417
417
417
417
417
417
417
417
417
417
417
417
417
417
417
417
417
417
417
417
417
417
417
417
417
417
417
417
417
417
417
416
416
416
416
416
416
416
416
416
416
416
416
416
416
416
416
416
416
416
416
416
416
416
416
416
416
416
416
416
416
416
416
416
416
416
416
416
416
416
416
416
416
416
416
416
416
416
416
416
416
415
415
415
415
415
415
415
415
415
415
415
415
415
415
415
415
415
415
415
415
415
415
415
415
415
415
415
415
415
415
415
415
415
415
415
415
415
415
415
415
414
414
414
414
414
414
414
414
414
414
414
414
414
414
414
414
414
414
414
414
414
414
414
414
414
414
414
414
414
414
414
414
414
414
414
414
414
414
414
414
414
414
414
414
414
414
414
414
414
414
414
414
414
414
414
413
413
413
413
413
413
413
413
413
413
413
413
413
413
413
413
413
413
413
413
413
413
413
413
413
413
413
413
413
413
413
413
413
413
413
413
413
413
413
413
413
413
413
413
413
413
413
413
413
413
413
413
413
413
412
412
412
412
412
412
412
412
412
412
412
412
412
412
412
412
412
412
412
412
412
412
412
412
412
412
412
412
412
412
412
411
411
411
411
411
411
411
411
411
411
411
411
411
411
411
411
411
411
411
411
411
411
411
411
411
411
411
411
411
411
411
411
411
411
410
410
410
410
410
410
410
410
410
410
410
410
410
410
410
410
410
410
410
410
410
410
410
410
410
410
410
410
410
410
410
410
410
410
410
410
410
410
410
410
410
410
410
410
410
410
410
410
410
410
410
410
410
410
410
410
410
409
409
409
409
409
409
409
409
409
409
409
409
409
409
409
409
409
409
409
409
409
409
409
409
409
409
409
409
409
409
409
409
409
409
409
409
409
409
409
409
409
409
409
409
409
409
408
408
408
408
408
408
408
408
408
408
408
408
408
408
408
408
408
408
408
408
408
408
408
408
408
408
408
408
408
408
408
408
408
408
407
407
407
407
407
407
407
407
407
407
407
407
407
407
407
407
407
407
407
407
407
407
407
407
407
407
407
407
407
407
407
407
406
406
406
406
406
406
406
406
406
406
406
406
406
406
406
406
406
406
406
406
406
406
406
406
406
406
406
406
406
406
406
406
406
406
406
406
406
406
406
406
406
406
405
405
405
405
405
405
405
405
405
405
405
405
405
405
405
405
405
405
405
405
405
405
405
405
405
405
405
405
405
405
405
405
405
405
405
405
405
405
405
405
405
405
405
405
405
405
405
405
405
405
405
405
405
405
405
405
405
405
405
405
404
404
404
404
404
404
404
404
404
404
404
404
404
404
404
404
404
404
404
404
404
404
404
404
404
404
404
404
404
404
404
404
404
403
403
403
403
403
403
403
403
403
403
403
403
403
403
403
403
403
403
403
403
403
403
403
403
403
403
403
403
403
403
403
403
403
403
403
403
403
403
403
403
403
403
403
403
403
403
403
402
402
402
402
402
402
402
402
402
402
402
402
402
402
402
402
402
402
402
402
402
402
402
402
402
402
402
402
402
402
402
402
402
402
402
402
402
402
402
402
402
402
402
402
402
402
402
402
401
401
401
401
401
401
401
401
401
401
401
401
401
401
401
401
401
401
401
401
401
401
401
401
401
401
401
401
401
401
401
401
401
401
401
401
401
401
401
401
401
401
400
400
400
400
400
400
400
400
400
400
400
400
400
400
400
400
400
400
400
400
400
400
400
400
400
400
400
400
400
400
400
400
400
400
400
400
400
400
400
400
400
400
400
400
400
399
399
399
399
399
399
399
399
399
399
399
399
399
399
399
399
399
399
399
399
399
399
399
399
399
399
399
399
399
399
399
399
399
399
399
399
399
399
399
399
399
399
399
398
398
398
398
398
398
398
398
398
398
398
398
398
398
398
398
398
398
398
398
398
398
398
398
398
398
398
398
398
398
398
398
398
398
398
398
398
398
398
398
398
397
397
397
397
397
397
397
397
397
397
397
397
397
397
397
397
397
397
397
397
397
397
397
397
397
397
397
397
397
397
397
397
397
397
397
397
397
397
397
397
397
397
397
397
396
396
396
396
396
396
396
396
396
396
396
396
396
396
396
396
396
396
396
396
396
396
396
396
396
396
396
396
396
396
396
396
396
396
396
396
396
396
396
396
396
396
396
395
395
395
395
395
395
395
395
395
395
395
395
395
395
395
395
395
395
395
395
395
395
395
395
395
395
395
395
395
395
395
395
395
395
395
395
395
395
395
395
395
394
394
394
394
394
394
394
394
394
394
394
394
394
394
394
394
394
394
394
394
394
394
394
394
394
394
394
394
394
394
394
394
394
394
394
394
394
394
394
394
394
394
394
394
394
394
394
394
393
393
393
393
393
393
393
393
393
393
393
393
393
393
393
393
393
393
393
393
393
393
393
393
393
393
393
393
393
393
393
393
393
393
393
393
393
393
393
393
393
393
393
393
393
393
392
392
392
392
392
392
392
392
392
392
392
392
392
392
392
392
392
392
392
392
392
392
392
392
392
392
392
392
392
392
392
392
392
392
392
392
392
392
392
392
392
392
392
392
392
392
392
392
392
391
391
391
391
391
391
391
391
391
391
391
391
391
391
391
391
391
391
391
391
391
391
391
391
391
391
391
391
391
391
391
391
391
391
391
391
391
391
391
391
391
391
391
390
390
390
390
390
390
390
390
390
390
390
390
390
390
390
390
390
390
390
390
390
390
390
390
390
390
390
390
390
390
390
390
390
390
390
390
390
390
390
390
390
390
390
390
390
390
389
389
389
389
389
389
389
389
389
389
389
389
389
389
389
389
389
389
389
389
389
389
389
389
389
389
389
389
389
389
389
389
389
389
389
389
389
389
389
389
389
389
389
388
388
388
388
388
388
388
388
388
388
388
388
388
388
388
388
388
388
388
388
388
388
388
388
388
388
388
388
388
388
388
388
388
388
388
388
388
388
387
387
387
387
387
387
387
387
387
387
387
387
387
387
387
387
387
387
387
387
387
387
387
387
387
387
387
387
387
387
387
387
387
386
386
386
386
386
386
386
386
386
386
386
386
386
386
386
386
386
386
386
386
386
386
386
386
386
386
386
386
386
385
385
385
385
385
385
385
385
385
385
385
385
385
385
385
385
385
385
385
385
385
385
385
385
385
385
385
385
385
385
385
384
384
384
384
384
384
384
384
384
384
384
384
384
384
384
384
384
384
384
384
384
384
384
384
384
384
384
384
384
384
384
384
384
384
384
383
383
383
383
383
383
383
383
383
383
383
383
383
383
383
383
383
383
383
383
383
383
382
382
382
382
382
382
382
382
382
382
382
382
382
382
382
382
382
382
382
382
382
382
382
382
382
382
382
381
381
381
381
381
381
381
381
381
381
381
381
381
381
381
381
381
381
381
381
381
381
381
381
381
381
381
381
380
380
380
380
380
380
380
380
380
380
380
380
380
380
380
380
380
380
380
380
380
380
380
380
380
380
380
380
380
379
379
379
379
379
379
379
379
379
379
379
379
379
379
379
379
379
379
379
379
379
379
379
379
379
379
379
378
378
378
378
378
378
378
378
378
378
378
378
378
378
378
378
378
378
378
378
378
378
377
377
377
377
377
377
377
377
377
377
377
377
377
377
377
377
377
377
377
376
376
376
376
376
376
376
376
376
376
376
376
376
376
376
376
376
376
376
376
376
376
376
376
376
376
376
376
376
376
375
375
375
375
375
375
375
375
375
375
375
375
375
375
375
375
375
375
374
374
374
374
374
374
374
374
374
374
374
374
374
374
373
373
373
373
373
373
373
373
373
373
373
373
373
373
373
373
372
372
372
372
372
372
372
372
372
372
371
371
371
371
371
371
371
371
371
371
371
371
371
371
371
371
371
371
371
371
371
370
370
370
370
370
370
370
370
370
370
370
370
370
369
369
369
369
369
369
369
369
368
368
368
368
368
368
368
368
368
368
368
368
368
368
368
367
367
367
367
367
367
367
367
366
366
366
366
366
366
366
365
365
365
365
365
365
365
365
365
365
365
365
364
364
364
364
364
364
364
363
363
363
363
363
363
363
363
363
363
363
363
362
362
362
362
362
362
362
362
361
361
361
361
361
361
361
360
360
360
360
360
359
359
359
359
358
358
358
358
358
358
358
358
357
357
357
357
357
357
357
357
357
357
356
356
356
356
356
355
355
355
355
355
354
354
354
354
354
354
353
353
353
353
353
353
353
353
352
352
352
352
352
352
352
352
352
352
352
351
351
351
351
350
350
350
349
348
348
348
347
347
347
347
346
346
346
346
345
345
344
344
344
344
343
343
343
343
343
342
342
342
342
342
341
341
341
340
339
339
339
339
339
339
338
337
337
337
336
335
335
334
334
334
333
333
333
332
329
327
326
325
324
324
324
323
323
323
323
320
318
316
311
310
308
308
305
304
302
300
298
295
295
289
255
255
254
240
240
240
240
236
228
225
225
220
218
215
214
213
208
204
200
200
198
197
196
193
185
177
176
172
162
162
160
155
152
152
149
147
147
142
141
138
137
136
128
128
