11036
9764
9696
9318
7161
7081
7034
7031
6985
6945
6945
6925
6877
6870
6826
6778
6774
6740
6702
6666
6656
6655
6635
6621
6621
6610
6516
6492
6465
6458
6451
6444
6431
6425
6422
6408
6395
6393
6379
6351
6343
6318
6310
6310
6300
6289
6220
6203
6201
6195
6194
6180
6178
6166
6156
6154
6154
6124
6123
6116
6112
6100
6093
6090
6085
6076
6071
6062
6061
6060
6059
6058
6055
6053
6049
6043
6032
6031
6029
6027
6027
6026
6023
6008
6002
6000
5995
5993
5991
5989
5987
5982
5982
5982
5976
5944
5925
5920
5914
5901
5899
5889
5887
5874
5860
5853
5853
5842
5838
5827
5824
5820
5813
5809
5807
5793
5777
5772
5768
5768
5763
5762
5762
5759
5757
5756
5755
5752
5747
5743
5742
5738
5735
5729
5727
5725
5722
5722
5720
5713
5709
5703
5698
5695
5683
5683
5681
5675
5670
5668
5663
5663
5662
5659
5657
5650
5649
5648
5643
5631
5625
5623
5621
5618
5612
5606
5605
5604
5604
5604
5600
5595
5593
5593
5592
5589
5589
5588
5582
5581
5579
5573
5570
5570
5569
5569
5566
5565
5553
5552
5548
5548
5544
5543
5537
5535
5534
5532
5530
5524
5523
5523
5523
5521
5520
5518
5518
5512
5511
5510
5501
5501
5500
5499
5496
5493
5490
5482
5477
5476
5472
5471
5470
5469
5468
5466
5465
5464
5463
5461
5460
5460
5459
5459
5455
5450
5449
5444
5442
5441
5440
5437
5435
5434
5434
5433
5423
5422
5417
5413
5413
5410
5409
5407
5406
5405
5405
5404
5402
5394
5394
5393
5392
5387
5380
5377
5376
5375
5375
5373
5370
5370
5368
5367
5363
5360
5360
5348
5347
5346
5346
5344
5344
5343
5343
5337
5334
5334
5333
5330
5326
5326
5322
5317
5315
5309
5308
5308
5306
5306
5304
5299
5288
5286
5284
5280
5279
5278
5277
5274
5271
5270
5270
5269
5267
5266
5266
5264
5264
5264
5263
5254
5254
5252
5252
5251
5243
5242
5241
5240
5239
5229
5223
5223
5222
5219
5219
5218
5218
5213
5213
5212
5210
5210
5210
5208
5206
5205
5203
5199
5199
5197
5197
5195
5194
5192
5189
5189
5182
5180
5180
5178
5177
5172
5172
5171
5167
5165
5165
5154
5150
5150
5149
5148
5147
5146
5145
5140
5135
5130
5129
5121
5120
5119
5119
5115
5111
5109
5109
5107
5105
5105
5104
5098
5098
5098
5096
5094
5089
5089
5088
5087
5086
5085
5082
5080
5080
5078
5077
5077
5077
5073
5071
5069
5066
5065
5065
5064
5064
5063
5061
5056
5056
5055
5054
5053
5045
5043
5041
5041
5040
5038
5036
5035
5033
5032
5032
5029
5025
5025
5018
5018
5017
5016
5016
5014
5010
5005
5005
5003
5001
4999
4992
4991
4991
4990
4990
4989
4989
4989
4986
4984
4982
4980
4978
4972
4968
4966
4966
4962
4958
4957
4956
4955
4955
4954
4954
4954
4954
4952
4952
4951
4949
4948
4945
4942
4941
4939
4939
4939
4938
4938
4936
4932
4931
4930
4930
4927
4925
4921
4914
4912
4912
4910
4907
4906
4906
4905
4904
4904
4904
4902
4902
4898
4895
4894
4893
4889
4884
4880
4878
4875
4874
4872
4868
4867
4867
4863
4863
4862
4861
4860
4860
4860
4859
4859
4855
4855
4850
4849
4848
4847
4846
4846
4845
4842
4842
4841
4838
4838
4833
4833
4832
4829
4825
4824
4822
4822
4821
4821
4820
4820
4819
4817
4813
4813
4812
4811
4805
4803
4802
4801
4800
4797
4795
4795
4795
4794
4793
4793
4792
4785
4782
4779
4779
4777
4775
4774
4772
4772
4770
4769
4766
4765
4765
4764
4761
4760
4760
4760
4757
4755
4754
4753
4753
4750
4745
4745
4742
4740
4735
4732
4732
4731
4730
4730
4729
4728
4728
4728
4725
4725
4725
4724
4724
4723
4723
4721
4721
4718
4718
4717
4717
4716
4714
4706
4705
4704
4703
4702
4701
4695
4693
4692
4692
4691
4689
4689
4687
4687
4687
4687
4686
4684
4682
4681
4681
4678
4677
4676
4675
4672
4671
4671
4669
4669
4669
4668
4668
4668
4665
4664
4662
4662
4660
4658
4658
4653
4649
4648
4647
4645
4645
4644
4642
4642
4636
4636
4633
4633
4631
4629
4625
4624
4622
4620
4620
4620
4619
4617
4617
4616
4614
4611
4611
4609
4609
4608
4608
4607
4607
4602
4601
4601
4600
4600
4598
4598
4595
4595
4593
4591
4589
4588
4586
4584
4582
4582
4580
4578
4577
4575
4565
4565
4564
4561
4560
4559
4558
4558
4555
4554
4547
4546
4546
4545
4544
4541
4538
4538
4537
4537
4536
4536
4535
4530
4527
4526
4522
4522
4521
4521
4520
4520
4520
4519
4516
4516
4515
4514
4513
4508
4505
4503
4502
4498
4498
4497
4496
4495
4494
4493
4489
4487
4487
4485
4483
4483
4483
4482
4481
4481
4480
4479
4479
4479
4478
4477
4477
4477
4476
4475
4474
4472
4466
4466
4465
4459
4459
4458
4453
4450
4447
4444
4441
4439
4438
4437
4437
4437
4434
4434
4434
4434
4433
4431
4424
4423
4421
4420
4420
4417
4417
4416
4413
4413
4406
4406
4403
4401
4401
4398
4394
4389
4388
4388
4388
4384
4384
4381
4379
4378
4376
4370
4367
4366
4365
4364
4362
4362
4362
4359
4356
4355
4355
4353
4353
4347
4345
4344
4343
4342
4341
4340
4340
4336
4334
4332
4332
4331
4328
4328
4325
4324
4322
4322
4320
4319
4318
4317
4317
4316
4314
4311
4311
4310
4309
4307
4305
4305
4301
4301
4300
4300
4300
4299
4296
4295
4295
4294
4293
4292
4292
4292
4291
4290
4288
4284
4283
4283
4282
4280
4279
4279
4278
4276
4276
4273
4271
4271
4270
4268
4268
4267
4266
4263
4262
4262
4257
4256
4255
4255
4254
4251
4250
4250
4250
4248
4248
4247
4246
4244
4242
4241
4239
4239
4237
4227
4227
4227
4227
4227
4224
4220
4219
4219
4217
4217
4215
4213
4212
4210
4209
4208
4208
4207
4207
4206
4206
4205
4204
4204
4203
4200
4200
4198
4194
4193
4190
4188
4186
4185
4181
4181
4180
4180
4179
4177
4176
4176
4175
4174
4174
4173
4173
4169
4167
4165
4165
4164
4163
4158
4152
4151
4151
4151
4149
4148
4148
4147
4145
4145
4144
4143
4143
4140
4138
4136
4135
4132
4131
4127
4127
4127
4126
4125
4124
4123
4122
4121
4120
4120
4118
4118
4113
4113
4112
4112
4111
4111
4110
4108
4107
4101
4100
4099
4099
4098
4096
4096
4095
4095
4095
4094
4092
4091
4091
4090
4089
4087
4081
4079
4079
4079
4075
4074
4073
4072
4072
4071
4068
4066
4064
4063
4063
4061
4061
4058
4057
4057
4055
4055
4054
4053
4052
4050
4049
4049
4049
4046
4044
4044
4044
4043
4041
4040
4038
4036
4036
4035
4034
4034
4033
4033
4033
4033
4032
4032
4032
4032
4030
4030
4029
4028
4028
4027
4027
4026
4022
4021
4020
4018
4017
4016
4015
4013
4013
4012
4010
4009
4002
4001
4001
4000
3997
3997
3996
3996
3996
3995
3994
3994
3993
3989
3988
3987
3985
3981
3979
3978
3977
3976
3973
3973
3970
3969
3968
3967
3967
3966
3965
3965
3965
3963
3959
3959
3958
3957
3957
3955
3954
3953
3952
3952
3950
3947
3947
3945
3944
3944
3943
3943
3942
3941
3940
3940
3939
3939
3938
3934
3934
3930
3930
3929
3928
3927
3926
3923
3922
3922
3921
3919
3914
3913
3913
3912
3912
3912
3908
3903
3902
3902
3902
3901
3899
3898
3896
3895
3893
3893
3892
3889
3889
3889
3887
3882
3882
3880
3879
3878
3877
3877
3875
3872
3871
3871
3870
3868
3867
3863
3862
3862
3861
3860
3860
3854
3853
3852
3849
3849
3848
3845
3845
3844
3840
3836
3836
3832
3830
3830
3825
3822
3822
3819
3819
3818
3817
3815
3814
3814
3814
3811
3811
3811
3809
3805
3803
3801
3800
3800
3799
3798
3798
3795
3794
3794
3789
3787
3787
3785
3784
3779
3778
3778
3778
3773
3769
3767
3765
3762
3761
3757
3757
3756
3755
3753
3752
3752
3749
3747
3745
3743
3743
3740
3739
3737
3736
3734
3734
3732
3732
3730
3728
3726
3723
3720
3720
3720
3719
3716
3713
3712
3711
3710
3709
3708
3708
3708
3707
3706
3704
3702
3700
3699
3699
3698
3698
3697
3696
3696
3693
3690
3688
3686
3684
3681
3681
3680
3679
3678
3677
3675
3670
3670
3669
3667
3665
3664
3664
3664
3663
3663
3663
3662
3661
3661
3661
3657
3656
3655
3654
3652
3650
3650
3647
3645
3643
3642
3641
3640
3639
3638
3636
3636
3636
3635
3634
3633
3629
3628
3628
3625
3621
3620
3617
3615
3614
3613
3613
3613
3612
3611
3607
3606
3597
3597
3597
3597
3596
3595
3588
3587
3582
3578
3577
3577
3574
3571
3570
3568
3567
3566
3563
3563
3563
3558
3554
3551
3548
3544
3540
3538
3537
3536
3535
3535
3534
3531
3531
3531
3529
3526
3526
3522
3521
3521
3521
3517
3517
3516
3515
3513
3512
3509
3505
3502
3502
3501
3499
3498
3498
3496
3495
3493
3491
3490
3485
3482
3481
3479
3478
3478
3477
3476
3474
3473
3470
3469
3468
3466
3465
3463
3461
3460
3458
3458
3457
3457
3457
3455
3452
3451
3450
3450
3449
3446
3444
3444
3442
3441
3441
3439
3438
3437
3437
3435
3433
3432
3430
3430
3426
3425
3424
3421
3411
3411
3411
3410
3407
3407
3400
3400
3400
3396
3396
3395
3393
3392
3392
3392
3392
3388
3382
3381
3380
3378
3375
3372
3372
3371
3370
3369
3366
3360
3358
3357
3355
3354
3353
3352
3351
3350
3348
3347
3347
3341
3341
3337
3337
3334
3333
3331
3329
3325
3324
3320
3319
3318
3316
3311
3311
3307
3307
3307
3307
3305
3304
3303
3302
3301
3301
3301
3300
3298
3294
3293
3292
3292
3284
3276
3275
3273
3273
3270
3268
3268
3268
3261
3260
3257
3256
3255
3248
3246
3246
3244
3234
3233
3233
3230
3220
3217
3216
3213
3211
3207
3207
3204
3203
3203
3202
3202
3198
3196
3194
3194
3192
3188
3185
3182
3177
3175
3168
3166
3165
3165
3160
3160
3159
3157
3154
3152
3150
3148
3148
3147
3146
3145
3139
3137
3131
3131
3127
3125
3120
3119
3118
3116
3114
3113
3112
3111
3110
3109
3105
3105
3103
3098
3093
3086
3081
3080
3079
3079
3077
3074
3072
3071
3071
3070
3065
3064
3063
3062
3062
3059
3057
3057
3056
3056
3056
3054
3053
3052
3051
3050
3040
3040
3039
3038
3034
3029
3028
3025
3024
3022
3020
3020
3019
3019
3018
3018
3015
3013
3009
3007
3007
3006
3005
3001
2988
2988
2988
2986
2985
2982
2982
2982
2979
2975
2973
2973
2973
2971
2969
2965
2963
2962
2960
2959
2958
2957
2954
2953
2952
2951
2949
2947
2947
2946
2943
2942
2940
2938
2938
2935
2934
2931
2931
2930
2929
2929
2920
2918
2918
2915
2915
2915
2910
2910
2908
2906
2899
2899
2898
2896
2896
2894
2889
2882
2882
2878
2875
2873
2868
2864
2863
2861
2859
2859
2856
2853
2852
2852
2845
2842
2840
2838
2837
2835
2831
2830
2827
2825
2825
2825
2825
2825
2824
2820
2816
2816
2815
2814
2813
2813
2812
2810
2810
2805
2802
2800
2794
2790
2789
2787
2787
2786
2783
2783
2782
2781
2780
2778
2776
2776
2771
2770
2766
2766
2764
2764
2764
2763
2761
2759
2757
2756
2752
2750
2749
2745
2744
2744
2744
2739
2737
2737
2737
2735
2729
2728
2726
2726
2723
2721
2719
2719
2717
2714
2714
2713
2713
2712
2712
2708
2705
2703
2702
2694
2691
2690
2687
2687
2685
2681
2672
2671
2668
2668
2667
2665
2665
2664
2660
2659
2658
2658
2651
2649
2649
2646
2645
2645
2641
2640
2639
2636
2636
2635
2635
2632
2628
2627
2626
2626
2622
2616
2615
2614
2614
2613
2611
2611
2610
2606
2603
2603
2603
2603
2600
2597
2595
2592
2591
2587
2582
2581
2581
2580
2579
2579
2576
2573
2572
2571
2570
2569
2566
2563
2562
2562
2555
2552
2545
2543
2542
2538
2537
2534
2531
2530
2530
2525
2522
2522
2520
2518
2514
2513
2512
2511
2510
2505
2503
2502
2496
2492
2489
2484
2483
2481
2474
2473
2471
2470
2470
2469
2467
2467
2467
2467
2464
2464
2462
2461
2458
2457
2456
2454
2453
2452
2449
2448
2446
2445
2442
2439
2434
2430
2429
2428
2426
2422
2420
2418
2416
2415
2411
2410
2410
2404
2404
2402
2401
2392
2391
2389
2388
2378
2375
2371
2368
2368
2367
2365
2364
2361
2359
2358
2357
2356
2356
2355
2353
2351
2349
2348
2334
2322
2319
2314
2314
2312
2310
2305
2300
2297
2297
2297
2297
2289
2288
2287
2286
2286
2281
2281
2278
2278
2274
2272
2270
2269
2269
2269
2267
2267
2266
2266
2265
2263
2261
2261
2258
2256
2254
2250
2237
2236
2236
2234
2233
2228
2228
2227
2224
2224
2223
2222
2220
2219
2219
2218
2211
2208
2207
2206
2204
2202
2202
2201
2200
2198
2197
2192
2190
2189
2188
2184
2177
2175
2175
2172
2171
2168
2166
2165
2164
2164
2160
2157
2155
2153
2149
2143
2142
2142
2141
2139
2139
2138
2136
2136
2135
2134
2134
2132
2125
2125
2124
2123
2123
2121
2120
2114
2114
2111
2106
2104
2103
2101
2100
2100
2098
2096
2090
2086
2084
2082
2075
2073
2072
2069
2069
2062
2058
2056
2046
2044
2041
2040
2040
2034
2034
2034
2033
2031
2031
2031
2030
2029
2028
2027
2027
2026
2026
2025
2023
2023
2023
2020
2018
2017
2017
2017
2017
2017
2012
2007
2004
2003
2002
2000
1998
1998
1998
1997
1997
1993
1993
1990
1989
1989
1983
1981
1978
1978
1975
1973
1973
1969
1967
1964
1960
1958
1958
1956
1956
1951
1951
1951
1949
1947
1947
1946
1946
1946
1946
1945
1945
1944
1942
1941
1938
1936
1936
1936
1931
1929
1927
1926
1921
1919
1918
1915
1907
1906
1906
1901
1893
1886
1886
1883
1882
1882
1880
1878
1876
1871
1870
1868
1868
1868
1866
1864
1864
1858
1858
1857
1854
1852
1851
1851
1849
1849
1848
1848
1847
1847
1846
1838
1832
1832
1831
1831
1831
1830
1830
1829
1828
1827
1823
1821
1820
1819
1818
1817
1817
1816
1814
1814
1813
1811
1811
1805
1800
1799
1797
1797
1795
1793
1792
1792
1792
1790
1788
1787
1785
1783
1778
1776
1775
1774
1774
1774
1773
1773
1770
1767
1766
1766
1760
1760
1760
1760
1756
1754
1752
1752
1751
1749
1749
1745
1744
1743
1743
1743
1741
1738
1738
1736
1736
1734
1731
1730
1728
1727
1724
1723
1720
1719
1716
1716
1715
1714
1714
1710
1710
1706
1706
1705
1702
1700
1700
1699
1697
1697
1694
1693
1693
1693
1692
1691
1687
1685
1685
1685
1683
1682
1681
1680
1679
1676
1676
1672
1672
1671
1669
1663
1662
1662
1662
1662
1660
1660
1658
1658
1658
1656
1655
1654
1652
1652
1650
1649
1649
1648
1648
1646
1645
1645
1642
1642
1639
1639
1638
1637
1637
1636
1635
1632
1631
1630
1627
1627
1627
1622
1622
1622
1620
1620
1619
1619
1618
1618
1617
1613
1613
1613
1612
1612
1612
1611
1610
1609
1608
1604
1601
1599
1597
1596
1596
1596
1595
1594
1594
1594
1590
1589
1588
1588
1587
1587
1585
1582
1574
1573
1573
1573
1568
1568
1567
1566
1565
1562
1560
1559
1558
1557
1553
1551
1551
1547
1547
1545
1542
1541
1540
1538
1537
1537
1535
1535
1533
1532
1531
1531
1530
1528
1526
1525
1522
1522
1520
1520
1520
1518
1518
1517
1513
1513
1513
1513
1512
1511
1511
1510
1509
1509
1506
1505
1504
1504
1503
1501
1500
1499
1496
1493
1492
1485
1485
1484
1480
1479
1478
1474
1473
1473
1471
1470
1470
1469
1468
1467
1466
1462
1456
1454
1454
1453
1453
1452
1451
1450
1446
1445
1445
1445
1444
1443
1442
1441
1441
1441
1440
1440
1440
1439
1439
1439
1437
1437
1437
1437
1436
1434
1434
1434
1432
1430
1429
1428
1428
1426
1422
1422
1421
1420
1420
1418
1418
1418
1417
1416
1416
1415
1414
1414
1412
1412
1412
1411
1407
1407
1406
1406
1405
1405
1404
1402
1401
1401
1399
1399
1399
1397
1395
1394
1392
1391
1391
1390
1389
1387
1387
1387
1387
1386
1386
1385
1383
1381
1381
1380
1380
1378
1374
1372
1372
1371
1371
1370
1370
1369
1369
1367
1366
1365
1364
1364
1364
1362
1361
1361
1361
1361
1360
1360
1357
1357
1356
1356
1354
1352
1351
1350
1350
1349
1348
1348
1347
1347
1347
1347
1346
1343
1342
1342
1342
1342
1342
1341
1341
1340
1340
1339
1339
1338
1335
1335
1335
1335
1335
1334
1334
1330
1329
1329
1329
1328
1328
1327
1327
1327
1327
1325
1325
1324
1324
1323
1323
1323
1321
1321
1319
1319
1318
1317
1316
1316
1316
1315
1313
1313
1312
1311
1310
1310
1310
1309
1309
1308
1308
1306
1305
1299
1299
1297
1295
1295
1295
1294
1293
1292
1291
1291
1290
1290
1287
1286
1286
1284
1283
1282
1282
1281
1281
1280
1280
1279
1278
1275
1274
1273
1273
1273
1272
1268
1268
1267
1267
1267
1264
1263
1261
1261
1260
1259
1258
1258
1256
1255
1254
1252
1251
1251
1251
1251
1250
1250
1247
1245
1244
1244
1243
1242
1242
1241
1241
1241
1239
1239
1239
1238
1238
1238
1236
1235
1234
1233
1231
1229
1228
1228
1227
1227
1226
1226
1226
1223
1222
1222
1221
1217
1217
1217
1217
1216
1216
1215
1215
1215
1213
1212
1211
1210
1209
1206
1206
1205
1205
1203
1202
1202
1200
1200
1199
1199
1199
1199
1197
1197
1197
1197
1195
1195
1192
1192
1192
1191
1191
1190
1189
1187
1187
1186
1183
1183
1182
1182
1181
1180
1179
1179
1178
1176
1175
1175
1174
1174
1174
1173
1173
1172
1171
1169
1168
1168
1168
1167
1167
1165
1165
1165
1163
1163
1163
1162
1162
1161
1160
1159
1156
1156
1155
1154
1154
1153
1152
1150
1150
1150
1149
1148
1147
1147
1146
1146
1145
1144
1143
1141
1141
1141
1141
1140
1140
1140
1139
1139
1138
1138
1137
1137
1137
1136
1136
1135
1135
1134
1133
1132
1131
1130
1130
1128
1127
1127
1127
1126
1126
1126
1124
1122
1122
1119
1118
1118
1118
1118
1116
1116
1115
1115
1115
1114
1114
1113
1113
1113
1113
1112
1112
1112
1109
1108
1108
1108
1107
1107
1107
1106
1106
1105
1105
1105
1105
1104
1103
1101
1101
1101
1101
1100
1100
1100
1099
1099
1098
1097
1097
1096
1096
1095
1095
1095
1094
1094
1094
1093
1093
1093
1093
1092
1091
1091
1091
1090
1090
1090
1090
1090
1090
1087
1086
1085
1084
1084
1084
1084
1083
1082
1081
1080
1078
1078
1078
1077
1077
1076
1076
1075
1075
1075
1074
1074
1073
1073
1072
1070
1069
1069
1068
1068
1068
1068
1067
1067
1067
1066
1066
1066
1065
1065
1064
1064
1064
1063
1063
1063
1062
1062
1061
1061
1061
1060
1060
1060
1060
1059
1059
1058
1058
1057
1057
1056
1055
1054
1053
1053
1053
1053
1052
1051
1050
1049
1049
1049
1049
1048
1047
1047
1047
1046
1044
1044
1043
1043
1042
1041
1041
1040
1040
1040
1039
1039
1038
1037
1037
1037
1036
1034
1034
1033
1033
1033
1032
1032
1031
1031
1030
1030
1030
1030
1029
1028
1028
1028
1028
1028
1028
1027
1027
1026
1026
1026
1025
1023
1023
1022
1022
1022
1021
1021
1020
1019
1018
1017
1016
1016
1015
1015
1015
1014
1014
1013
1013
1013
1012
1012
1011
1011
1011
1011
1011
1010
1010
1010
1009
1008
1008
1008
1008
1007
1007
1006
1005
1005
1005
1004
1004
1004
1004
1003
1003
1003
1002
1002
1002
1000
1000
999
998
998
998
997
996
996
996
995
995
994
994
994
994
994
994
993
993
992
992
992
992
991
991
991
990
990
990
989
989
988
988
988
986
986
986
986
986
986
985
985
985
984
983
982
982
981
981
981
981
980
980
980
979
978
977
977
976
976
976
976
976
976
975
974
974
973
973
973
972
972
972
972
971
971
970
969
969
969
968
966
965
964
964
964
963
963
963
962
962
961
961
960
959
959
959
959
959
958
957
956
956
955
955
953
953
952
952
951
951
951
950
950
949
948
948
948
948
947
947
947
947
946
946
946
946
944
943
943
943
943
942
942
942
941
941
940
940
940
940
940
939
939
939
938
937
937
937
937
936
936
936
935
935
935
935
934
934
933
933
932
931
930
930
930
929
929
929
929
929
928
927
927
927
926
925
925
925
924
924
924
924
923
922
922
922
922
921
921
921
920
919
919
919
919
918
918
918
918
917
917
917
917
916
916
916
915
913
913
912
912
911
911
911
911
911
910
910
910
909
909
908
907
907
907
906
906
905
905
905
905
905
904
904
903
903
902
902
902
902
901
901
901
901
901
901
900
900
900
898
898
898
898
898
897
897
896
896
896
896
896
896
895
895
895
894
894
893
893
893
892
892
892
892
892
892
892
892
891
891
891
891
891
891
891
890
889
889
889
889
888
887
887
887
886
886
886
885
885
884
883
883
882
882
882
882
882
882
882
881
880
879
878
877
877
877
876
876
875
875
875
873
873
873
873
872
872
872
872
872
872
871
871
871
870
870
870
870
870
870
869
869
869
868
868
868
867
867
867
867
866
866
866
865
865
865
864
863
863
863
862
862
861
861
861
861
859
859
858
858
858
858
858
858
858
857
857
857
856
856
856
855
855
855
855
854
854
853
853
852
852
852
852
851
851
851
851
851
850
850
850
849
849
848
848
848
848
848
847
847
847
846
846
846
846
846
844
844
844
844
843
843
842
842
842
841
841
841
841
841
840
840
840
840
840
840
840
840
840
839
839
839
839
839
838
838
838
838
837
837
836
836
836
835
835
835
835
834
834
834
833
833
833
832
832
832
832
832
832
831
831
830
830
829
829
829
828
828
828
828
828
827
827
826
825
825
825
825
825
825
824
824
824
824
824
823
823
823
822
822
821
821
820
820
820
820
819
819
819
819
819
819
819
818
818
818
818
818
818
817
817
817
817
817
817
816
816
815
815
815
815
815
815
815
814
814
814
814
814
813
812
812
812
810
810
810
810
810
809
809
809
809
809
808
808
808
807
807
807
807
806
806
805
805
805
805
805
805
804
804
804
804
804
804
804
804
803
803
803
803
802
801
801
801
799
799
799
799
799
799
798
798
798
798
797
797
797
796
796
796
796
796
796
796
796
796
795
795
795
795
794
794
794
794
793
793
792
792
792
792
792
792
791
791
791
791
790
790
790
789
789
789
789
789
789
789
789
788
788
788
788
787
787
787
787
787
786
786
786
785
785
785
785
785
785
784
784
783
782
782
781
781
781
780
780
780
779
779
779
778
778
778
778
778
777
777
777
777
777
776
776
775
775
775
775
775
774
774
774
773
773
773
773
773
773
772
772
772
771
771
771
771
770
770
770
769
769
769
769
768
768
767
767
767
767
767
766
766
766
765
765
765
765
764
764
764
764
763
763
763
763
763
763
763
762
762
762
762
762
762
761
761
761
761
761
760
760
760
760
760
760
760
759
759
759
758
758
758
758
757
757
757
757
757
756
756
756
756
755
755
755
755
754
754
753
753
753
752
752
752
752
751
751
750
750
749
749
747
747
747
747
746
746
746
746
746
745
744
744
744
744
744
743
743
743
743
743
742
742
742
742
742
742
742
741
741
741
741
740
740
740
740
740
740
740
739
739
739
739
738
738
737
737
737
736
736
736
736
735
735
735
735
735
735
735
735
734
734
734
733
733
733
733
733
733
733
733
732
732
732
732
732
731
731
731
731
730
730
730
730
730
730
729
729
729
729
728
728
728
728
728
728
727
727
727
727
727
726
726
726
725
725
725
725
725
724
724
724
724
724
724
724
724
723
723
723
722
722
721
721
721
721
721
721
721
721
720
720
720
720
719
719
719
719
719
719
718
718
718
718
718
718
717
717
717
717
717
717
717
717
716
716
716
716
716
716
716
715
715
715
715
715
715
715
714
714
714
714
714
713
713
713
713
712
712
712
712
712
712
712
712
712
712
712
711
711
711
711
711
710
710
710
710
709
709
709
709
709
709
709
708
708
708
708
708
708
707
707
707
706
706
706
706
706
706
706
706
705
705
705
705
705
705
704
704
703
703
703
702
702
702
702
702
701
701
701
701
701
701
701
700
700
700
700
700
700
700
700
700
700
700
699
699
699
699
699
698
698
698
698
698
698
698
697
697
697
697
697
697
697
697
696
696
696
695
695
695
695
695
695
694
694
694
693
693
693
693
693
693
692
692
692
692
692
692
692
692
692
692
692
691
691
690
690
690
689
689
689
689
689
688
688
688
688
688
688
688
687
687
687
687
687
687
687
687
687
686
686
686
686
686
685
685
685
685
684
684
684
684
684
684
684
684
684
683
683
682
682
682
681
681
681
681
680
680
680
680
680
680
679
679
679
679
679
678
677
677
677
677
677
676
676
676
676
676
676
676
675
675
675
675
675
675
675
674
674
674
674
673
673
673
673
673
673
672
672
672
672
672
672
672
671
671
671
670
670
670
670
670
670
669
669
669
669
668
668
668
668
668
668
668
667
667
666
666
666
666
666
666
666
665
665
665
665
665
664
664
664
664
664
664
664
664
663
663
663
663
663
663
663
663
662
662
662
662
662
662
661
661
661
661
661
660
660
660
659
659
659
659
659
658
658
658
658
657
657
657
657
657
657
656
656
656
656
656
656
656
655
655
655
655
655
655
655
655
655
654
654
654
654
654
654
654
653
653
653
653
653
653
653
653
652
652
652
652
652
651
651
651
651
651
651
651
650
650
650
650
649
649
649
649
649
649
649
649
648
648
648
648
648
648
648
648
648
647
647
647
647
647
647
647
647
646
646
646
646
646
646
646
645
645
645
645
645
645
645
645
645
645
645
644
644
644
644
644
643
643
643
643
642
642
642
642
642
642
641
641
641
641
640
640
640
640
640
640
640
640
640
640
640
640
640
640
640
640
640
639
639
639
639
639
639
639
639
639
639
638
638
638
638
638
638
638
638
638
637
637
637
637
637
637
637
636
636
636
636
636
636
635
635
635
635
635
635
634
634
634
634
634
634
634
634
634
634
634
633
633
633
633
633
632
632
632
632
632
632
632
632
632
631
631
631
631
631
631
631
631
631
631
631
631
631
630
630
630
630
630
630
630
630
630
630
629
629
629
629
629
629
628
628
628
628
628
627
627
627
627
627
627
627
627
627
627
627
626
626
626
626
626
626
626
626
626
626
626
626
626
625
625
625
625
625
625
625
624
624
624
624
624
624
624
624
624
624
624
623
623
623
623
623
623
623
623
622
622
622
622
622
622
622
622
622
621
621
621
621
621
621
621
621
621
620
620
620
620
620
620
620
620
620
620
620
619
619
619
619
619
619
619
618
618
618
618
618
618
618
618
618
618
618
618
617
617
617
617
617
617
617
617
617
617
617
617
617
616
616
616
616
616
616
616
616
615
615
615
615
615
615
615
615
615
615
615
614
614
614
614
614
614
614
614
614
614
614
614
614
614
613
613
613
613
613
613
613
613
613
612
612
612
612
612
612
612
612
612
612
611
611
611
611
611
611
611
611
611
610
610
610
610
610
610
610
610
610
610
609
609
609
609
609
609
609
609
609
609
608
608
608
608
608
608
608
608
608
608
608
607
607
607
607
607
607
607
607
607
607
607
606
606
606
606
606
606
606
606
606
606
606
606
605
605
605
605
605
605
605
605
605
605
604
604
604
604
604
604
604
604
604
603
603
603
603
603
603
603
602
602
602
602
602
602
602
602
602
602
602
601
601
601
601
601
601
601
601
601
601
601
601
600
600
600
600
600
600
600
600
599
599
599
599
599
599
599
599
599
599
598
598
598
598
597
597
597
597
597
597
597
597
597
596
596
596
596
595
595
595
595
595
595
595
595
595
595
594
594
594
594
594
594
594
594
594
594
594
594
594
593
593
593
593
593
593
593
593
593
593
593
593
592
592
592
592
592
592
592
592
592
592
592
592
592
592
591
591
591
591
591
590
590
590
590
590
590
590
589
589
589
589
589
589
589
588
588
588
588
588
588
588
588
587
587
587
587
587
587
586
586
586
586
586
586
586
586
586
586
586
586
586
586
586
585
585
585
585
585
585
585
585
584
584
584
584
584
584
584
584
584
584
584
584
583
583
583
583
583
583
583
583
583
583
582
582
582
582
582
582
582
582
581
581
581
581
581
581
581
581
581
580
580
580
580
580
580
580
580
580
580
580
579
579
579
579
579
579
579
579
579
579
578
578
578
578
578
577
577
577
577
577
577
577
577
576
576
576
576
576
576
576
576
576
576
576
576
576
576
575
575
575
575
575
575
575
575
574
574
574
574
574
574
574
574
573
573
573
573
573
573
573
573
573
573
573
573
573
572
572
572
572
572
572
572
572
572
572
572
572
572
571
571
571
571
571
571
570
570
570
570
570
570
570
570
570
570
570
570
569
569
569
569
569
569
569
569
569
569
569
569
568
568
568
568
568
568
568
568
568
568
568
567
567
567
567
567
567
567
567
566
566
566
566
566
566
566
566
566
565
565
565
565
565
565
565
565
565
565
564
564
564
564
564
564
564
564
564
564
564
564
564
564
564
564
563
563
563
563
563
562
562
562
562
562
562
562
562
562
562
561
561
561
561
561
561
561
561
561
560
560
560
560
560
560
560
559
559
559
559
559
559
558
558
558
558
558
558
558
558
558
557
557
557
557
557
557
557
557
556
556
556
556
556
556
556
556
556
556
556
556
556
556
555
555
555
555
555
555
555
554
554
554
554
554
554
554
554
554
554
554
554
554
554
553
553
553
553
553
552
552
552
552
552
552
552
552
552
552
551
551
551
551
551
551
551
551
550
550
550
550
550
550
550
550
550
550
550
550
550
549
549
549
549
549
549
549
548
548
548
548
548
548
548
548
548
547
547
547
547
547
547
547
547
546
546
546
546
546
546
546
545
545
545
545
545
544
544
544
544
544
543
543
543
543
543
543
543
543
543
543
543
543
542
542
542
542
542
542
542
542
542
542
542
542
542
541
541
541
541
541
541
541
541
541
540
540
540
540
540
540
540
540
540
540
540
540
539
539
539
539
539
539
539
539
539
539
539
539
539
539
539
538
538
538
538
538
538
538
538
538
537
537
537
537
537
537
537
537
537
537
537
537
536
536
536
536
536
536
536
536
536
536
536
535
535
535
535
535
535
535
535
535
535
535
534
534
534
534
534
534
534
534
534
533
533
533
533
533
533
533
533
532
532
532
532
532
532
532
532
531
531
531
531
531
531
531
531
531
531
530
530
530
530
530
530
530
530
530
530
530
529
529
529
529
529
529
529
528
528
528
528
528
528
528
528
528
528
528
528
528
528
528
528
528
527
527
527
527
526
526
526
526
526
526
526
526
526
526
526
526
526
526
525
525
525
525
525
525
524
524
524
524
524
524
524
524
524
524
524
524
524
524
523
523
523
523
523
523
523
523
523
523
523
523
522
522
522
522
522
522
522
522
522
522
522
522
522
522
521
521
521
521
521
521
521
521
521
521
520
520
520
520
520
520
520
520
520
520
520
519
519
519
519
519
519
519
519
519
519
519
519
518
518
518
518
518
518
518
518
517
517
517
517
517
517
517
517
517
517
517
517
517
517
516
516
516
516
516
516
516
516
516
516
516
516
515
515
515
515
515
515
515
515
515
515
514
514
514
514
514
514
514
514
514
513
513
513
513
513
513
512
512
512
512
512
512
512
512
512
512
512
512
512
512
512
512
512
511
511
511
511
511
511
511
511
511
511
511
511
511
510
510
510
510
510
510
510
510
510
510
510
510
510
510
509
509
509
509
509
509
509
509
509
509
509
509
509
509
509
508
508
508
508
508
508
508
508
508
508
508
508
507
507
507
507
507
507
507
506
506
506
506
506
506
506
506
506
506
506
505
505
505
505
505
505
505
505
505
505
505
505
505
505
505
505
505
504
504
504
504
504
504
504
504
503
503
503
503
503
503
503
503
503
503
503
503
502
502
502
502
502
502
502
502
502
502
502
502
502
502
502
502
502
502
502
502
502
502
502
501
501
501
501
501
501
501
501
501
501
501
501
500
500
500
500
500
500
500
500
500
500
500
500
500
500
499
499
499
499
499
499
499
499
499
499
499
499
499
499
498
498
498
498
498
498
498
498
498
498
498
498
498
498
498
497
497
497
497
497
497
497
497
497
497
497
497
497
497
497
497
496
496
496
496
496
496
496
496
495
495
495
495
495
495
495
495
495
495
495
494
494
494
494
494
494
494
494
494
494
494
494
494
494
493
493
493
493
493
493
493
493
493
493
493
493
493
493
493
493
493
493
493
493
492
492
492
492
492
492
492
492
492
492
492
492
492
492
492
491
491
491
491
491
491
491
491
491
491
491
491
491
491
491
491
491
491
491
490
490
490
489
489
489
489
489
489
489
489
489
489
489
489
489
489
489
488
488
488
488
488
488
488
488
488
488
488
488
488
488
488
488
487
487
487
487
487
487
487
487
487
487
486
486
486
486
486
486
486
486
486
486
486
486
486
486
486
485
485
485
485
485
485
485
485
485
485
485
485
485
485
484
484
484
484
484
484
484
484
484
484
484
484
484
484
484
484
484
484
484
483
483
483
483
483
483
483
482
482
482
482
482
482
482
482
482
482
482
482
482
482
482
481
481
481
481
481
481
481
481
481
481
480
480
480
480
480
480
480
480
480
480
480
480
480
479
479
479
479
479
479
479
479
479
479
479
479
478
478
478
478
478
478
478
478
478
478
478
478
478
478
478
478
478
478
478
478
477
477
477
477
477
477
477
477
477
477
477
476
476
476
476
476
476
476
476
476
476
476
476
476
476
476
476
476
476
476
476
476
476
476
476
476
476
475
475
475
475
475
475
475
475
475
475
475
475
475
475
475
474
474
474
474
474
474
474
474
474
474
474
474
474
474
474
474
473
473
473
473
473
473
473
473
473
473
473
473
473
473
472
472
472
472
472
472
472
472
472
472
472
472
471
471
471
471
471
471
471
471
470
470
470
470
470
470
470
470
470
470
470
470
470
470
470
470
470
469
469
469
469
469
469
469
469
469
469
469
469
469
469
469
469
469
469
469
469
469
469
469
469
469
468
468
468
468
468
468
468
468
468
468
468
468
468
467
467
467
467
467
467
467
467
467
467
467
467
467
467
467
466
466
466
466
466
466
466
466
466
466
465
465
465
465
465
465
465
465
465
465
465
465
465
464
464
464
464
464
464
464
464
464
464
464
464
464
464
464
463
463
463
463
463
463
463
463
463
463
463
463
463
463
463
462
462
462
462
462
462
462
462
462
462
462
462
462
462
462
462
462
462
462
461
461
461
461
461
461
461
461
461
461
461
461
461
461
461
461
461
461
461
461
461
460
460
460
460
460
460
460
460
460
460
460
460
460
460
460
460
460
460
460
460
460
460
460
460
460
459
459
459
459
459
459
459
459
459
459
459
459
458
458
458
458
458
458
458
458
458
458
458
458
457
457
457
457
457
457
457
457
457
457
457
457
457
457
457
457
457
457
457
457
457
456
456
456
456
456
456
456
456
456
456
456
456
456
456
455
455
455
455
455
455
455
455
455
455
455
455
455
455
454
454
454
454
454
454
454
454
454
454
454
454
454
454
454
454
453
453
453
453
453
453
453
453
453
453
453
453
453
453
453
453
453
453
452
452
452
452
452
452
452
452
452
452
452
452
452
452
451
451
451
451
451
451
451
451
451
451
451
451
451
450
450
450
450
450
450
450
450
450
450
450
450
450
449
449
449
449
449
449
449
449
449
449
449
449
448
448
448
448
448
448
448
448
448
448
448
448
448
448
448
448
448
448
448
447
447
447
447
447
447
447
447
447
447
447
447
447
447
447
447
447
447
447
447
447
447
447
447
446
446
446
446
446
446
446
446
446
446
446
446
445
445
445
445
445
445
445
445
445
445
445
445
445
444
444
444
444
444
444
444
444
444
444
444
444
444
444
444
444
444
444
444
443
443
443
443
443
443
443
443
443
443
443
443
442
442
442
442
442
442
442
442
442
442
442
442
442
442
441
441
441
441
441
441
441
441
441
441
441
441
441
441
440
440
440
440
440
440
440
440
440
440
440
440
440
440
440
440
439
439
439
439
439
439
439
439
439
439
439
439
439
439
439
439
439
439
439
439
438
438
438
438
438
438
438
438
438
438
438
438
438
438
438
437
437
437
437
437
437
437
436
436
436
436
436
436
436
436
436
436
436
436
435
435
435
435
435
435
435
435
435
435
435
435
435
435
435
435
435
435
435
434
434
434
434
434
434
434
434
434
434
434
434
434
434
434
434
434
434
434
434
434
434
434
434
434
434
433
433
433
433
433
433
433
433
433
433
433
433
433
433
433
433
433
433
433
433
433
432
432
432
432
432
432
432
432
432
432
432
432
432
432
432
432
432
432
432
432
432
432
432
432
432
432
432
432
432
432
432
431
431
431
431
431
431
431
431
431
431
431
431
431
431
431
431
431
431
431
431
431
430
430
430
430
430
430
430
430
430
430
430
430
430
430
430
430
430
430
429
429
429
429
429
429
429
429
429
429
429
429
429
429
429
429
429
429
428
428
428
428
428
428
428
428
428
428
428
428
428
428
428
427
427
427
427
427
427
427
427
427
427
427
427
427
427
427
427
427
427
427
427
427
427
427
426
426
426
426
426
426
426
426
426
426
426
426
426
425
425
425
425
425
425
425
425
425
425
425
425
425
425
425
425
425
425
425
425
425
424
424
424
424
424
424
424
424
424
424
424
424
424
424
424
424
424
424
424
424
424
424
424
423
423
423
423
423
423
423
423
423
423
423
423
423
423
423
423
422
422
422
422
422
422
422
422
422
422
422
422
422
422
422
422
422
422
422
422
422
422
421
421
421
421
421
421
421
421
421
421
421
421
421
421
421
421
421
420
420
420
420
420
420
420
420
420
420
420
420
419
419
419
419
419
419
419
419
419
419
419
419
418
418
418
418
418
418
418
418
418
418
418
418
418
418
418
418
418
417
417
417
417
417
417
417
417
417
416
416
416
416
416
416
416
416
416
416
416
416
416
416
416
416
416
416
416
416
415
415
415
415
415
415
415
415
415
415
415
415
415
415
415
415
415
415
415
414
414
414
414
414
414
414
414
414
414
414
414
414
414
414
414
414
414
414
414
413
413
413
413
413
413
413
413
413
413
413
413
413
413
413
413
413
412
412
412
412
412
412
412
412
412
412
412
412
412
412
412
412
412
412
412
412
412
411
411
411
411
411
411
411
411
411
411
411
411
411
411
411
411
411
411
410
410
410
410
410
410
410
410
410
410
410
410
410
410
410
410
410
410
410
410
410
410
410
410
410
409
409
409
409
409
409
409
409
409
409
409
409
409
409
409
409
409
409
409
409
409
409
409
409
409
409
409
409
409
408
408
408
408
408
408
408
408
408
408
408
408
408
408
408
408
408
408
408
408
408
408
408
407
407
407
407
407
407
407
407
407
407
407
407
407
407
406
406
406
406
406
406
406
406
406
406
406
406
406
406
406
406
406
406
406
406
406
406
406
406
406
405
405
405
405
405
405
405
405
405
405
405
405
405
405
405
405
405
405
405
405
404
404
404
404
404
404
404
404
404
404
404
404
404
404
404
403
403
403
403
403
403
403
403
403
403
403
403
403
403
403
403
403
402
402
402
402
402
402
402
402
402
402
402
402
402
402
402
402
402
402
402
402
402
402
402
402
402
402
401
401
401
401
401
401
401
401
401
401
401
401
401
401
401
401
401
400
400
400
400
400
400
400
400
400
400
400
400
400
400
400
400
400
400
400
400
400
400
399
399
399
399
399
399
399
399
399
399
399
399
399
399
399
399
399
399
399
399
398
398
398
398
398
398
398
398
398
398
398
398
398
398
398
398
398
398
397
397
397
397
397
397
397
397
397
397
397
397
397
397
397
397
397
397
397
397
397
397
396
396
396
396
396
396
396
396
396
396
396
396
396
396
396
396
396
396
396
395
395
395
395
395
395
395
395
395
395
395
395
395
394
394
394
394
394
394
394
394
394
394
394
394
394
393
393
393
393
393
393
393
393
393
393
393
393
393
393
393
393
393
393
392
392
392
392
392
392
392
392
392
392
392
392
392
392
392
392
392
392
392
392
392
392
392
392
392
392
392
392
391
391
391
391
391
391
391
391
391
391
391
391
391
391
391
390
390
390
390
390
390
390
390
390
390
390
390
389
389
389
389
389
389
389
389
389
389
389
389
389
389
389
389
389
389
388
388
388
388
388
388
388
388
388
388
388
388
388
388
388
388
388
388
388
388
387
387
387
387
387
387
387
387
387
387
387
387
387
387
387
387
386
386
386
386
386
386
386
386
386
386
386
386
386
385
385
385
385
385
385
385
385
385
384
384
384
384
384
384
384
384
384
384
383
383
383
383
383
383
383
383
383
383
383
383
383
383
383
383
383
382
382
382
382
382
382
382
382
382
382
382
382
382
382
382
382
381
381
381
381
381
381
381
381
380
380
380
380
380
380
380
380
380
380
380
380
380
380
380
380
380
380
379
379
379
379
379
379
379
379
378
378
378
378
378
378
377
377
377
377
377
377
377
377
376
376
376
376
376
376
376
376
375
375
375
375
375
375
375
375
375
374
374
373
373
373
373
372
372
372
372
372
372
372
372
371
371
371
371
370
370
370
370
369
369
369
369
369
369
369
368
368
368
368
368
367
367
367
367
367
366
366
366
366
366
366
366
366
365
365
365
364
364
364
364
364
364
364
364
364
363
363
363
363
363
363
363
363
362
362
362
362
362
361
360
359
358
357
357
357
357
356
355
355
354
354
354
354
354
353
351
351
351
350
350
348
348
348
347
347
346
346
345
345
344
344
342
342
342
341
341
340
339
338
336
336
336
331
328
321
319
318
316
313
310
307
307
304
298
275
262
260
257
255
253
232
230
221
221
220
218
205
197
192
166
163
163
161
161
161
158
154
146
144
143
139
128
128
128
128
