6016
6005
5969
5927
5914
5905
5902
5890
5886
5836
5793
5792
5769
5768
5764
5748
5739
5732
5724
5691
5651
5635
5634
5628
5618
5612
5592
5587
5582
5572
5548
5542
5533
5520
5518
5518
5512
5507
5505
5500
5497
5493
5492
5481
5474
5462
5450
5428
5426
5426
5417
5401
5401
5400
5399
5376
5366
5365
5346
5337
5327
5325
5321
5299
5292
5283
5282
5276
5271
5259
5247
5242
5226
5217
5216
5210
5210
5210
5208
5204
5200
5197
5195
5187
5186
5176
5166
5165
5162
5160
5137
5133
5128
5128
5113
5111
5095
5093
5087
5084
5067
5066
5062
5054
5053
5050
5047
5042
5032
5029
4981
4965
4952
4951
4945
4945
4942
4940
4935
4932
4931
4931
4931
4928
4924
4924
4906
4902
4888
4887
4869
4868
4857
4854
4849
4849
4842
4838
4834
4810
4803
4796
4793
4779
4768
4767
4765
4764
4758
4739
4738
4728
4728
4727
4720
4717
4712
4707
4692
4685
4681
4656
4655
4653
4652
4651
4651
4649
4645
4637
4635
4634
4627
4626
4624
4622
4616
4610
4601
4596
4595
4591
4587
4582
4578
4576
4574
4567
4557
4554
4551
4544
4538
4535
4534
4527
4525
4524
4520
4485
4467
4449
4443
4440
4432
4418
4416
4414
4406
4397
4376
4371
4352
4345
4342
4336
4335
4334
4332
4331
4292
4278
4274
4264
4263
4256
4252
4249
4238
4238
4228
4224
4203
4190
4189
4174
4163
4151
4146
4125
4110
4088
4077
4067
4036
4014
4012
4008
3999
3994
3993
3993
3987
3987
3983
3975
3969
3921
3920
3920
3920
3911
3910
3901
3897
3891
3853
3852
3851
3844
3833
3811
3808
3804
3803
3803
3801
3798
3778
3757
3748
3741
3705
3661
3656
3643
3632
3630
3620
3620
3619
3619
3616
3609
3594
3593
3591
3590
3587
3582
3571
3565
3563
3559
3539
3534
3532
3526
3526
3525
3515
3514
3498
3490
3489
3482
3475
3474
3466
3465
3452
3443
3438
3430
3428
3413
3401
3395
3393
3380
3373
3370
3351
3344
3325
3320
3316
3308
3308
3306
3299
3296
3288
3287
3273
3263
3262
3260
3251
3226
3222
3219
3214
3196
3196
3184
3178
3176
3173
3160
3137
3126
3120
3104
3090
3083
3081
3073
3070
3069
3069
3044
3041
3038
3037
3035
3029
3022
3011
3007
3001
3001
2995
2993
2991
2984
2983
2978
2967
2965
2955
2950
2947
2946
2939
2937
2936
2933
2928
2927
2924
2905
2902
2899
2897
2896
2872
2864
2863
2856
2850
2842
2842
2841
2836
2833
2831
2826
2822
2820
2810
2801
2798
2781
2769
2766
2764
2761
2758
2755
2749
2748
2745
2735
2717
2714
2713
2705
2702
2699
2694
2693
2691
2681
2673
2673
2648
2638
2634
2633
2633
2632
2630
2630
2624
2619
2607
2607
2603
2599
2594
2589
2589
2585
2578
2577
2564
2562
2557
2545
2537
2534
2533
2516
2508
2503
2502
2502
2502
2498
2497
2495
2495
2492
2487
2487
2481
2481
2478
2476
2474
2459
2447
2417
2415
2414
2410
2405
2405
2394
2376
2376
2350
2344
2342
2337
2334
2332
2319
2310
2310
2309
2308
2308
2301
2300
2299
2299
2298
2297
2297
2296
2294
2285
2282
2282
2281
2275
2273
2272
2270
2269
2266
2265
2248
2246
2243
2239
2237
2233
2230
2228
2226
2224
2221
2218
2214
2195
2190
2188
2186
2182
2177
2176
2174
2173
2171
2167
2166
2163
2163
2159
2155
2154
2153
2149
2145
2138
2138
2135
2134
2132
2130
2124
2124
2119
2115
2111
2105
2097
2097
2087
2086
2085
2076
2075
2050
2050
2050
2047
2037
2034
2027
2007
2006
1998
1992
1988
1984
1983
1972
1971
1965
1954
1949
1940
1939
1939
1938
1924
1906
1898
1889
1877
1876
1868
1868
1864
1864
1859
1858
1858
1853
1851
1842
1840
1840
1838
1834
1831
1828
1825
1820
1806
1806
1798
1791
1787
1776
1767
1767
1755
1754
1743
1741
1736
1736
1729
1725
1724
1722
1720
1717
1716
1716
1714
1707
1705
1705
1704
1696
1676
1673
1673
1666
1665
1663
1662
1662
1661
1658
1657
1648
1645
1637
1635
1628
1628
1627
1609
1607
1606
1588
1587
1584
1576
1573
1573
1571
1571
1567
1565
1558
1553
1552
1544
1540
1536
1535
1528
1528
1521
1520
1510
1508
1507
1503
1497
1497
1489
1482
1482
1481
1475
1474
1468
1459
1457
1447
1444
1441
1440
1438
1437
1434
1426
1426
1425
1419
1417
1409
1409
1405
1402
1399
1396
1395
1393
1389
1387
1386
1384
1383
1377
1376
1373
1371
1370
1370
1370
1365
1352
1343
1341
1341
1337
1336
1335
1335
1335
1334
1334
1333
1329
1327
1325
1324
1324
1320
1319
1318
1317
1316
1315
1314
1313
1311
1311
1307
1306
1303
1300
1298
1296
1296
1296
1291
1289
1288
1288
1286
1284
1279
1277
1277
1275
1274
1274
1269
1266
1264
1259
1256
1253
1252
1251
1247
1243
1239
1234
1233
1232
1232
1231
1230
1225
1224
1221
1221
1220
1219
1219
1218
1212
1209
1207
1207
1207
1203
1199
1198
1196
1195
1193
1192
1189
1189
1188
1186
1185
1184
1183
1182
1180
1178
1178
1178
1175
1174
1174
1174
1174
1173
1171
1170
1170
1165
1164
1163
1161
1160
1159
1159
1155
1151
1151
1148
1145
1145
1142
1142
1142
1141
1139
1137
1135
1134
1133
1133
1133
1132
1131
1131
1129
1128
1127
1127
1126
1124
1122
1117
1116
1113
1110
1104
1104
1100
1100
1099
1099
1098
1097
1097
1096
1096
1092
1092
1091
1090
1087
1086
1085
1082
1082
1082
1082
1081
1080
1079
1076
1074
1074
1073
1072
1070
1070
1067
1067
1065
1065
1063
1062
1058
1054
1054
1052
1050
1049
1049
1049
1048
1046
1045
1045
1042
1042
1033
1031
1030
1030
1028
1028
1027
1026
1026
1025
1025
1025
1025
1025
1025
1024
1020
1019
1018
1018
1015
1013
1012
1010
1008
1007
1007
1007
1004
1004
999
998
997
996
995
994
993
992
992
991
991
989
989
988
987
986
986
984
983
983
983
980
979
979
979
978
977
977
974
973
969
967
965
964
963
958
955
954
952
950
950
949
949
948
947
946
946
946
945
945
944
939
938
937
936
936
935
933
933
933
933
933
932
931
931
929
929
928
928
928
926
921
921
921
921
921
919
918
916
916
916
915
912
909
908
908
908
907
906
905
904
903
902
902
902
902
902
901
900
900
899
896
896
895
895
894
894
894
892
891
890
889
889
889
888
887
887
886
885
885
885
885
882
881
881
880
880
880
880
879
878
877
877
876
875
873
873
873
872
872
869
869
869
868
868
867
866
865
865
865
863
862
862
859
857
855
855
854
852
852
852
851
849
849
847
846
845
844
843
842
842
841
839
839
839
839
838
838
837
837
836
835
834
834
833
833
832
832
831
831
830
830
829
829
826
826
826
826
825
825
824
824
822
822
821
821
820
819
819
818
818
817
817
816
815
815
813
813
813
812
812
812
811
810
809
809
808
808
807
804
804
803
803
803
802
802
802
801
800
798
798
797
795
794
794
794
794
793
793
792
791
790
790
789
789
787
787
785
784
784
783
783
782
782
781
781
780
780
780
779
779
778
777
775
775
774
773
772
772
771
771
769
769
767
766
765
765
765
765
764
763
761
760
759
758
758
758
757
756
755
755
754
754
753
752
752
751
751
751
750
748
748
747
747
746
746
746
745
745
745
744
744
743
743
743
742
741
741
740
740
739
738
738
738
738
737
737
736
736
735
735
733
733
733
732
732
732
732
732
732
731
730
730
729
728
727
727
727
726
725
725
724
724
724
723
723
723
723
722
722
722
722
720
719
719
718
717
717
716
716
715
714
714
714
713
712
712
712
711
711
710
709
709
709
709
708
707
707
706
706
705
704
702
702
702
700
700
700
700
698
697
696
696
696
695
694
694
693
692
692
692
692
692
690
690
690
688
688
688
688
688
688
688
687
687
686
686
686
686
686
685
685
684
684
684
684
683
683
682
681
681
681
680
680
680
680
679
678
677
676
675
675
673
673
672
672
672
671
671
671
670
670
669
669
669
668
668
668
667
666
665
663
663
663
663
663
662
662
660
660
660
659
659
658
657
657
657
657
656
656
656
656
655
655
654
654
654
653
653
652
652
652
652
652
652
652
652
651
651
651
651
651
650
650
649
649
648
648
648
648
647
646
646
646
645
645
644
644
643
643
643
642
641
641
641
641
639
639
638
638
638
638
637
637
637
636
636
636
635
635
635
634
633
632
632
632
631
631
631
631
631
629
629
629
628
627
627
627
625
624
624
624
624
623
623
623
623
622
622
622
622
621
620
620
620
620
619
619
618
618
618
617
617
617
617
616
616
616
615
614
614
614
613
613
613
613
612
612
612
612
612
611
611
611
611
611
610
610
609
609
609
609
609
609
608
607
607
607
606
606
605
605
605
605
604
604
603
602
602
601
600
599
599
599
599
599
598
598
598
598
598
598
597
596
596
595
595
595
595
595
595
594
593
592
592
592
592
591
590
589
589
589
589
588
588
588
588
588
588
588
588
587
587
586
586
586
586
585
585
585
585
584
584
584
584
584
583
583
582
582
582
582
581
581
581
580
580
580
579
579
578
578
578
578
578
578
578
577
577
577
576
576
576
576
575
575
575
575
574
574
574
573
573
572
572
571
571
571
571
570
570
570
570
569
569
568
568
567
567
567
567
566
566
566
566
566
565
565
564
564
564
564
563
563
562
562
561
560
560
560
559
559
559
559
559
558
558
558
558
557
557
556
555
555
555
554
554
554
554
553
553
552
552
552
552
552
552
552
551
550
550
550
550
550
549
548
548
548
548
548
548
547
547
547
546
546
546
546
545
545
545
545
544
544
544
544
543
542
542
541
541
541
541
541
541
541
540
540
540
539
539
538
538
538
538
538
538
538
538
537
537
537
537
536
536
536
536
535
534
534
533
532
532
532
532
531
531
530
530
530
529
529
529
529
529
529
529
529
528
528
528
528
527
527
527
526
526
526
526
525
525
525
525
525
524
524
524
523
523
523
523
522
522
522
521
521
521
520
520
520
520
520
520
520
520
519
519
519
519
519
518
518
518
518
517
517
517
516
516
516
515
515
514
514
514
513
513
513
512
512
511
511
511
511
511
511
511
510
510
510
510
509
509
509
509
508
508
508
508
508
508
508
507
507
507
507
507
506
506
506
506
506
506
506
506
506
506
505
505
505
505
505
505
505
505
504
504
504
504
504
504
504
503
503
503
503
503
503
503
502
501
501
501
501
501
501
500
500
500
500
499
499
499
498
498
498
498
498
497
496
496
496
496
495
495
495
495
495
495
495
495
495
494
493
493
493
492
491
491
491
491
491
490
490
490
490
490
490
490
490
490
490
490
489
489
488
488
488
488
488
488
487
487
487
486
486
486
485
485
485
484
484
484
484
484
484
484
484
483
483
483
483
482
482
482
482
481
481
481
481
480
480
480
480
480
480
479
479
479
478
478
478
478
478
478
478
478
478
477
477
477
477
477
477
477
477
477
477
476
476
476
476
476
475
475
475
475
475
475
475
475
474
474
474
474
473
473
473
473
472
472
472
472
471
471
471
471
471
470
470
470
470
470
470
470
470
470
470
469
469
469
468
468
468
468
468
468
467
467
467
467
467
467
466
466
466
466
466
465
465
465
465
465
464
464
464
464
464
464
463
463
463
463
463
463
462
462
462
462
462
462
462
461
461
461
461
461
460
460
460
460
459
458
458
458
458
458
458
458
458
457
457
457
457
457
457
456
456
456
456
455
455
455
455
455
455
455
455
455
454
454
454
454
454
454
454
454
454
453
453
453
453
452
452
452
452
452
452
452
452
452
451
451
451
451
451
451
450
450
450
450
450
450
449
449
449
449
449
449
448
448
448
448
448
448
448
448
448
448
447
447
447
447
447
446
446
446
446
446
446
446
446
446
446
445
445
445
445
445
445
444
444
444
443
443
443
443
443
443
443
442
442
442
442
442
442
442
442
442
442
441
441
441
441
441
441
441
441
440
440
440
440
440
440
439
439
439
439
438
438
438
438
438
438
437
437
437
437
437
437
437
437
437
437
436
436
436
436
436
436
436
435
435
435
435
435
435
434
434
434
434
434
434
434
434
433
433
433
433
432
432
432
432
432
432
432
431
431
431
431
430
430
430
429
429
429
429
428
428
428
428
428
427
427
427
427
427
427
427
427
426
426
426
425
425
425
425
424
424
423
423
423
423
423
422
422
422
422
422
422
421
421
421
421
421
421
421
420
420
420
420
420
419
419
419
419
419
419
419
419
418
418
418
418
418
418
417
417
417
417
417
417
417
417
417
417
417
416
416
416
416
416
416
416
416
416
416
416
416
416
416
415
415
415
415
415
415
415
415
415
415
415
414
414
414
413
413
413
413
413
412
412
412
412
412
412
412
412
412
412
412
412
412
412
412
412
412
412
412
412
411
411
411
411
411
411
410
410
410
410
409
409
409
409
409
409
409
409
409
408
408
408
408
408
407
407
407
407
407
407
407
407
406
406
406
406
406
406
405
405
405
405
405
405
405
404
404
404
404
404
404
404
404
404
404
403
403
403
403
403
403
403
402
402
402
402
402
402
401
401
401
401
401
401
401
401
401
401
400
400
400
400
400
400
400
400
400
400
399
399
399
399
399
398
398
398
398
398
398
398
397
397
397
397
397
397
397
396
396
396
396
396
395
395
395
395
395
394
394
394
394
394
394
393
393
393
393
393
393
393
393
393
393
392
392
392
392
392
392
392
391
391
391
391
391
391
391
391
391
390
390
390
390
390
390
390
389
389
389
389
389
389
388
388
388
388
388
387
387
387
387
387
387
387
387
387
386
386
386
386
386
385
385
385
385
384
384
384
384
384
384
383
383
383
383
383
382
382
381
381
381
381
381
380
380
380
380
380
379
379
379
379
378
378
378
378
378
377
377
376
376
376
376
376
376
375
375
375
374
373
373
373
373
372
371
370
370
370
369
368
367
366
365
365
365
362
362
362
361
361
360
360
359
357
356
356
355
354
354
353
352
350
349
349
347
347
339
333
331
326
326
311
305
302
177
162
153
