10112
8648
8118
8118
7410
7274
7274
7173
7173
6982
6850
6785
6785
6755
6733
6733
6723
6723
6711
6653
6589
6571
6571
6563
6537
6532
6469
6469
6445
6430
6409
6409
6386
6375
6355
6342
6331
6322
6319
6311
6311
6309
6307
6307
6296
6285
6285
6269
6265
6260
6254
6244
6236
6228
6220
6216
6214
6211
6211
6178
6177
6172
6172
6151
6148
6148
6137
6137
6123
6120
6116
6113
6110
6097
6090
6083
6076
6074
6073
6073
6072
6072
6072
6064
6064
6062
6061
6059
6053
6052
6050
6050
6020
6016
6012
6006
5997
5989
5980
5971
5967
5966
5962
5962
5961
5954
5944
5940
5939
5936
5934
5934
5931
5931
5931
5929
5921
5921
5913
5906
5905
5901
5901
5887
5868
5862
5859
5859
5858
5854
5853
5853
5852
5852
5851
5844
5843
5840
5840
5839
5839
5839
5835
5833
5831
5831
5808
5804
5803
5801
5798
5798
5782
5779
5778
5778
5778
5774
5774
5774
5774
5761
5758
5757
5747
5745
5743
5742
5737
5735
5729
5729
5725
5725
5725
5723
5717
5715
5710
5705
5705
5698
5695
5695
5685
5679
5667
5661
5655
5653
5650
5649
5647
5642
5641
5636
5636
5632
5632
5629
5627
5624
5620
5613
5608
5606
5602
5600
5600
5598
5598
5598
5598
5595
5595
5594
5594
5591
5591
5590
5590
5590
5590
5589
5589
5587
5586
5579
5579
5578
5576
5570
5569
5569
5565
5561
5558
5552
5548
5547
5545
5542
5542
5536
5535
5533
5532
5530
5529
5528
5525
5525
5522
5520
5511
5511
5511
5509
5508
5507
5501
5495
5493
5492
5488
5487
5487
5485
5479
5479
5477
5476
5474
5473
5473
5468
5465
5463
5461
5461
5461
5460
5457
5457
5450
5445
5442
5441
5438
5438
5428
5428
5425
5425
5421
5418
5417
5416
5414
5413
5405
5405
5405
5403
5401
5401
5395
5387
5386
5385
5383
5381
5375
5374
5371
5371
5370
5369
5369
5367
5363
5360
5354
5349
5348
5344
5343
5343
5340
5333
5332
5332
5327
5326
5325
5321
5321
5317
5311
5310
5310
5308
5307
5307
5300
5299
5296
5295
5295
5295
5293
5292
5291
5289
5287
5286
5285
5285
5284
5283
5281
5280
5277
5276
5267
5267
5267
5266
5262
5257
5257
5257
5249
5247
5245
5243
5243
5237
5236
5234
5233
5230
5224
5223
5221
5221
5221
5220
5215
5215
5213
5212
5206
5204
5198
5198
5196
5196
5195
5194
5192
5191
5189
5187
5187
5187
5180
5180
5178
5177
5176
5176
5173
5173
5172
5170
5169
5169
5166
5165
5164
5163
5163
5163
5162
5162
5161
5157
5155
5155
5155
5155
5152
5150
5150
5148
5146
5145
5145
5143
5141
5140
5140
5137
5135
5135
5134
5127
5125
5124
5122
5121
5120
5116
5114
5114
5112
5111
5109
5107
5103
5103
5101
5101
5096
5096
5095
5094
5094
5088
5083
5082
5078
5074
5073
5071
5069
5069
5066
5064
5064
5054
5051
5046
5043
5037
5034
5034
5030
5027
5026
5024
5023
5017
5013
5008
5008
5005
5004
5004
5003
5003
4998
4998
4997
4997
4996
4994
4994
4988
4988
4987
4985
4982
4982
4982
4982
4981
4981
4981
4981
4979
4976
4976
4975
4972
4972
4971
4970
4968
4967
4967
4964
4964
4961
4960
4960
4959
4959
4958
4958
4958
4957
4951
4944
4943
4942
4940
4939
4938
4938
4934
4932
4929
4928
4928
4927
4927
4921
4920
4913
4913
4909
4908
4908
4903
4903
4902
4893
4891
4891
4890
4890
4889
4888
4882
4881
4880
4880
4878
4878
4877
4877
4876
4876
4872
4869
4869
4869
4869
4868
4865
4865
4864
4863
4863
4863
4863
4863
4859
4858
4854
4854
4854
4854
4852
4850
4848
4845
4843
4843
4840
4836
4833
4833
4833
4829
4821
4820
4819
4818
4817
4817
4816
4816
4815
4814
4813
4813
4811
4809
4807
4805
4805
4802
4799
4799
4796
4796
4795
4792
4792
4792
4792
4791
4790
4790
4790
4785
4783
4783
4783
4783
4782
4781
4779
4778
4777
4772
4772
4771
4771
4770
4770
4769
4767
4765
4765
4756
4756
4755
4754
4753
4752
4752
4749
4747
4747
4740
4740
4739
4733
4728
4728
4726
4726
4726
4724
4724
4723
4723
4723
4721
4720
4720
4718
4717
4716
4715
4714
4713
4709
4709
4708
4705
4705
4705
4699
4699
4699
4698
4697
4697
4696
4696
4696
4696
4694
4693
4691
4691
4690
4690
4688
4687
4686
4682
4682
4682
4680
4678
4677
4676
4676
4675
4674
4673
4673
4673
4671
4665
4665
4663
4663
4663
4660
4660
4660
4659
4657
4655
4653
4653
4653
4653
4652
4652
4649
4646
4645
4644
4641
4640
4639
4638
4638
4637
4636
4635
4634
4634
4634
4633
4633
4627
4624
4623
4623
4623
4623
4622
4620
4619
4618
4618
4618
4617
4614
4614
4614
4613
4611
4611
4610
4610
4607
4606
4605
4605
4604
4603
4603
4601
4600
4599
4598
4596
4596
4596
4596
4595
4594
4594
4591
4591
4591
4590
4589
4589
4587
4586
4586
4586
4585
4585
4585
4582
4582
4582
4581
4576
4576
4575
4574
4574
4571
4571
4569
4568
4564
4563
4563
4561
4560
4559
4558
4558
4557
4557
4552
4552
4550
4549
4548
4547
4547
4546
4546
4546
4546
4543
4542
4542
4541
4539
4539
4539
4537
4536
4536
4535
4533
4533
4533
4527
4526
4525
4525
4523
4522
4520
4517
4517
4517
4515
4514
4514
4514
4514
4512
4509
4509
4506
4504
4504
4504
4503
4503
4499
4499
4498
4495
4493
4492
4492
4487
4482
4482
4481
4480
4480
4478
4478
4477
4476
4473
4471
4471
4470
4469
4465
4464
4463
4463
4463
4462
4462
4462
4462
4461
4461
4459
4459
4459
4458
4457
4457
4455
4454
4453
4450
4449
4447
4444
4444
4444
4443
4441
4440
4439
4439
4437
4434
4433
4432
4429
4427
4427
4427
4427
4427
4426
4425
4424
4423
4421
4421
4421
4419
4419
4418
4417
4412
4411
4411
4410
4410
4407
4406
4405
4405
4404
4403
4403
4401
4401
4401
4399
4398
4395
4394
4393
4392
4392
4391
4391
4391
4391
4391
4389
4388
4388
4388
4388
4386
4385
4385
4384
4384
4381
4381
4379
4379
4377
4376
4376
4374
4374
4374
4373
4373
4373
4372
4372
4371
4370
4370
4370
4366
4366
4363
4362
4361
4361
4357
4354
4354
4354
4354
4353
4353
4352
4352
4350
4348
4345
4344
4344
4343
4342
4341
4340
4339
4339
4339
4335
4334
4334
4334
4333
4333
4333
4331
4331
4331
4330
4330
4330
4323
4322
4322
4321
4321
4321
4319
4318
4318
4312
4312
4312
4310
4310
4310
4308
4308
4308
4306
4306
4305
4302
4301
4299
4298
4298
4294
4292
4292
4290
4289
4288
4287
4283
4282
4281
4281
4281
4279
4277
4277
4273
4273
4270
4269
4268
4267
4265
4265
4264
4263
4261
4261
4259
4255
4254
4253
4253
4249
4249
4249
4245
4245
4244
4244
4244
4243
4240
4239
4239
4236
4236
4234
4233
4232
4231
4229
4226
4225
4219
4219
4215
4215
4215
4215
4215
4213
4213
4213
4207
4207
4206
4206
4205
4202
4199
4199
4199
4198
4197
4197
4196
4196
4196
4195
4195
4195
4194
4194
4193
4193
4192
4191
4191
4191
4190
4189
4189
4189
4188
4187
4185
4184
4183
4183
4182
4180
4179
4177
4177
4176
4175
4175
4175
4172
4171
4170
4169
4168
4167
4166
4164
4163
4162
4162
4162
4160
4160
4159
4159
4159
4157
4157
4156
4155
4153
4151
4151
4150
4148
4147
4147
4147
4146
4144
4144
4144
4144
4143
4142
4142
4141
4141
4140
4140
4140
4139
4139
4138
4138
4136
4135
4134
4133
4133
4132
4131
4131
4130
4129
4128
4128
4128
4127
4127
4124
4123
4121
4121
4120
4120
4117
4114
4112
4111
4110
4104
4103
4102
4102
4101
4099
4099
4096
4096
4096
4092
4092
4092
4092
4090
4090
4088
4087
4086
4085
4085
4081
4081
4080
4079
4078
4078
4076
4074
4074
4073
4070
4067
4067
4064
4063
4063
4062
4061
4060
4059
4058
4057
4057
4057
4057
4055
4053
4052
4051
4049
4049
4048
4046
4046
4046
4046
4044
4044
4043
4043
4043
4042
4042
4042
4041
4041
4041
4039
4039
4038
4035
4034
4033
4033
4033
4029
4029
4029
4027
4027
4027
4027
4026
4024
4022
4021
4020
4020
4019
4018
4018
4017
4015
4015
4015
4014
4012
4010
4010
4010
4009
4007
4007
4006
4006
4005
4004
4003
4003
4002
4002
4002
4001
4001
4001
4001
3999
3998
3997
3997
3997
3997
3997
3995
3994
3993
3990
3986
3986
3986
3985
3984
3979
3978
3977
3977
3975
3975
3975
3975
3974
3973
3973
3973
3972
3972
3971
3968
3966
3965
3963
3963
3962
3961
3961
3957
3952
3951
3950
3950
3950
3950
3947
3945
3945
3945
3943
3943
3942
3942
3942
3942
3940
3940
3940
3940
3939
3938
3938
3938
3935
3935
3933
3933
3933
3932
3932
3927
3927
3926
3926
3926
3924
3922
3920
3919
3918
3915
3914
3914
3913
3913
3910
3908
3907
3907
3907
3907
3906
3905
3904
3903
3902
3900
3900
3898
3897
3897
3897
3893
3893
3892
3891
3891
3891
3890
3889
3889
3888
3888
3887
3887
3887
3887
3887
3886
3886
3886
3884
3882
3880
3878
3878
3878
3878
3872
3871
3871
3871
3871
3870
3870
3870
3869
3868
3868
3867
3866
3866
3864
3864
3863
3863
3860
3860
3859
3857
3857
3851
3850
3847
3845
3845
3844
3841
3840
3840
3837
3837
3837
3837
3837
3834
3834
3831
3831
3830
3828
3828
3828
3827
3826
3826
3823
3821
3819
3819
3819
3818
3817
3817
3816
3816
3814
3813
3812
3811
3811
3810
3810
3809
3808
3807
3807
3807
3806
3805
3803
3803
3802
3802
3800
3800
3800
3799
3798
3797
3796
3794
3794
3794
3793
3791
3789
3788
3787
3787
3787
3785
3783
3783
3783
3782
3780
3779
3779
3777
3777
3776
3776
3776
3773
3772
3771
3771
3770
3769
3769
3768
3765
3764
3763
3762
3757
3756
3756
3756
3754
3752
3751
3750
3747
3742
3740
3739
3738
3738
3735
3734
3734
3732
3732
3731
3730
3729
3729
3727
3727
3727
3723
3722
3721
3721
3720
3720
3720
3719
3719
3718
3718
3718
3718
3716
3716
3715
3714
3714
3713
3712
3711
3709
3707
3707
3702
3701
3699
3699
3697
3696
3696
3692
3690
3688
3686
3686
3685
3683
3681
3681
3680
3680
3678
3677
3677
3673
3672
3669
3666
3665
3665
3664
3663
3663
3662
3659
3659
3658
3656
3655
3654
3654
3651
3651
3650
3649
3648
3646
3646
3646
3646
3645
3645
3644
3643
3643
3641
3639
3638
3638
3638
3638
3635
3634
3632
3630
3630
3627
3627
3627
3626
3626
3625
3625
3623
3621
3620
3619
3618
3618
3617
3617
3614
3614
3613
3612
3611
3610
3610
3610
3609
3609
3609
3606
3605
3604
3603
3603
3603
3601
3601
3598
3597
3596
3596
3594
3593
3591
3587
3586
3586
3586
3585
3585
3583
3583
3579
3579
3579
3577
3577
3576
3576
3576
3575
3575
3574
3574
3572
3572
3569
3568
3568
3568
3568
3566
3563
3563
3563
3563
3562
3561
3560
3560
3559
3559
3557
3557
3555
3553
3553
3553
3552
3552
3550
3549
3549
3547
3546
3546
3546
3543
3543
3543
3541
3540
3539
3537
3537
3537
3534
3534
3534
3533
3533
3531
3530
3530
3529
3527
3524
3524
3523
3522
3522
3520
3520
3520
3516
3515
3507
3503
3501
3500
3500
3496
3496
3495
3494
3494
3494
3493
3493
3489
3489
3488
3485
3484
3481
3481
3481
3479
3479
3476
3476
3476
3475
3475
3474
3474
3474
3473
3471
3471
3470
3470
3470
3467
3467
3463
3463
3460
3457
3457
3456
3456
3455
3455
3454
3454
3454
3453
3451
3450
3449
3448
3448
3446
3446
3446
3445
3445
3444
3444
3443
3442
3442
3440
3440
3438
3437
3437
3435
3434
3433
3431
3431
3430
3430
3430
3430
3430
3429
3427
3427
3427
3427
3426
3426
3426
3425
3425
3424
3423
3423
3422
3421
3417
3417
3416
3412
3410
3410
3409
3409
3409
3404
3404
3402
3401
3400
3396
3396
3395
3395
3394
3393
3392
3388
3388
3388
3384
3381
3381
3381
3380
3376
3376
3371
3371
3369
3369
3367
3365
3365
3361
3358
3356
3356
3356
3355
3355
3354
3353
3349
3349
3348
3348
3348
3348
3342
3342
3341
3340
3340
3339
3339
3338
3335
3335
3335
3334
3334
3333
3333
3331
3331
3329
3328
3328
3325
3324
3324
3323
3322
3317
3314
3312
3310
3310
3309
3308
3307
3307
3307
3307
3306
3305
3303
3300
3300
3299
3299
3298
3296
3296
3295
3292
3291
3291
3289
3289
3288
3282
3279
3276
3275
3269
3269
3269
3269
3269
3269
3268
3268
3263
3260
3260
3257
3257
3257
3254
3253
3253
3250
3250
3250
3249
3247
3247
3245
3245
3245
3244
3243
3242
3241
3239
3239
3239
3239
3236
3236
3235
3234
3234
3231
3227
3224
3224
3221
3219
3217
3214
3212
3211
3210
3209
3208
3208
3208
3205
3202
3201
3201
3201
3201
3200
3199
3198
3190
3190
3190
3190
3190
3188
3187
3187
3186
3184
3178
3177
3177
3177
3176
3175
3175
3174
3174
3172
3169
3166
3163
3163
3160
3159
3159
3157
3156
3155
3153
3153
3152
3151
3149
3149
3147
3147
3146
3146
3146
3144
3143
3143
3142
3140
3139
3137
3137
3136
3135
3130
3130
3125
3122
3122
3122
3118
3116
3116
3116
3112
3110
3109
3108
3107
3107
3107
3107
3106
3104
3104
3104
3102
3102
3101
3100
3099
3098
3095
3092
3091
3091
3091
3091
3091
3091
3089
3087
3086
3085
3082
3081
3081
3080
3079
3078
3076
3076
3076
3073
3072
3067
3067
3066
3066
3066
3064
3063
3063
3062
3060
3060
3058
3058
3057
3056
3056
3055
3055
3051
3051
3050
3047
3046
3045
3044
3044
3043
3043
3043
3043
3042
3042
3039
3039
3036
3034
3034
3032
3031
3031
3031
3030
3029
3028
3028
3028
3027
3027
3023
3023
3018
3017
3017
3017
3016
3012
3012
3012
3012
3009
3008
3005
3005
3003
3002
2998
2997
2996
2995
2987
2986
2984
2984
2983
2983
2983
2983
2982
2982
2982
2982
2982
2978
2974
2973
2973
2966
2966
2966
2965
2965
2963
2963
2962
2960
2960
2959
2959
2959
2954
2953
2952
2950
2950
2949
2949
2948
2947
2945
2939
2938
2936
2934
2934
2934
2931
2930
2927
2926
2926
2924
2924
2923
2923
2923
2920
2919
2918
2917
2916
2916
2915
2915
2915
2910
2909
2907
2907
2907
2906
2906
2906
2906
2905
2905
2902
2902
2896
2896
2895
2895
2894
2894
2893
2893
2891
2891
2890
2890
2889
2888
2888
2886
2885
2885
2884
2884
2882
2882
2878
2878
2876
2875
2873
2870
2870
2870
2865
2864
2863
2863
2863
2862
2861
2861
2861
2857
2854
2853
2853
2852
2849
2849
2848
2844
2843
2843
2842
2839
2839
2838
2837
2836
2836
2835
2835
2832
2831
2831
2830
2830
2830
2830
2830
2829
2829
2827
2825
2825
2825
2822
2822
2822
2822
2820
2819
2819
2816
2816
2816
2815
2815
2809
2801
2801
2798
2798
2798
2796
2794
2793
2792
2792
2791
2791
2788
2787
2787
2786
2786
2784
2783
2783
2780
2779
2778
2778
2778
2777
2776
2776
2776
2776
2776
2773
2767
2767
2766
2761
2761
2761
2759
2759
2758
2758
2753
2753
2752
2751
2751
2750
2750
2749
2748
2748
2748
2747
2745
2745
2739
2738
2738
2736
2734
2734
2733
2730
2729
2729
2728
2726
2724
2721
2721
2720
2719
2713
2709
2709
2707
2707
2704
2704
2704
2702
2702
2701
2700
2700
2699
2699
2698
2698
2698
2696
2695
2695
2693
2691
2689
2688
2686
2685
2684
2684
2683
2681
2681
2680
2677
2677
2677
2676
2675
2675
2675
2674
2673
2673
2668
2667
2667
2664
2663
2662
2660
2653
2649
2648
2646
2646
2646
2644
2643
2643
2642
2642
2641
2640
2637
2633
2633
2631
2628
2625
2625
2625
2621
2618
2618
2618
2618
2617
2612
2608
2602
2598
2598
2598
2597
2594
2594
2593
2584
2583
2583
2583
2582
2580
2579
2577
2574
2574
2571
2571
2566
2566
2565
2561
2559
2559
2559
2557
2556
2554
2552
2551
2550
2550
2549
2548
2547
2543
2543
2542
2542
2539
2539
2538
2537
2536
2536
2535
2534
2534
2534
2533
2533
2533
2533
2531
2530
2530
2529
2528
2527
2527
2526
2526
2526
2525
2523
2523
2523
2522
2521
2520
2519
2518
2518
2518
2516
2515
2515
2515
2514
2514
2513
2510
2507
2506
2506
2501
2501
2497
2496
2494
2491
2489
2489
2485
2485
2485
2485
2483
2482
2482
2481
2481
2478
2477
2477
2476
2475
2474
2473
2471
2470
2469
2468
2468
2466
2464
2464
2464
2462
2461
2461
2460
2460
2459
2459
2457
2456
2456
2455
2452
2452
2452
2451
2450
2449
2446
2442
2441
2441
2441
2439
2433
2432
2430
2429
2428
2426
2426
2425
2425
2425
2424
2424
2419
2419
2419
2419
2417
2417
2417
2416
2416
2416
2415
2413
2409
2409
2407
2405
2405
2405
2402
2401
2401
2401
2398
2392
2391
2391
2391
2389
2389
2388
2388
2385
2385
2385
2384
2378
2377
2377
2376
2376
2375
2375
2374
2372
2372
2372
2371
2371
2370
2369
2369
2368
2368
2368
2365
2365
2364
2364
2358
2356
2356
2355
2355
2350
2348
2348
2347
2346
2343
2341
2341
2339
2339
2339
2337
2337
2335
2333
2332
2331
2327
2326
2325
2321
2321
2319
2317
2316
2316
2315
2314
2313
2313
2312
2310
2310
2307
2303
2302
2302
2302
2301
2299
2298
2297
2296
2293
2291
2290
2290
2290
2288
2286
2285
2283
2282
2280
2280
2277
2276
2276
2276
2276
2273
2273
2273
2272
2264
2262
2257
2257
2257
2255
2255
2252
2252
2252
2252
2252
2250
2249
2249
2249
2248
2248
2247
2245
2244
2244
2240
2239
2239
2237
2237
2237
2235
2235
2235
2232
2231
2230
2230
2229
2229
2228
2227
2224
2224
2222
2220
2219
2216
2214
2213
2210
2210
2210
2208
2207
2207
2206
2204
2204
2203
2202
2201
2199
2199
2198
2198
2197
2196
2195
2195
2192
2188
2185
2181
2180
2178
2178
2177
2176
2176
2175
2173
2170
2169
2168
2166
2166
2160
2159
2159
2159
2158
2158
2157
2155
2154
2154
2153
2152
2150
2148
2148
2147
2145
2145
2144
2142
2142
2142
2141
2136
2135
2135
2135
2133
2130
2129
2127
2126
2126
2124
2124
2123
2123
2123
2122
2121
2120
2119
2117
2116
2115
2114
2114
2109
2108
2108
2108
2106
2106
2106
2106
2104
2102
2102
2101
2101
2098
2097
2094
2092
2090
2090
2090
2090
2089
2088
2085
2083
2083
2081
2081
2080
2073
2073
2073
2073
2071
2067
2067
2066
2065
2063
2061
2060
2060
2059
2057
2057
2057
2056
2056
2056
2056
2055
2053
2051
2050
2050
2048
2048
2048
2048
2048
2046
2046
2046
2046
2045
2045
2044
2040
2037
2036
2036
2035
2035
2033
2033
2032
2032
2028
2026
2025
2025
2025
2024
2023
2023
2019
2018
2017
2017
2016
2015
2014
2013
2013
2011
2008
2008
2004
2004
2002
2000
1997
1997
1996
1996
1993
1992
1992
1992
1991
1991
1990
1989
1988
1987
1984
1984
1982
1980
1980
1980
1979
1979
1977
1977
1976
1976
1975
1973
1972
1972
1972
1972
1971
1971
1971
1970
1969
1965
1965
1965
1964
1962
1961
1960
1960
1960
1959
1959
1958
1958
1958
1958
1958
1958
1957
1957
1956
1956
1954
1953
1953
1950
1949
1948
1948
1948
1946
1946
1944
1943
1943
1942
1942
1940
1940
1940
1940
1939
1938
1936
1934
1932
1931
1929
1926
1925
1922
1921
1921
1920
1920
1919
1916
1916
1915
1909
1908
1907
1903
1902
1901
1900
1897
1897
1897
1896
1895
1895
1894
1893
1892
1892
1891
1891
1891
1889
1887
1884
1881
1880
1880
1879
1876
1875
1874
1873
1872
1871
1871
1869
1868
1866
1866
1865
1863
1862
1859
1859
1858
1857
1857
1857
1857
1857
1857
1857
1854
1851
1849
1842
1839
1836
1834
1833
1832
1832
1831
1830
1828
1826
1824
1824
1823
1823
1823
1823
1818
1818
1818
1818
1816
1815
1815
1813
1811
1810
1810
1810
1810
1807
1806
1806
1806
1805
1805
1805
1804
1803
1800
1798
1798
1796
1796
1796
1795
1794
1794
1793
1793
1793
1793
1793
1792
1790
1790
1789
1787
1786
1783
1782
1781
1781
1781
1779
1777
1777
1776
1772
1771
1769
1768
1768
1767
1765
1764
1763
1763
1760
1759
1758
1758
1757
1757
1755
1755
1754
1753
1752
1751
1751
1750
1749
1747
1747
1747
1746
1744
1740
1740
1738
1736
1736
1735
1734
1733
1732
1732
1732
1731
1731
1731
1730
1729
1729
1729
1729
1728
1726
1725
1725
1722
1722
1721
1721
1720
1717
1714
1713
1713
1713
1713
1712
1712
1711
1711
1710
1709
1707
1707
1707
1702
1700
1700
1699
1699
1697
1697
1696
1695
1693
1692
1692
1691
1690
1690
1689
1689
1689
1687
1687
1686
1686
1683
1682
1682
1681
1681
1681
1677
1676
1676
1675
1674
1674
1673
1671
1671
1666
1665
1665
1664
1664
1663
1663
1662
1660
1659
1657
1656
1655
1654
1653
1653
1652
1652
1649
1649
1649
1649
1648
1647
1647
1646
1646
1645
1644
1644
1643
1643
1641
1641
1640
1640
1640
1640
1640
1640
1638
1638
1636
1636
1634
1633
1633
1633
1630
1630
1629
1629
1629
1628
1628
1622
1621
1621
1620
1618
1618
1614
1612
1611
1611
1611
1611
1610
1608
1607
1607
1607
1606
1606
1606
1606
1605
1604
1602
1601
1600
1600
1599
1599
1598
1598
1597
1597
1597
1595
1595
1593
1593
1588
1588
1586
1585
1584
1584
1583
1583
1582
1582
1582
1582
1581
1580
1580
1579
1578
1576
1575
1574
1574
1569
1568
1568
1568
1567
1564
1564
1564
1563
1563
1563
1563
1560
1560
1560
1560
1560
1559
1559
1559
1558
1557
1556
1556
1554
1554
1553
1553
1552
1552
1551
1548
1548
1548
1547
1547
1544
1543
1541
1539
1539
1539
1539
1539
1537
1535
1535
1535
1534
1534
1534
1533
1533
1533
1531
1530
1530
1530
1530
1530
1529
1529
1527
1527
1526
1523
1523
1522
1521
1520
1520
1520
1519
1517
1515
1514
1513
1508
1508
1507
1505
1503
1501
1499
1499
1499
1499
1499
1497
1496
1496
1496
1496
1495
1495
1494
1493
1493
1493
1492
1491
1491
1491
1490
1489
1488
1488
1487
1486
1486
1486
1486
1485
1485
1484
1484
1482
1482
1481
1477
1477
1475
1472
1472
1471
1471
1471
1470
1469
1468
1468
1466
1466
1464
1464
1464
1463
1462
1462
1462
1462
1462
1460
1460
1458
1457
1453
1452
1451
1451
1449
1449
1449
1448
1448
1446
1446
1445
1445
1445
1444
1444
1444
1443
1443
1442
1442
1442
1442
1441
1441
1440
1440
1439
1438
1438
1436
1436
1436
1435
1435
1432
1431
1431
1430
1428
1427
1427
1426
1425
1424
1424
1424
1423
1423
1422
1421
1421
1419
1419
1419
1418
1417
1417
1417
1416
1415
1415
1415
1414
1414
1413
1413
1413
1413
1412
1411
1410
1410
1410
1409
1407
1407
1405
1405
1405
1404
1403
1403
1402
1399
1399
1398
1398
1398
1398
1398
1397
1393
1393
1393
1393
1392
1391
1390
1389
1389
1388
1387
1386
1384
1384
1382
1382
1381
1380
1380
1379
1379
1379
1378
1376
1375
1375
1375
1375
1373
1373
1372
1372
1372
1371
1370
1369
1369
1368
1368
1368
1368
1368
1367
1365
1365
1364
1363
1363
1363
1362
1361
1361
1361
1358
1358
1357
1357
1356
1356
1356
1353
1352
1352
1351
1350
1349
1349
1349
1349
1349
1348
1346
1345
1344
1344
1344
1344
1344
1344
1343
1341
1341
1339
1339
1338
1337
1337
1336
1336
1335
1335
1335
1334
1334
1334
1334
1334
1333
1332
1331
1331
1331
1331
1331
1330
1330
1330
1329
1329
1329
1328
1328
1326
1326
1326
1326
1325
1323
1323
1321
1319
1319
1319
1316
1316
1313
1313
1310
1310
1310
1310
1310
1309
1309
1309
1309
1309
1309
1309
1308
1308
1307
1307
1303
1303
1303
1303
1303
1301
1301
1299
1299
1297
1295
1295
1295
1294
1292
1291
1291
1291
1291
1291
1291
1290
1289
1289
1288
1288
1285
1285
1284
1284
1283
1283
1282
1281
1281
1280
1278
1277
1277
1276
1275
1274
1273
1272
1272
1272
1272
1270
1270
1270
1269
1269
1268
1268
1265
1265
1264
1263
1263
1262
1262
1262
1262
1261
1261
1261
1260
1260
1260
1258
1257
1255
1255
1255
1255
1252
1251
1250
1249
1249
1249
1249
1249
1248
1247
1247
1246
1245
1244
1244
1243
1242
1241
1241
1241
1241
1241
1238
1237
1237
1235
1234
1234
1234
1233
1233
1233
1233
1233
1232
1231
1230
1230
1230
1230
1230
1230
1229
1229
1227
1227
1225
1225
1225
1223
1223
1223
1222
1222
1221
1221
1221
1220
1219
1218
1216
1216
1216
1216
1215
1214
1213
1213
1213
1212
1212
1212
1212
1212
1211
1211
1210
1210
1210
1210
1209
1209
1208
1207
1207
1206
1206
1206
1204
1201
1201
1201
1201
1200
1200
1199
1199
1199
1197
1197
1196
1195
1194
1194
1194
1192
1192
1191
1191
1190
1190
1190
1190
1190
1189
1189
1187
1187
1187
1186
1186
1186
1185
1185
1185
1184
1184
1184
1184
1184
1183
1182
1181
1181
1179
1179
1176
1175
1175
1174
1172
1172
1172
1171
1170
1170
1170
1169
1169
1169
1169
1168
1168
1167
1167
1167
1167
1167
1166
1166
1166
1166
1165
1165
1164
1164
1163
1163
1163
1163
1162
1161
1161
1160
1160
1160
1158
1158
1157
1157
1157
1156
1154
1154
1154
1154
1154
1153
1153
1153
1153
1153
1152
1152
1149
1149
1149
1147
1147
1147
1147
1146
1146
1146
1146
1146
1146
1145
1145
1145
1144
1144
1144
1143
1142
1142
1141
1141
1141
1140
1140
1140
1140
1140
1140
1140
1140
1140
1139
1139
1139
1138
1138
1138
1137
1137
1136
1136
1135
1135
1135
1135
1135
1134
1133
1132
1132
1132
1131
1131
1131
1131
1131
1130
1130
1129
1129
1127
1127
1127
1127
1127
1126
1125
1124
1124
1123
1123
1122
1121
1121
1118
1118
1117
1117
1117
1117
1117
1116
1116
1116
1116
1116
1116
1115
1115
1114
1114
1114
1114
1112
1112
1112
1112
1111
1110
1110
1109
1109
1108
1107
1107
1107
1107
1106
1104
1104
1104
1103
1103
1102
1102
1101
1101
1101
1100
1100
1100
1100
1100
1099
1099
1099
1099
1098
1098
1098
1097
1097
1097
1097
1097
1096
1096
1096
1096
1096
1096
1096
1096
1095
1095
1095
1095
1095
1094
1094
1094
1094
1093
1093
1093
1093
1093
1092
1092
1091
1091
1090
1089
1089
1088
1088
1087
1086
1086
1086
1086
1085
1085
1085
1084
1084
1084
1084
1084
1083
1082
1081
1081
1080
1080
1080
1080
1079
1078
1077
1077
1077
1077
1077
1077
1076
1076
1076
1075
1075
1074
1074
1074
1074
1074
1073
1073
1073
1073
1072
1072
1072
1072
1072
1072
1071
1071
1071
1071
1071
1070
1070
1070
1069
1069
1069
1068
1068
1067
1067
1067
1067
1067
1067
1067
1066
1066
1065
1065
1065
1064
1064
1064
1064
1064
1063
1063
1063
1063
1063
1062
1062
1062
1062
1061
1060
1060
1060
1060
1059
1059
1059
1058
1058
1058
1058
1058
1057
1057
1057
1056
1054
1054
1054
1052
1052
1052
1052
1052
1051
1051
1051
1050
1049
1049
1049
1049
1048
1048
1048
1047
1047
1047
1047
1047
1046
1046
1045
1045
1045
1045
1045
1044
1043
1043
1043
1043
1043
1043
1043
1043
1043
1042
1042
1041
1041
1040
1040
1040
1040
1040
1040
1040
1039
1039
1039
1039
1038
1036
1036
1036
1036
1036
1036
1035
1035
1035
1035
1035
1032
1031
1031
1031
1030
1030
1030
1030
1030
1030
1029
1029
1029
1029
1028
1028
1028
1028
1027
1027
1027
1026
1025
1025
1024
1024
1023
1023
1022
1022
1022
1022
1021
1021
1021
1020
1020
1020
1020
1019
1019
1019
1019
1018
1018
1018
1017
1017
1017
1017
1017
1017
1016
1016
1016
1016
1016
1016
1015
1015
1012
1011
1010
1009
1009
1009
1009
1008
1008
1008
1008
1007
1007
1006
1006
1006
1006
1005
1005
1004
1004
1004
1004
1004
1004
1004
1003
1003
1002
1001
1001
1001
1001
1001
1001
1000
1000
999
999
999
999
999
999
999
999
998
998
998
998
997
997
997
996
995
994
994
994
994
994
994
993
993
992
992
991
991
991
991
991
990
990
990
990
990
990
990
989
989
989
989
988
988
987
987
987
987
987
987
987
986
986
986
985
985
984
984
984
984
984
983
982
982
982
981
981
981
981
980
980
980
980
980
979
979
979
979
979
979
978
978
978
978
978
977
977
977
977
977
977
975
975
974
974
974
974
973
973
971
971
971
971
971
970
970
970
970
970
969
969
968
968
968
968
968
968
968
967
967
967
966
966
966
966
965
965
965
965
964
964
963
963
963
963
962
962
962
961
961
959
959
959
959
959
957
957
957
957
957
956
956
956
956
955
955
955
955
955
954
954
954
954
954
953
953
953
953
953
952
952
952
952
951
951
950
950
950
950
950
949
948
948
948
947
947
947
947
947
947
946
946
945
945
945
944
944
944
944
944
944
944
943
942
942
941
941
941
941
940
940
940
939
938
938
937
937
936
936
935
935
935
935
935
934
934
933
933
933
933
933
933
933
933
933
932
932
932
932
932
932
931
931
931
931
931
931
930
930
930
930
930
929
929
929
929
929
929
928
928
928
928
928
927
927
926
926
926
926
926
925
924
924
924
924
924
924
924
923
923
923
923
923
923
923
922
922
921
921
921
921
920
920
920
919
919
919
919
918
918
918
918
918
917
917
917
917
917
916
916
916
916
915
915
915
915
915
914
914
914
914
914
914
913
913
912
912
912
912
912
912
911
911
911
911
911
910
910
909
909
909
909
909
909
909
908
908
908
907
907
907
907
906
906
906
906
905
905
905
905
905
904
903
903
903
903
903
902
902
902
902
901
901
901
901
901
901
901
901
901
900
900
900
900
900
899
899
899
898
898
898
898
897
897
897
897
897
897
897
896
894
894
894
894
894
894
893
893
893
893
893
893
892
892
892
892
892
892
892
891
891
891
890
890
890
889
889
889
889
888
888
887
887
886
886
886
885
885
885
885
884
884
884
883
883
883
883
883
883
883
882
882
882
880
880
880
879
879
879
879
879
878
878
878
878
877
877
877
877
877
876
876
876
876
876
876
876
876
876
876
876
875
875
875
875
874
874
874
873
873
873
873
873
873
873
873
873
873
873
873
872
872
872
871
871
871
870
869
869
869
869
868
868
868
868
868
868
867
867
867
867
867
867
867
866
866
866
866
866
866
866
865
865
865
864
864
864
864
864
864
863
863
863
863
863
862
862
862
861
861
861
861
861
861
860
860
860
860
860
860
860
860
860
859
859
859
858
858
858
857
857
856
856
856
856
856
855
855
854
854
854
853
853
853
853
853
852
852
851
851
851
851
851
851
851
851
851
851
851
851
851
850
850
850
850
849
849
849
849
849
849
848
848
848
848
847
847
847
847
847
846
846
846
845
845
845
845
845
845
845
845
845
845
845
844
844
844
844
844
843
843
843
842
842
842
842
841
841
841
841
840
840
840
840
840
840
840
840
839
839
839
839
839
839
838
838
838
838
838
838
838
837
837
837
837
837
837
837
837
836
836
836
836
836
836
836
836
836
836
835
835
835
835
835
835
835
835
835
835
834
834
834
834
834
833
833
833
833
833
833
833
833
833
833
833
833
832
832
832
832
832
832
832
832
832
831
831
831
831
831
830
830
830
830
830
830
830
830
830
830
829
829
829
829
829
828
828
828
828
828
827
827
827
827
827
826
826
826
826
826
826
825
825
825
824
824
824
824
824
824
824
823
823
823
823
823
823
823
822
822
822
822
822
821
821
821
821
821
821
820
820
820
820
820
820
820
820
820
820
820
819
819
819
818
818
818
818
818
818
818
818
818
817
817
817
817
817
817
817
817
817
817
816
816
816
816
815
815
815
815
815
815
815
815
815
814
814
814
814
814
813
813
813
813
812
812
812
812
812
812
812
812
811
811
811
811
811
811
811
810
810
810
810
810
810
810
809
809
809
809
809
809
809
808
808
808
808
807
807
807
807
807
807
807
807
806
806
806
806
806
805
805
805
805
805
805
804
804
804
804
804
804
804
804
804
804
804
804
803
803
803
803
803
803
803
803
802
802
802
802
802
802
802
802
801
801
801
801
801
801
801
800
800
800
799
799
798
798
798
798
798
798
798
797
797
797
797
797
797
797
797
796
796
796
796
796
796
796
796
795
795
795
795
795
795
794
794
794
794
793
793
793
793
793
793
793
792
792
792
792
792
792
792
792
791
791
791
791
791
791
791
791
791
791
791
790
790
790
790
790
790
790
789
789
788
788
788
788
788
788
788
788
787
787
787
787
787
787
787
786
786
786
786
786
786
785
785
785
785
785
784
784
784
784
784
784
784
784
784
784
783
783
783
783
783
783
783
783
782
782
782
782
782
782
782
782
782
782
782
781
781
781
781
781
781
781
781
781
781
780
780
780
780
780
780
779
779
779
779
779
779
779
779
779
779
779
779
779
778
778
778
778
778
778
778
777
777
777
777
777
777
776
776
776
776
776
776
776
776
776
776
775
775
775
775
775
775
775
774
774
774
774
774
773
773
773
773
773
773
772
772
772
772
772
772
772
772
772
772
772
772
771
771
771
771
771
771
770
770
770
770
770
770
769
769
769
769
769
769
769
769
768
768
768
767
767
767
767
767
767
766
766
766
766
766
765
765
765
765
765
764
764
764
764
764
764
764
763
763
763
763
763
763
762
762
762
762
762
762
761
761
761
761
761
761
761
761
761
761
760
760
760
760
760
760
759
759
759
759
758
758
758
758
757
757
757
757
757
757
757
757
756
756
756
756
756
755
755
755
755
755
755
755
754
754
754
754
753
753
753
753
753
753
753
753
752
752
752
752
752
752
751
751
751
751
751
751
750
750
750
750
750
750
750
749
749
749
749
749
748
748
748
748
748
748
747
747
747
747
747
746
746
746
746
746
746
746
746
746
746
746
745
745
745
745
745
745
744
744
744
744
744
744
744
744
744
744
743
743
743
743
743
743
743
743
743
743
743
743
743
742
742
742
742
742
742
741
741
741
741
741
741
741
741
741
741
741
741
740
740
740
739
739
739
739
739
739
739
739
739
738
738
738
738
737
737
737
737
737
737
737
737
737
737
737
736
736
736
736
736
735
735
735
735
735
735
735
734
734
734
734
734
734
734
733
733
733
733
733
732
732
732
732
731
731
731
731
731
731
731
731
731
731
731
731
731
730
730
730
730
730
730
730
730
729
729
729
729
729
729
729
729
728
728
728
728
728
728
728
727
727
727
727
727
727
727
727
727
726
726
726
726
726
726
726
725
725
725
725
725
725
725
725
725
725
725
725
725
725
724
724
724
724
724
724
724
724
724
723
723
723
723
723
723
722
722
722
722
722
722
722
722
722
721
721
721
721
721
721
721
721
720
720
720
720
720
720
719
719
719
719
718
718
718
718
718
718
718
718
717
717
717
717
716
716
716
716
715
715
715
715
715
715
715
715
715
715
715
715
715
714
714
714
714
714
714
714
714
714
714
713
713
713
713
713
713
713
713
712
712
712
712
712
712
711
711
711
711
711
711
711
711
710
710
710
710
710
710
710
710
710
710
710
710
710
710
710
710
710
709
709
709
709
709
709
708
708
708
708
707
707
707
707
707
707
707
707
706
706
705
705
705
705
705
705
705
705
705
704
704
704
704
704
704
704
704
703
703
703
703
703
703
703
702
702
702
702
702
702
702
702
702
702
702
702
702
702
701
701
701
701
701
701
701
701
701
700
700
700
700
700
700
700
700
700
700
699
699
699
699
699
699
699
699
699
699
699
699
699
699
698
698
698
698
698
697
697
697
697
697
697
697
697
697
697
696
696
696
696
696
696
696
696
696
695
695
695
695
695
695
695
694
694
694
694
694
694
694
694
694
694
694
693
693
693
693
693
693
693
692
692
692
692
692
692
692
692
692
692
691
691
691
691
691
691
691
691
691
691
691
690
690
690
690
690
690
690
690
689
689
689
689
689
689
689
689
688
688
688
688
688
688
688
688
687
687
687
687
687
687
687
686
686
686
686
686
686
686
686
685
685
685
685
685
685
684
684
684
684
684
684
684
684
684
683
683
683
683
683
683
683
682
682
682
682
682
682
682
681
681
681
681
681
681
681
680
680
680
680
680
680
680
680
679
679
679
679
679
679
679
679
678
678
678
678
678
678
678
678
677
677
677
677
677
677
677
677
676
676
676
676
676
676
676
676
675
675
675
675
675
675
675
675
675
675
675
675
675
675
674
674
674
674
674
674
674
673
673
673
673
673
673
673
673
673
673
673
673
673
673
673
673
672
672
672
672
671
671
671
671
671
671
671
671
671
670
670
670
670
670
670
670
670
670
670
670
670
670
669
669
669
669
669
669
669
669
668
668
668
668
668
668
668
668
668
668
668
668
668
668
668
667
667
667
667
667
667
666
666
666
666
666
666
666
666
666
666
665
665
665
665
665
665
665
665
665
665
665
665
665
665
665
665
665
665
664
664
664
664
664
664
664
664
664
664
663
663
663
663
663
663
663
663
663
662
662
662
662
662
662
662
662
661
661
661
661
661
660
660
660
660
660
660
660
660
659
659
659
659
659
659
659
659
659
659
658
658
658
658
658
658
658
657
657
657
657
657
657
657
656
656
656
656
656
656
656
656
656
656
656
656
655
655
655
655
655
655
655
654
654
654
654
654
654
654
654
653
653
653
653
653
653
653
652
652
652
652
652
652
652
652
652
652
652
652
652
652
651
651
651
651
651
651
651
651
651
651
651
651
651
650
650
650
650
650
650
650
650
650
649
649
649
649
649
649
649
649
649
648
648
648
648
648
648
648
648
648
647
647
647
647
647
647
647
647
647
647
647
647
647
647
646
646
646
646
646
646
646
646
645
645
645
645
645
645
645
645
645
645
645
645
645
645
645
645
645
645
645
645
644
644
644
644
644
644
644
644
644
644
644
644
644
644
644
644
644
643
643
643
643
643
643
643
643
643
643
643
642
642
642
642
642
642
641
641
641
641
641
641
641
640
640
640
640
640
640
640
640
640
640
640
639
639
639
639
639
639
638
638
638
638
638
638
638
638
638
638
637
637
637
637
637
637
637
637
637
637
636
636
636
636
636
636
636
636
636
636
636
636
635
635
635
635
635
635
635
635
635
635
634
634
634
634
634
634
634
634
634
634
633
633
633
633
633
633
633
633
633
632
632
632
632
632
632
631
631
631
631
630
630
630
630
630
630
630
630
630
630
630
630
629
629
629
629
629
629
629
629
629
629
629
629
629
628
628
628
628
628
628
628
628
627
627
627
627
627
627
627
627
626
626
626
626
626
626
626
626
626
625
625
625
625
625
625
625
625
625
625
624
624
624
624
624
624
624
624
623
623
623
623
623
623
623
623
623
623
622
622
622
622
622
622
622
622
622
622
622
622
621
621
621
621
621
621
621
621
621
621
621
621
621
621
620
620
620
620
620
620
620
620
620
620
620
620
620
620
620
620
620
620
619
619
619
619
619
619
619
619
619
618
618
618
618
618
617
617
617
617
617
617
617
617
617
616
616
616
616
616
616
616
616
616
616
616
615
615
615
615
615
615
615
615
615
614
614
614
614
614
614
614
614
614
614
614
614
614
614
614
614
614
614
613
613
613
613
613
613
613
613
613
613
613
613
613
613
613
613
612
612
612
612
612
612
612
612
612
611
611
611
611
611
611
611
611
611
611
611
610
610
610
610
610
610
610
610
610
610
610
610
609
609
609
609
609
609
609
609
609
609
609
608
608
608
608
608
608
608
608
608
608
608
608
607
607
607
607
607
607
607
607
607
607
607
607
607
607
607
607
607
607
607
607
606
606
606
606
606
606
606
606
606
606
606
606
606
606
605
605
605
605
605
605
605
605
605
605
605
604
604
604
604
604
604
604
604
604
604
604
604
604
604
604
604
604
604
604
603
603
603
603
603
603
603
603
603
603
603
603
603
603
603
603
603
602
602
602
602
602
602
602
602
602
602
602
602
601
601
601
601
601
601
601
601
601
601
601
601
601
601
601
600
600
600
600
600
600
600
600
600
600
600
599
599
599
599
599
599
598
598
598
598
598
598
598
598
598
598
598
597
597
597
597
597
597
597
597
597
597
597
597
597
597
597
597
597
597
597
597
597
597
597
596
596
596
596
596
596
596
596
596
595
595
595
595
595
595
595
595
595
595
595
595
595
595
595
595
595
595
594
594
594
594
594
594
594
594
593
593
593
593
593
593
593
593
593
593
593
593
593
592
592
592
592
592
592
592
592
592
592
592
592
592
592
592
591
591
591
591
591
591
591
591
591
591
591
591
591
591
591
591
591
590
590
590
590
590
590
590
590
590
590
590
589
589
589
589
589
589
589
589
589
589
589
589
589
588
588
588
588
588
588
588
588
588
588
588
588
588
588
588
588
588
588
587
587
587
587
587
587
587
587
587
587
586
586
586
586
586
586
586
586
586
586
586
586
586
585
585
585
585
585
585
585
585
585
584
584
584
584
584
584
584
584
584
584
584
584
583
583
583
583
583
583
583
583
583
583
583
583
583
583
582
582
582
582
582
582
582
582
582
582
582
582
582
582
582
582
582
582
582
582
582
582
582
582
581
581
581
581
581
581
581
581
581
581
581
581
581
581
580
580
580
580
580
580
580
580
580
580
580
580
580
579
579
579
579
579
579
579
579
579
579
579
579
579
579
579
579
578
578
578
578
578
578
578
578
578
578
578
578
578
578
578
578
578
577
577
577
577
577
577
577
577
577
577
577
577
577
577
577
577
577
576
576
576
576
576
576
576
576
576
576
576
576
576
576
576
575
575
575
575
575
575
575
575
575
575
575
575
575
574
574
574
574
574
574
574
574
574
574
574
574
574
574
574
574
574
574
574
574
574
574
574
573
573
573
573
573
573
573
572
572
572
572
572
572
572
572
572
572
572
572
572
571
571
571
571
571
571
571
571
571
571
571
571
571
571
570
570
570
570
570
570
570
570
570
570
570
569
569
569
569
569
569
569
569
569
568
568
568
568
568
568
568
568
568
567
567
567
567
567
567
567
567
567
567
567
567
567
567
567
567
567
566
566
566
566
566
566
566
566
565
565
565
565
565
565
565
565
565
565
565
565
565
565
565
565
564
564
564
564
564
564
564
564
564
564
563
563
563
563
563
563
563
563
563
563
563
562
562
562
562
562
562
562
562
562
562
562
562
562
562
562
562
561
561
561
561
561
561
561
561
561
560
560
560
560
560
560
560
560
560
560
560
560
560
560
560
560
560
560
560
560
559
559
559
559
559
559
559
559
559
559
559
559
559
559
559
559
559
558
558
558
558
558
558
558
558
558
558
558
558
557
557
557
557
557
557
557
557
557
557
557
557
557
557
557
557
557
557
557
557
557
557
557
556
556
556
556
556
556
556
556
556
556
556
556
556
556
556
556
556
556
556
556
556
555
555
555
555
555
555
555
555
555
555
555
555
555
555
555
554
554
554
554
554
554
554
554
554
554
554
554
554
554
554
554
554
554
554
554
553
553
553
553
553
553
553
553
553
553
553
553
553
553
553
553
553
552
552
552
552
552
552
552
552
552
552
552
552
552
551
551
551
551
551
551
551
551
551
551
551
551
551
551
551
551
551
550
550
550
550
550
550
549
549
549
549
549
549
549
549
549
549
548
548
548
548
548
548
548
548
548
548
548
548
547
547
547
547
547
547
547
547
547
547
547
547
547
547
547
547
547
547
547
547
547
547
547
547
546
546
546
546
546
545
545
545
545
545
545
545
545
545
545
545
545
545
545
544
544
544
544
544
544
544
544
544
544
544
544
544
544
544
543
543
543
543
543
543
543
543
543
543
543
543
543
543
543
542
542
542
542
542
542
542
542
542
542
542
542
542
542
542
542
542
542
542
541
541
541
541
541
541
541
541
541
541
541
541
541
541
540
540
540
540
540
540
540
540
540
540
540
540
540
540
540
540
540
540
539
539
539
539
539
539
539
539
539
539
539
539
538
538
538
538
538
538
538
538
538
538
538
538
537
537
537
537
537
537
537
537
537
537
537
537
537
537
537
537
536
536
536
536
536
536
536
536
536
536
536
536
536
536
536
536
536
536
536
536
536
536
536
536
535
535
535
535
535
535
535
535
535
534
534
534
534
534
534
534
534
534
534
534
534
534
534
534
534
534
534
534
534
534
534
534
533
533
533
533
533
533
533
533
533
533
533
533
533
533
533
533
533
533
532
532
532
532
532
532
532
532
532
532
532
532
532
532
532
532
532
532
532
532
532
531
531
531
531
531
531
531
531
531
531
531
531
531
531
531
531
531
531
531
531
531
531
531
530
530
530
530
530
530
530
530
530
530
530
530
530
530
530
530
530
530
530
530
530
530
529
529
529
529
529
529
529
529
529
529
529
529
529
529
529
529
529
528
528
528
528
528
528
528
528
528
528
528
528
528
528
528
528
528
528
528
528
528
528
528
528
528
527
527
527
527
527
527
527
527
527
527
527
527
527
527
527
527
526
526
526
526
526
526
526
526
526
526
526
526
526
526
526
526
526
526
526
526
526
526
525
525
525
525
525
525
525
525
525
525
525
525
525
525
525
525
525
525
525
525
525
525
525
525
524
524
524
524
524
524
524
524
524
524
524
524
524
524
524
524
524
524
524
523
523
523
523
523
523
523
523
523
523
522
522
522
522
522
522
522
522
522
522
522
522
522
522
522
522
522
522
522
522
522
521
521
521
521
521
521
521
521
521
521
521
521
521
521
521
521
521
520
520
520
520
520
520
520
520
520
520
520
520
520
520
520
520
519
519
519
519
519
519
519
519
519
519
519
519
519
519
519
519
519
519
519
519
519
518
518
518
518
518
518
518
518
518
518
518
518
518
518
518
518
518
518
517
517
517
517
517
517
517
517
517
517
517
517
517
516
516
516
516
516
516
516
516
516
516
516
516
516
516
516
516
515
515
515
515
515
515
515
515
515
515
515
515
515
515
515
514
514
514
514
514
514
514
514
514
514
514
514
514
514
514
514
514
514
514
514
514
514
513
513
513
513
513
513
513
513
513
513
513
513
513
513
513
513
513
513
512
512
512
512
512
512
512
512
512
512
512
512
512
512
512
512
512
512
512
512
512
512
512
512
512
511
511
511
511
511
511
511
511
511
511
511
511
511
511
511
511
511
511
511
511
511
511
511
510
510
510
510
510
510
510
510
510
510
510
510
510
510
510
510
510
510
510
510
510
510
510
510
510
510
509
509
509
509
509
509
509
509
509
509
509
509
509
509
509
509
509
509
509
508
508
508
508
508
508
508
508
508
508
508
508
508
508
508
508
507
507
507
507
507
507
507
507
507
507
507
507
507
507
507
507
506
506
506
506
506
506
506
506
506
506
506
506
506
506
506
506
506
506
506
506
506
505
505
505
505
505
505
505
505
505
505
505
505
505
505
505
505
505
505
505
505
505
504
504
504
504
504
504
504
504
504
504
504
504
504
504
504
504
504
504
504
504
504
504
504
504
504
504
504
504
504
504
504
504
504
504
503
503
503
503
503
503
503
503
503
503
503
503
503
503
503
503
503
503
503
503
503
502
502
502
502
502
502
502
502
502
502
502
502
502
502
502
502
502
502
502
502
502
502
502
502
502
502
502
502
501
501
501
501
501
501
501
501
501
501
501
501
501
501
501
501
501
501
501
501
501
501
501
501
501
501
501
501
501
501
501
501
501
500
500
500
500
500
500
500
500
500
500
500
500
500
500
499
499
499
499
499
499
499
499
499
499
499
499
499
499
499
499
498
498
498
498
498
498
498
498
498
498
498
498
498
498
498
498
498
498
498
498
498
497
497
497
497
497
497
497
497
497
497
497
497
497
497
497
497
497
497
497
496
496
496
496
496
496
496
496
496
496
496
496
496
496
496
496
496
496
496
496
496
496
496
496
496
496
496
495
495
495
495
495
495
495
495
495
495
495
495
495
495
495
495
495
495
495
495
495
495
494
494
494
494
494
494
494
494
494
494
494
494
494
494
494
494
494
494
494
494
494
493
493
493
493
493
493
493
493
493
493
493
493
493
493
493
493
493
493
492
492
492
492
492
492
492
492
492
492
492
492
492
492
491
491
491
491
491
491
491
491
491
491
491
491
491
491
491
491
491
491
491
491
491
490
490
490
490
490
490
490
490
490
490
490
490
490
490
490
490
490
490
490
490
490
489
489
489
489
489
489
489
489
489
489
489
489
489
489
489
489
489
489
489
489
489
489
488
488
488
488
488
488
488
488
488
488
488
488
488
488
488
488
488
488
488
488
488
488
487
487
487
487
487
487
487
487
487
487
487
487
487
487
487
487
487
487
487
487
487
487
487
487
487
487
486
486
486
486
486
486
486
486
486
486
486
486
486
486
486
486
486
486
485
485
485
485
485
485
485
485
485
485
485
485
485
485
485
485
485
484
484
484
484
484
484
484
484
484
484
484
484
484
484
484
484
484
484
484
484
484
484
484
484
484
484
483
483
483
483
483
483
483
483
483
483
483
483
483
483
483
483
483
483
483
483
482
482
482
482
482
482
482
482
482
482
482
482
482
482
482
482
482
482
482
482
482
482
481
481
481
481
481
481
481
481
481
481
481
481
481
481
481
481
481
481
481
481
480
480
480
480
480
480
480
480
480
480
480
480
480
480
480
480
480
480
480
480
480
479
479
479
479
479
479
479
479
479
479
479
479
479
479
479
479
479
479
479
479
479
479
478
478
478
478
478
478
478
478
478
478
478
478
478
478
478
478
478
478
478
478
478
478
478
477
477
477
477
477
477
477
477
477
477
477
477
477
477
477
477
477
477
477
477
477
477
477
477
477
476
476
476
476
476
476
476
476
476
476
476
476
476
476
476
476
476
476
475
475
475
475
475
475
475
475
475
475
475
475
475
475
474
474
474
474
474
474
474
474
474
474
474
474
474
474
474
474
474
474
474
474
474
474
474
474
474
474
473
473
473
473
473
473
473
473
473
473
473
473
473
473
473
473
473
473
473
473
473
472
472
472
472
472
472
472
472
472
472
472
472
472
472
472
472
472
472
472
472
471
471
471
471
471
471
471
471
471
471
471
471
471
471
471
471
471
471
471
471
471
471
471
471
471
471
471
471
471
471
471
471
471
471
471
470
470
470
470
470
470
470
470
470
470
470
470
470
470
470
470
470
470
470
470
470
470
470
469
469
469
469
469
469
469
469
469
469
469
469
469
469
469
469
469
469
469
469
469
468
468
468
468
468
468
468
468
468
468
468
468
468
468
468
468
468
468
468
468
468
468
468
468
468
468
468
468
468
467
467
467
467
467
467
467
467
467
467
467
467
467
467
467
467
467
467
467
467
467
467
467
467
467
467
466
466
466
466
466
466
466
466
466
466
466
466
466
466
466
466
466
466
466
466
466
466
466
465
465
465
465
465
465
465
465
465
465
465
465
465
465
465
465
465
465
465
465
465
465
465
465
465
464
464
464
464
464
464
464
464
464
464
464
464
464
464
464
464
463
463
463
463
463
463
463
463
463
463
463
463
463
463
463
463
463
463
463
463
463
462
462
462
462
462
462
462
462
462
462
462
462
462
462
462
462
462
462
462
462
462
462
462
462
462
462
462
462
461
461
461
461
461
461
461
461
461
461
461
461
461
461
461
461
461
461
461
461
460
460
460
460
460
460
460
460
460
460
460
460
460
460
460
460
460
460
460
459
459
459
459
459
459
459
459
459
459
459
459
459
459
459
459
459
459
459
459
459
459
459
459
459
459
459
459
459
458
458
458
458
458
458
458
458
458
458
458
458
458
458
458
458
458
457
457
457
457
457
457
457
457
457
457
457
457
457
457
457
457
457
457
457
457
456
456
456
456
456
456
456
456
456
456
456
456
456
456
456
456
456
456
455
455
455
455
455
455
455
455
455
455
455
455
455
455
455
455
455
455
455
455
455
455
455
455
455
455
455
454
454
454
454
454
454
454
454
454
454
454
454
454
454
454
454
454
454
454
454
454
454
453
453
453
453
453
453
453
453
453
453
453
453
453
453
453
453
453
453
453
453
453
453
453
453
453
453
453
452
452
452
452
452
452
452
452
452
452
452
452
452
452
452
452
452
452
452
452
452
452
452
452
452
452
452
452
452
452
451
451
451
451
451
451
451
451
451
451
451
451
451
451
451
451
451
451
451
451
451
451
451
451
451
451
451
451
451
451
451
450
450
450
450
450
450
450
450
450
450
450
450
450
450
450
450
450
450
450
450
450
450
450
450
450
449
449
449
449
449
449
449
449
449
449
449
449
449
449
449
449
449
449
448
448
448
448
448
448
448
448
448
448
448
448
448
448
448
448
448
448
447
447
447
447
447
447
447
447
447
447
447
447
447
447
447
447
447
447
447
447
447
447
447
446
446
446
446
446
446
446
446
446
446
446
446
446
446
446
446
446
446
446
446
446
446
446
446
446
446
446
446
446
446
446
445
445
445
445
445
445
445
445
445
445
445
445
445
445
445
445
445
445
445
445
445
445
444
444
444
444
444
444
444
444
444
444
444
444
444
444
444
444
444
444
444
444
444
444
444
444
444
444
444
444
444
443
443
443
443
443
443
443
443
443
443
443
443
443
443
442
442
442
442
442
442
442
442
442
442
442
442
442
442
441
441
441
441
441
441
441
441
441
441
441
441
441
441
441
441
441
441
441
441
441
441
440
440
440
440
440
440
440
440
440
440
440
440
440
440
440
440
440
440
440
440
440
439
439
439
439
439
439
439
439
439
439
439
439
439
439
439
439
439
439
439
439
439
439
439
438
438
438
438
438
438
438
438
438
438
438
438
438
438
438
438
438
438
438
438
438
438
438
438
438
438
438
438
438
438
438
438
438
438
438
438
437
437
437
437
437
437
437
437
437
437
437
437
437
437
437
437
437
437
437
437
437
437
437
436
436
436
436
436
436
436
436
436
436
436
436
436
436
436
436
436
436
436
436
436
436
436
436
436
436
436
435
435
435
435
435
435
435
435
435
435
435
435
435
435
435
435
435
435
435
435
435
435
435
435
434
434
434
434
434
434
434
434
434
434
434
434
433
433
433
433
433
433
433
433
433
433
433
433
433
433
433
433
433
433
433
432
432
432
432
432
432
432
432
432
432
432
432
432
432
432
432
432
432
432
432
432
432
432
431
431
431
431
431
431
431
431
431
431
431
431
431
431
431
431
431
431
431
431
431
431
431
431
431
431
431
431
431
430
430
430
430
430
430
430
430
430
430
430
430
430
430
430
430
430
430
430
430
430
429
429
429
429
429
429
429
429
429
429
429
429
429
429
429
429
429
429
429
429
429
429
429
429
429
429
429
429
429
429
429
429
428
428
428
428
428
428
428
428
428
428
428
428
428
428
428
428
428
428
428
428
428
428
428
428
427
427
427
427
427
427
427
427
427
427
427
427
427
427
427
427
427
427
427
427
427
427
427
427
426
426
426
426
426
426
426
426
426
426
426
426
426
426
426
426
426
426
426
426
426
426
426
426
426
426
425
425
425
425
425
425
425
425
425
425
425
425
425
425
425
425
425
425
425
425
425
425
425
425
425
424
424
424
424
424
424
424
424
424
424
424
424
424
424
424
424
424
424
424
424
424
424
424
424
424
424
423
423
423
423
423
423
423
423
423
423
423
423
423
423
423
423
423
423
423
423
423
423
423
423
423
423
423
423
423
423
423
422
422
422
422
422
422
422
422
422
422
422
422
422
422
422
422
422
422
422
422
422
422
422
422
422
422
422
422
422
422
422
422
422
421
421
421
421
421
421
421
421
421
421
421
421
421
421
421
421
421
421
421
421
421
421
421
421
420
420
420
420
420
420
420
420
420
420
420
420
420
420
420
420
420
420
420
420
420
420
420
420
420
420
420
420
420
420
419
419
419
419
419
419
419
419
419
419
419
419
419
419
419
419
419
419
419
419
419
419
419
419
419
419
419
419
419
418
418
418
418
418
418
418
418
418
418
418
418
418
418
418
418
418
418
418
418
418
418
418
418
418
417
417
417
417
417
417
417
417
417
417
417
417
417
417
417
417
417
417
417
417
417
416
416
416
416
416
416
416
416
416
416
416
416
416
416
416
416
416
416
416
416
416
416
416
416
416
416
416
416
416
416
416
416
416
416
416
416
415
415
415
415
415
415
415
415
415
415
415
415
415
415
415
415
415
415
415
415
415
415
415
415
415
415
415
415
415
415
414
414
414
414
414
414
414
414
414
414
414
414
414
414
414
414
414
414
414
413
413
413
413
413
413
413
413
413
413
413
413
413
413
413
413
413
413
413
413
413
413
413
413
413
413
413
413
413
413
413
413
413
413
412
412
412
412
412
412
412
412
412
412
412
412
412
412
412
412
412
412
412
412
412
412
412
411
411
411
411
411
411
411
411
411
411
411
411
411
411
411
411
411
411
411
410
410
410
410
410
410
410
410
410
410
410
410
410
410
410
410
410
410
410
410
410
410
410
410
410
410
410
410
410
410
410
410
410
410
410
410
410
409
409
409
409
409
409
409
409
409
409
409
409
409
409
409
409
409
409
409
409
409
408
408
408
408
408
408
408
408
408
408
408
408
408
408
407
407
407
407
407
407
407
407
407
407
407
407
407
407
407
407
407
407
407
407
407
407
407
407
407
407
407
406
406
406
406
406
406
406
406
406
406
406
406
406
406
406
406
406
406
406
406
406
406
406
406
406
406
406
405
405
405
405
405
405
405
405
405
405
405
405
405
405
405
405
405
405
405
405
405
405
405
405
405
404
404
404
404
404
404
404
404
404
404
404
404
404
404
404
404
404
404
404
404
404
404
404
404
404
404
404
404
404
404
404
403
403
403
403
403
403
403
403
403
403
403
403
403
403
403
403
403
403
403
403
403
403
403
403
403
403
403
403
403
403
403
403
403
403
403
402
402
402
402
402
402
402
402
402
402
402
402
402
402
402
402
402
402
402
402
402
402
402
402
402
402
402
402
402
402
402
402
402
402
401
401
401
401
401
401
401
401
401
401
401
401
401
401
401
401
401
401
401
401
401
401
401
401
401
401
400
400
400
400
400
400
400
400
400
400
400
400
400
400
400
400
400
400
400
400
400
400
400
400
400
399
399
399
399
399
399
399
399
399
399
399
399
399
399
399
399
399
399
399
399
399
399
398
398
398
398
398
398
398
398
398
398
398
398
398
398
398
398
398
398
398
397
397
397
397
397
397
397
397
397
397
397
397
397
397
397
397
397
397
397
397
397
397
397
397
397
397
397
397
397
397
397
397
397
397
397
396
396
396
396
396
396
396
396
396
396
396
396
396
396
396
396
396
396
396
396
396
396
396
396
396
396
396
396
396
396
396
396
396
396
396
395
395
395
395
395
395
395
395
395
395
395
395
395
395
395
395
395
395
395
395
395
395
395
394
394
394
394
394
394
394
394
394
394
394
394
394
394
394
394
394
394
394
394
394
394
394
394
394
394
394
394
394
394
394
394
394
394
394
393
393
393
393
393
393
393
393
393
393
393
393
393
393
393
393
393
393
393
393
392
392
392
392
392
392
392
392
392
392
392
392
392
392
392
392
392
392
392
392
392
392
392
392
392
392
392
392
392
392
392
392
392
392
392
392
391
391
391
391
391
391
391
391
391
391
391
391
391
391
391
391
391
391
391
390
390
390
390
390
390
390
390
390
390
390
390
390
390
390
390
390
390
390
390
390
390
390
390
390
390
390
390
390
390
390
389
389
389
389
389
389
389
389
389
389
389
389
389
389
389
389
389
389
389
389
389
389
389
389
389
389
389
389
389
389
389
389
389
389
388
388
388
388
388
388
388
388
388
388
388
388
388
388
388
388
388
388
388
388
388
388
388
388
388
388
388
387
387
387
387
387
387
387
387
387
387
387
387
387
387
387
387
387
387
387
387
387
387
387
387
387
387
387
387
387
387
387
387
387
387
387
387
386
386
386
386
386
386
386
386
386
386
386
386
386
386
386
386
386
386
386
386
386
386
386
386
386
386
386
386
386
386
386
386
386
386
386
385
385
385
385
385
385
385
385
385
385
385
385
385
385
385
385
385
385
385
385
385
384
384
384
384
384
384
384
384
384
384
384
384
384
384
384
384
384
383
383
383
383
383
383
383
383
383
383
383
383
383
383
383
383
383
383
383
383
383
383
383
383
383
382
382
382
382
382
382
382
382
382
382
382
382
382
382
382
382
382
382
382
382
382
381
381
381
381
381
381
381
381
381
381
380
380
380
380
380
380
380
380
380
380
380
380
380
380
380
380
380
380
379
379
379
379
379
379
379
379
379
379
379
379
379
379
379
379
379
378
378
378
378
378
378
378
378
378
378
378
378
378
377
377
377
377
377
377
377
377
377
377
377
377
377
377
377
377
377
376
376
376
376
376
376
376
376
376
376
376
376
376
376
376
376
375
375
375
375
375
375
375
375
375
375
375
375
375
374
374
374
374
374
374
373
373
373
373
373
373
373
373
373
373
373
373
373
372
372
372
372
372
372
372
372
372
372
372
372
371
371
371
371
371
371
371
371
371
371
371
371
371
371
371
371
370
370
370
370
370
370
369
369
369
369
369
369
369
369
369
369
369
369
369
369
369
368
368
368
368
368
368
368
367
367
367
367
367
367
367
367
366
366
366
366
366
366
366
366
366
365
365
365
365
365
365
365
364
364
364
364
364
363
363
362
362
362
362
362
361
361
361
361
360
360
360
360
360
360
360
360
359
359
359
359
359
359
359
358
358
358
357
357
357
357
357
357
356
356
356
356
355
355
355
355
355
355
354
353
353
353
352
352
351
351
351
350
350
350
349
349
349
349
348
348
348
348
347
347
347
347
346
346
346
346
345
344
344
342
342
342
342
341
341
340
340
339
339
338
338
335
335
334
333
333
331
330
329
327
326
326
326
326
325
323
320
320
320
319
318
318
318
317
316
307
305
302
295
294
293
291
287
286
285
262
259
244
234
233
232
228
227
221
197
191
190
181
180
180
176
167
164
163
163
162
155
152
150
144
144
131
128
128
128
128
128
128
