10176
9782
9316
9078
8778
8078
7826
7466
7426
7391
7344
7315
7312
7305
7287
7220
7209
7119
7053
7047
7044
6982
6965
6946
6941
6930
6913
6900
6882
6873
6872
6869
6794
6777
6762
6752
6746
6744
6735
6733
6728
6724
6721
6715
6695
6688
6687
6685
6682
6657
6640
6640
6634
6633
6621
6619
6614
6603
6597
6594
6591
6589
6587
6587
6571
6567
6557
6549
6543
6541
6537
6530
6514
6478
6478
6461
6455
6450
6447
6445
6444
6440
6427
6426
6417
6416
6416
6404
6394
6390
6390
6386
6385
6368
6367
6367
6364
6357
6341
6338
6338
6332
6330
6329
6327
6324
6317
6316
6315
6306
6301
6298
6295
6293
6292
6286
6282
6281
6274
6270
6265
6263
6261
6260
6257
6255
6255
6252
6249
6246
6245
6235
6234
6232
6223
6220
6217
6215
6215
6212
6211
6204
6192
6192
6186
6186
6184
6179
6179
6174
6171
6171
6166
6163
6154
6153
6142
6138
6127
6126
6124
6121
6116
6098
6078
6077
6077
6074
6071
6071
6071
6065
6059
6052
6052
6050
6047
6046
6039
6036
6033
6031
6030
6029
6023
6015
6012
6012
6002
6000
5998
5989
5987
5983
5983
5983
5977
5977
5977
5974
5969
5964
5963
5962
5962
5961
5961
5960
5959
5958
5955
5953
5953
5950
5949
5940
5939
5935
5931
5930
5930
5925
5924
5914
5912
5908
5904
5901
5893
5893
5892
5891
5889
5883
5883
5881
5877
5875
5871
5868
5868
5865
5865
5864
5863
5862
5860
5859
5857
5857
5852
5851
5850
5849
5848
5846
5845
5840
5839
5838
5834
5826
5826
5826
5823
5823
5819
5811
5808
5808
5803
5800
5797
5795
5792
5791
5790
5788
5787
5784
5778
5778
5777
5775
5775
5774
5773
5773
5772
5772
5770
5759
5759
5758
5757
5757
5756
5752
5752
5752
5748
5745
5743
5742
5741
5741
5737
5736
5735
5729
5721
5716
5715
5710
5709
5706
5702
5701
5701
5698
5698
5695
5695
5694
5690
5688
5687
5687
5684
5679
5678
5676
5675
5675
5674
5672
5669
5666
5666
5663
5662
5661
5660
5659
5656
5655
5654
5654
5652
5651
5651
5641
5637
5628
5627
5625
5624
5624
5617
5615
5613
5612
5604
5603
5595
5593
5593
5592
5589
5584
5584
5584
5582
5580
5579
5577
5575
5573
5573
5572
5571
5571
5570
5567
5567
5565
5562
5558
5557
5557
5557
5556
5556
5553
5552
5552
5551
5549
5548
5545
5545
5544
5544
5540
5539
5538
5535
5531
5530
5527
5526
5525
5524
5523
5521
5519
5518
5515
5515
5514
5514
5512
5511
5509
5506
5505
5505
5503
5502
5502
5500
5498
5498
5498
5498
5497
5495
5493
5492
5491
5491
5490
5490
5489
5488
5488
5487
5479
5477
5469
5469
5468
5467
5467
5466
5463
5461
5458
5457
5456
5454
5453
5453
5451
5450
5449
5447
5447
5444
5439
5437
5431
5431
5430
5430
5429
5428
5426
5424
5424
5422
5420
5420
5420
5418
5418
5416
5415
5412
5411
5409
5409
5407
5406
5404
5403
5403
5402
5396
5396
5396
5394
5393
5392
5391
5391
5390
5389
5387
5384
5383
5382
5381
5380
5376
5376
5375
5373
5371
5368
5367
5363
5363
5361
5358
5356
5353
5352
5351
5351
5351
5349
5347
5346
5346
5344
5341
5340
5339
5338
5337
5336
5336
5334
5333
5331
5330
5329
5329
5327
5325
5324
5324
5323
5322
5317
5316
5315
5313
5308
5307
5307
5307
5305
5305
5304
5299
5299
5298
5296
5296
5293
5293
5292
5291
5289
5289
5287
5286
5281
5281
5280
5279
5277
5277
5276
5275
5274
5273
5273
5272
5270
5270
5269
5268
5268
5267
5267
5266
5265
5264
5264
5263
5263
5261
5261
5260
5258
5254
5254
5253
5251
5251
5251
5249
5248
5247
5243
5241
5241
5240
5239
5238
5236
5233
5232
5228
5226
5226
5226
5225
5224
5221
5221
5219
5218
5218
5218
5217
5215
5214
5213
5213
5213
5211
5209
5206
5204
5199
5198
5198
5197
5197
5196
5195
5191
5190
5190
5188
5188
5188
5186
5185
5184
5183
5181
5179
5179
5178
5178
5176
5176
5175
5175
5174
5169
5168
5165
5165
5162
5161
5160
5154
5153
5149
5147
5142
5142
5139
5139
5137
5136
5135
5132
5131
5129
5129
5128
5128
5127
5126
5125
5125
5123
5120
5118
5118
5117
5116
5116
5116
5112
5112
5112
5110
5108
5107
5106
5105
5104
5103
5102
5102
5102
5101
5100
5099
5097
5097
5097
5096
5094
5094
5093
5092
5091
5091
5089
5089
5087
5087
5087
5085
5085
5083
5081
5080
5079
5077
5075
5075
5075
5074
5074
5073
5071
5071
5070
5069
5068
5067
5067
5067
5064
5063
5063
5060
5060
5058
5058
5058
5057
5056
5056
5055
5055
5055
5054
5054
5053
5052
5051
5045
5041
5041
5039
5039
5037
5036
5035
5035
5035
5030
5030
5029
5028
5026
5026
5021
5020
5020
5019
5019
5018
5018
5018
5016
5015
5014
5013
5010
5009
5007
5006
5006
5003
5003
5002
5002
5001
4999
4999
4999
4997
4997
4997
4996
4996
4993
4993
4993
4992
4992
4991
4990
4990
4989
4989
4988
4988
4988
4985
4983
4982
4982
4982
4980
4980
4980
4979
4979
4978
4977
4977
4977
4976
4974
4974
4973
4967
4965
4965
4963
4963
4962
4961
4958
4957
4957
4957
4955
4955
4955
4952
4952
4951
4950
4949
4948
4946
4944
4942
4941
4941
4940
4940
4940
4938
4936
4936
4935
4934
4934
4934
4933
4933
4932
4932
4930
4927
4925
4925
4924
4922
4921
4920
4919
4919
4919
4917
4917
4916
4916
4915
4915
4913
4913
4911
4910
4910
4903
4902
4902
4901
4901
4900
4899
4897
4897
4897
4896
4896
4896
4893
4892
4892
4890
4888
4887
4885
4885
4884
4883
4882
4881
4880
4880
4877
4877
4874
4874
4873
4872
4870
4870
4869
4867
4866
4866
4864
4863
4863
4863
4863
4862
4858
4858
4857
4855
4855
4855
4855
4853
4853
4853
4852
4849
4849
4849
4847
4846
4843
4843
4842
4841
4841
4840
4840
4840
4838
4837
4835
4834
4834
4832
4832
4830
4830
4830
4829
4827
4827
4825
4825
4824
4823
4823
4822
4822
4821
4821
4821
4819
4816
4816
4816
4815
4813
4813
4812
4809
4809
4807
4806
4803
4802
4800
4798
4795
4794
4792
4792
4792
4790
4790
4789
4787
4787
4787
4786
4785
4784
4783
4783
4782
4781
4780
4780
4778
4777
4776
4776
4774
4773
4772
4772
4771
4767
4767
4766
4765
4762
4762
4761
4761
4760
4760
4760
4759
4759
4759
4754
4753
4751
4751
4749
4749
4748
4747
4746
4745
4744
4743
4743
4742
4739
4739
4738
4737
4733
4732
4732
4731
4731
4729
4728
4726
4726
4726
4724
4723
4723
4723
4720
4720
4719
4717
4716
4716
4715
4715
4715
4715
4715
4713
4712
4712
4711
4710
4710
4709
4709
4708
4706
4705
4704
4704
4702
4701
4701
4701
4700
4700
4696
4696
4692
4691
4691
4690
4690
4689
4689
4689
4689
4688
4682
4682
4681
4680
4679
4678
4678
4678
4676
4676
4674
4674
4673
4670
4670
4670
4670
4669
4668
4668
4667
4664
4663
4662
4660
4660
4659
4659
4657
4655
4655
4653
4651
4651
4650
4649
4648
4648
4647
4647
4646
4646
4645
4645
4642
4642
4640
4639
4638
4638
4637
4635
4631
4631
4629
4629
4629
4628
4628
4625
4624
4624
4621
4619
4616
4615
4615
4614
4613
4613
4612
4612
4609
4608
4606
4605
4605
4605
4603
4603
4602
4600
4600
4599
4598
4597
4595
4595
4595
4594
4593
4593
4593
4593
4593
4592
4592
4592
4590
4589
4586
4586
4584
4584
4583
4583
4582
4582
4580
4579
4579
4577
4575
4574
4574
4573
4573
4573
4573
4572
4569
4568
4568
4566
4564
4564
4563
4563
4561
4561
4560
4560
4557
4554
4554
4554
4553
4553
4552
4551
4550
4546
4546
4545
4543
4543
4541
4540
4540
4535
4535
4535
4534
4534
4533
4532
4531
4530
4529
4529
4528
4527
4527
4526
4525
4525
4524
4524
4524
4523
4523
4522
4520
4519
4518
4518
4518
4517
4516
4516
4515
4513
4513
4513
4512
4511
4509
4509
4507
4503
4501
4501
4500
4498
4498
4498
4497
4494
4494
4493
4492
4492
4492
4491
4491
4489
4488
4487
4486
4486
4486
4485
4484
4483
4483
4482
4481
4478
4477
4477
4476
4476
4474
4474
4472
4471
4469
4469
4469
4469
4467
4466
4466
4465
4465
4465
4462
4462
4462
4461
4459
4459
4456
4456
4456
4455
4454
4454
4453
4453
4451
4450
4446
4446
4446
4445
4444
4444
4444
4444
4444
4443
4441
4440
4440
4439
4438
4438
4433
4432
4432
4432
4432
4429
4429
4429
4428
4427
4424
4420
4419
4416
4415
4414
4412
4410
4407
4406
4405
4404
4404
4403
4402
4402
4400
4399
4399
4399
4398
4395
4395
4395
4395
4394
4393
4392
4391
4390
4390
4389
4389
4387
4385
4384
4381
4381
4380
4380
4378
4377
4376
4373
4371
4371
4371
4371
4370
4369
4368
4366
4366
4366
4366
4365
4365
4364
4363
4363
4361
4361
4361
4359
4358
4358
4355
4354
4352
4351
4351
4349
4348
4348
4347
4347
4347
4345
4343
4343
4343
4341
4341
4341
4341
4340
4340
4340
4338
4338
4338
4337
4336
4332
4332
4329
4329
4329
4327
4326
4326
4326
4325
4325
4324
4322
4322
4322
4321
4318
4318
4317
4317
4316
4316
4316
4316
4314
4314
4312
4311
4311
4311
4309
4309
4306
4306
4305
4303
4303
4301
4300
4300
4298
4298
4297
4296
4295
4295
4295
4293
4292
4291
4291
4291
4291
4290
4289
4288
4287
4286
4285
4285
4284
4281
4281
4280
4280
4277
4276
4276
4276
4275
4275
4274
4273
4273
4273
4272
4272
4271
4269
4268
4268
4268
4268
4267
4266
4265
4265
4264
4262
4262
4262
4260
4260
4259
4259
4258
4257
4256
4256
4254
4254
4254
4253
4252
4250
4245
4243
4243
4243
4242
4241
4241
4240
4240
4236
4236
4236
4234
4231
4230
4230
4230
4229
4229
4229
4228
4225
4222
4220
4220
4219
4218
4217
4217
4217
4217
4217
4216
4216
4214
4213
4207
4206
4205
4204
4203
4200
4200
4199
4199
4198
4196
4196
4195
4195
4194
4192
4191
4191
4190
4190
4189
4189
4189
4188
4186
4186
4186
4184
4184
4181
4181
4181
4181
4179
4179
4178
4178
4176
4175
4175
4173
4173
4172
4171
4170
4170
4170
4169
4168
4167
4166
4162
4162
4161
4160
4160
4160
4159
4159
4158
4157
4156
4155
4155
4155
4154
4153
4152
4151
4151
4150
4150
4150
4149
4148
4147
4146
4146
4145
4145
4142
4141
4141
4140
4140
4139
4139
4138
4138
4138
4137
4137
4136
4136
4135
4135
4135
4134
4130
4130
4129
4126
4126
4124
4124
4124
4122
4121
4121
4121
4120
4118
4118
4116
4115
4115
4114
4114
4114
4112
4111
4110
4110
4109
4109
4108
4106
4105
4105
4104
4103
4102
4102
4101
4101
4101
4101
4100
4100
4100
4099
4098
4097
4095
4095
4094
4094
4093
4093
4092
4092
4092
4090
4090
4089
4088
4088
4085
4085
4085
4085
4084
4083
4082
4082
4081
4080
4080
4079
4079
4079
4078
4077
4074
4074
4073
4073
4072
4072
4071
4071
4070
4069
4068
4066
4065
4065
4064
4062
4060
4060
4060
4060
4057
4056
4055
4054
4053
4052
4052
4050
4050
4049
4049
4049
4048
4048
4047
4047
4046
4046
4045
4045
4043
4042
4041
4041
4039
4038
4037
4034
4034
4034
4034
4033
4032
4032
4031
4031
4031
4029
4029
4029
4028
4027
4027
4026
4026
4025
4024
4021
4020
4018
4018
4017
4017
4017
4016
4011
4011
4009
4008
4007
4006
4004
4003
4002
4001
4000
4000
4000
4000
3999
3999
3998
3998
3997
3996
3995
3995
3995
3994
3993
3993
3993
3992
3991
3989
3988
3984
3982
3981
3979
3979
3978
3977
3977
3977
3977
3976
3976
3974
3974
3973
3971
3970
3970
3969
3967
3965
3964
3963
3963
3960
3960
3958
3956
3956
3955
3955
3954
3954
3953
3951
3949
3945
3944
3943
3943
3943
3942
3941
3939
3938
3938
3937
3935
3935
3934
3934
3934
3933
3932
3931
3931
3930
3927
3926
3925
3925
3923
3921
3920
3919
3919
3919
3919
3916
3913
3913
3913
3913
3912
3911
3911
3909
3909
3909
3907
3907
3907
3907
3905
3904
3903
3902
3902
3900
3899
3899
3898
3895
3893
3893
3893
3893
3893
3893
3892
3892
3890
3889
3888
3888
3884
3883
3882
3881
3881
3881
3881
3881
3880
3880
3879
3879
3878
3877
3875
3875
3875
3874
3873
3872
3871
3869
3867
3867
3865
3864
3864
3864
3863
3862
3862
3862
3862
3861
3861
3860
3860
3860
3860
3859
3854
3854
3854
3853
3853
3853
3850
3850
3849
3848
3848
3848
3847
3847
3846
3845
3844
3843
3842
3840
3840
3839
3838
3837
3836
3836
3835
3835
3835
3835
3834
3834
3834
3834
3833
3832
3832
3831
3830
3830
3829
3827
3827
3826
3826
3826
3826
3825
3823
3823
3821
3820
3820
3818
3818
3817
3816
3815
3813
3813
3812
3812
3811
3811
3811
3810
3809
3808
3808
3807
3807
3804
3802
3802
3801
3798
3796
3796
3793
3793
3793
3786
3786
3784
3783
3783
3782
3782
3781
3780
3778
3778
3777
3777
3776
3774
3774
3774
3773
3771
3768
3767
3767
3766
3766
3765
3764
3764
3763
3763
3763
3760
3760
3759
3759
3757
3756
3754
3753
3750
3746
3746
3744
3743
3741
3740
3739
3739
3735
3735
3735
3735
3734
3731
3730
3729
3728
3727
3727
3725
3725
3725
3722
3720
3717
3714
3713
3713
3712
3711
3711
3710
3710
3706
3706
3705
3705
3705
3704
3703
3702
3701
3700
3699
3698
3698
3697
3696
3696
3694
3693
3690
3688
3688
3687
3686
3684
3684
3684
3684
3683
3683
3682
3682
3682
3681
3681
3678
3678
3677
3675
3673
3672
3672
3666
3665
3662
3660
3657
3657
3657
3656
3655
3653
3653
3653
3652
3651
3649
3647
3647
3645
3644
3644
3644
3643
3641
3639
3638
3637
3636
3636
3636
3633
3632
3631
3630
3630
3628
3627
3627
3627
3625
3625
3624
3623
3621
3620
3618
3616
3616
3614
3614
3613
3613
3612
3611
3611
3611
3609
3607
3607
3607
3606
3604
3603
3603
3602
3601
3599
3596
3596
3596
3596
3595
3594
3594
3591
3590
3590
3589
3589
3589
3588
3588
3587
3584
3584
3583
3581
3581
3581
3578
3578
3577
3577
3576
3572
3572
3572
3571
3569
3569
3569
3569
3567
3566
3566
3566
3565
3564
3564
3563
3563
3563
3562
3561
3560
3560
3559
3556
3556
3556
3555
3554
3552
3547
3547
3543
3543
3543
3543
3542
3541
3541
3540
3539
3538
3534
3533
3533
3533
3533
3531
3531
3531
3529
3529
3527
3524
3522
3521
3520
3519
3518
3516
3515
3515
3514
3514
3514
3513
3510
3510
3509
3506
3506
3504
3503
3502
3497
3497
3497
3497
3496
3493
3493
3490
3489
3489
3489
3487
3487
3486
3485
3485
3484
3483
3482
3480
3480
3478
3476
3476
3475
3475
3474
3471
3471
3469
3469
3465
3464
3463
3461
3460
3458
3458
3458
3458
3457
3457
3456
3455
3455
3454
3454
3454
3453
3452
3451
3449
3449
3448
3442
3441
3441
3441
3440
3440
3440
3438
3435
3432
3431
3428
3428
3428
3427
3427
3427
3427
3425
3417
3412
3412
3412
3409
3409
3409
3408
3408
3408
3407
3406
3404
3403
3403
3403
3402
3402
3400
3400
3399
3398
3396
3393
3391
3391
3389
3387
3382
3382
3380
3380
3378
3378
3376
3376
3374
3374
3372
3371
3371
3366
3365
3365
3365
3364
3364
3363
3362
3361
3361
3360
3360
3359
3359
3358
3357
3357
3353
3353
3353
3351
3350
3346
3346
3344
3342
3342
3341
3339
3338
3337
3337
3336
3335
3332
3327
3325
3323
3323
3321
3320
3318
3318
3315
3315
3315
3313
3312
3312
3306
3306
3305
3303
3300
3300
3299
3297
3294
3294
3294
3294
3292
3289
3289
3288
3285
3283
3283
3279
3278
3278
3278
3277
3277
3275
3274
3273
3271
3271
3271
3269
3269
3263
3262
3262
3259
3258
3258
3257
3256
3254
3253
3252
3251
3245
3242
3241
3241
3240
3240
3239
3238
3236
3235
3235
3234
3233
3230
3230
3228
3225
3225
3222
3219
3219
3217
3217
3217
3216
3214
3211
3211
3211
3205
3202
3202
3202
3202
3199
3198
3197
3197
3197
3194
3192
3191
3191
3191
3187
3187
3186
3185
3185
3184
3184
3182
3181
3178
3177
3177
3175
3175
3174
3174
3174
3173
3168
3164
3163
3163
3161
3160
3160
3160
3159
3158
3158
3157
3157
3156
3155
3155
3155
3154
3153
3153
3152
3150
3150
3149
3148
3145
3145
3145
3144
3143
3142
3142
3141
3140
3139
3137
3137
3136
3136
3129
3129
3127
3127
3126
3126
3124
3124
3121
3121
3119
3118
3116
3115
3115
3111
3107
3106
3105
3104
3100
3100
3095
3092
3091
3090
3090
3083
3082
3082
3080
3080
3077
3076
3075
3075
3075
3072
3071
3069
3069
3068
3066
3064
3063
3060
3056
3055
3053
3052
3052
3051
3050
3050
3050
3049
3046
3045
3044
3044
3041
3041
3040
3038
3034
3033
3033
3032
3031
3030
3030
3030
3029
3028
3028
3027
3025
3025
3023
3022
3021
3019
3018
3017
3017
3016
3015
3014
3011
3010
3010
3009
3007
3006
3005
3003
3001
3000
3000
2999
2998
2997
2996
2995
2993
2991
2991
2987
2986
2986
2984
2983
2979
2979
2976
2975
2975
2975
2975
2974
2973
2971
2971
2971
2970
2968
2967
2964
2963
2962
2960
2959
2959
2957
2956
2954
2954
2954
2954
2953
2953
2953
2950
2950
2947
2946
2943
2942
2941
2939
2937
2935
2934
2932
2932
2931
2931
2930
2929
2927
2925
2924
2924
2924
2923
2919
2918
2918
2915
2912
2911
2911
2908
2907
2904
2903
2903
2900
2894
2894
2893
2893
2890
2889
2889
2888
2886
2885
2884
2881
2879
2879
2879
2878
2877
2877
2872
2872
2870
2869
2868
2868
2865
2864
2864
2863
2863
2862
2862
2862
2861
2858
2856
2856
2855
2853
2850
2849
2849
2847
2844
2843
2843
2842
2841
2841
2840
2838
2837
2836
2835
2832
2831
2828
2828
2825
2824
2823
2822
2822
2822
2822
2820
2818
2817
2817
2813
2809
2809
2808
2803
2803
2802
2801
2801
2800
2800
2800
2800
2799
2798
2797
2791
2791
2790
2789
2789
2785
2784
2782
2780
2778
2777
2773
2771
2771
2770
2768
2768
2765
2765
2765
2760
2760
2760
2757
2756
2752
2752
2748
2746
2744
2743
2741
2741
2740
2739
2739
2736
2734
2733
2728
2727
2723
2722
2719
2716
2715
2713
2712
2711
2708
2706
2703
2702
2702
2701
2699
2697
2697
2697
2696
2691
2688
2685
2684
2682
2682
2680
2679
2678
2677
2675
2674
2673
2672
2672
2670
2669
2667
2665
2664
2664
2658
2656
2654
2654
2653
2653
2653
2653
2653
2652
2651
2651
2649
2647
2644
2643
2642
2642
2640
2633
2631
2631
2631
2630
2630
2629
2627
2623
2618
2618
2614
2612
2611
2611
2608
2608
2607
2605
2604
2603
2603
2602
2600
2598
2598
2594
2592
2590
2587
2585
2585
2584
2581
2580
2580
2580
2578
2576
2574
2573
2572
2571
2569
2569
2568
2568
2566
2563
2562
2561
2559
2558
2557
2556
2555
2555
2553
2552
2552
2548
2547
2547
2543
2543
2543
2541
2541
2540
2536
2535
2535
2533
2531
2530
2528
2527
2526
2526
2523
2523
2516
2516
2515
2514
2514
2513
2513
2510
2510
2508
2507
2507
2507
2504
2501
2501
2498
2498
2498
2497
2496
2496
2496
2494
2494
2493
2492
2492
2492
2491
2490
2490
2490
2488
2488
2487
2487
2485
2484
2480
2480
2476
2476
2473
2473
2473
2471
2471
2466
2464
2462
2461
2460
2455
2454
2452
2451
2450
2448
2448
2448
2448
2447
2446
2444
2444
2443
2443
2441
2439
2438
2438
2436
2434
2433
2432
2432
2430
2428
2427
2427
2424
2421
2419
2419
2417
2414
2411
2410
2406
2403
2402
2402
2401
2401
2400
2398
2396
2396
2395
2395
2394
2393
2392
2388
2388
2386
2386
2384
2383
2383
2383
2382
2380
2379
2379
2376
2375
2375
2374
2374
2372
2369
2368
2368
2365
2363
2361
2360
2359
2357
2355
2353
2353
2351
2350
2348
2346
2346
2344
2343
2342
2339
2339
2339
2337
2337
2336
2335
2332
2330
2329
2328
2328
2325
2325
2324
2324
2323
2323
2320
2320
2319
2317
2317
2317
2316
2316
2314
2313
2312
2309
2307
2303
2302
2302
2300
2294
2292
2291
2291
2288
2285
2285
2284
2284
2283
2282
2281
2281
2281
2280
2277
2276
2275
2274
2271
2270
2270
2270
2269
2269
2268
2268
2267
2267
2266
2264
2264
2263
2260
2259
2256
2256
2256
2256
2255
2255
2255
2254
2252
2251
2250
2249
2246
2244
2241
2241
2241
2238
2237
2236
2236
2236
2236
2234
2233
2230
2229
2226
2226
2226
2225
2223
2223
2223
2221
2221
2217
2217
2215
2214
2213
2210
2209
2209
2209
2206
2204
2201
2198
2196
2196
2195
2193
2193
2191
2191
2189
2188
2186
2184
2184
2182
2182
2181
2179
2178
2176
2176
2173
2173
2172
2170
2170
2168
2163
2163
2162
2159
2158
2157
2157
2155
2155
2154
2154
2153
2152
2152
2151
2148
2148
2147
2146
2146
2144
2144
2143
2141
2140
2140
2139
2139
2137
2135
2133
2131
2128
2127
2127
2127
2126
2123
2123
2121
2118
2115
2114
2112
2111
2110
2109
2108
2106
2105
2103
2100
2099
2097
2096
2096
2094
2092
2091
2088
2087
2086
2086
2086
2083
2083
2082
2079
2078
2078
2078
2077
2074
2072
2072
2072
2071
2071
2071
2071
2070
2070
2069
2069
2068
2068
2067
2066
2065
2064
2064
2062
2059
2059
2059
2056
2055
2053
2050
2049
2049
2048
2047
2046
2046
2044
2043
2043
2041
2040
2038
2036
2036
2035
2029
2029
2028
2027
2026
2026
2023
2023
2022
2021
2019
2019
2019
2018
2017
2017
2014
2014
2014
2013
2012
2009
2008
2008
2005
2005
2003
2002
2001
1999
1998
1997
1996
1996
1995
1994
1993
1986
1985
1984
1981
1980
1979
1978
1974
1974
1974
1969
1966
1965
1964
1963
1961
1958
1957
1954
1954
1952
1950
1950
1949
1948
1947
1947
1947
1946
1945
1944
1943
1942
1939
1938
1937
1937
1937
1937
1935
1933
1930
1930
1929
1925
1925
1922
1920
1919
1918
1918
1915
1914
1913
1912
1911
1908
1908
1908
1907
1907
1905
1901
1899
1896
1893
1893
1892
1891
1891
1890
1890
1890
1890
1889
1882
1880
1880
1880
1875
1875
1874
1874
1872
1869
1867
1864
1861
1860
1860
1860
1860
1859
1857
1856
1856
1856
1855
1855
1854
1854
1853
1853
1852
1850
1849
1847
1847
1846
1846
1845
1845
1845
1844
1843
1842
1841
1840
1839
1837
1833
1833
1830
1829
1829
1828
1823
1823
1822
1820
1819
1819
1819
1819
1818
1817
1817
1816
1814
1813
1813
1811
1810
1808
1808
1807
1805
1804
1802
1801
1801
1800
1797
1795
1793
1792
1792
1791
1790
1788
1788
1786
1786
1785
1785
1785
1784
1778
1778
1778
1778
1776
1774
1772
1772
1772
1771
1770
1770
1769
1767
1763
1763
1762
1761
1758
1758
1757
1756
1753
1753
1750
1748
1747
1746
1745
1745
1742
1741
1741
1741
1736
1736
1730
1729
1729
1729
1729
1728
1727
1726
1725
1722
1721
1721
1721
1716
1714
1714
1714
1713
1710
1710
1709
1708
1706
1705
1703
1701
1701
1699
1699
1698
1697
1696
1696
1693
1693
1690
1690
1688
1686
1686
1683
1682
1681
1678
1678
1677
1675
1675
1674
1672
1671
1670
1668
1667
1667
1665
1665
1664
1664
1664
1664
1664
1664
1662
1662
1662
1661
1660
1659
1658
1655
1655
1654
1654
1653
1652
1652
1650
1649
1648
1648
1647
1647
1647
1646
1645
1645
1645
1645
1645
1644
1644
1641
1641
1641
1638
1638
1637
1636
1633
1633
1633
1632
1631
1629
1628
1626
1626
1625
1623
1623
1620
1619
1617
1617
1617
1615
1615
1614
1613
1612
1612
1611
1608
1607
1604
1603
1602
1601
1600
1599
1598
1598
1596
1595
1593
1593
1593
1592
1592
1592
1592
1592
1591
1591
1590
1589
1588
1587
1586
1586
1586
1584
1584
1584
1583
1583
1583
1580
1580
1580
1578
1576
1575
1575
1575
1574
1574
1573
1573
1573
1572
1572
1571
1570
1569
1569
1568
1568
1567
1566
1565
1562
1561
1560
1559
1559
1558
1558
1557
1553
1553
1553
1552
1552
1551
1551
1550
1549
1548
1547
1546
1546
1545
1545
1544
1543
1542
1540
1540
1539
1539
1539
1538
1538
1538
1537
1534
1532
1532
1531
1530
1530
1529
1529
1529
1526
1526
1525
1523
1522
1522
1521
1520
1518
1518
1518
1518
1515
1515
1514
1514
1513
1512
1510
1509
1507
1505
1503
1503
1501
1498
1497
1497
1496
1494
1491
1490
1489
1487
1487
1486
1484
1484
1483
1481
1481
1481
1480
1479
1479
1479
1478
1476
1476
1475
1474
1474
1474
1472
1472
1472
1472
1471
1471
1471
1469
1469
1467
1467
1467
1466
1466
1465
1463
1463
1463
1463
1462
1461
1461
1461
1460
1460
1460
1459
1459
1458
1458
1458
1457
1457
1456
1455
1455
1454
1453
1453
1452
1451
1450
1449
1449
1449
1449
1449
1448
1448
1448
1448
1447
1446
1445
1445
1444
1442
1441
1440
1437
1436
1436
1435
1435
1434
1434
1433
1433
1433
1431
1429
1429
1429
1428
1427
1427
1427
1427
1426
1426
1425
1423
1422
1422
1421
1420
1420
1419
1416
1416
1415
1415
1414
1413
1412
1412
1411
1409
1408
1408
1407
1407
1407
1406
1404
1404
1402
1401
1401
1401
1400
1400
1399
1398
1396
1395
1394
1393
1393
1391
1390
1390
1388
1388
1387
1387
1387
1385
1384
1383
1382
1381
1381
1381
1379
1379
1378
1376
1375
1373
1373
1373
1371
1371
1371
1368
1367
1367
1365
1365
1364
1364
1363
1362
1361
1359
1359
1358
1358
1357
1357
1356
1356
1355
1355
1354
1354
1353
1353
1352
1351
1349
1349
1349
1348
1347
1347
1346
1346
1345
1344
1343
1343
1342
1339
1339
1338
1337
1337
1337
1337
1336
1336
1336
1336
1335
1334
1333
1332
1330
1330
1329
1329
1329
1328
1327
1326
1326
1324
1324
1323
1322
1322
1321
1320
1319
1319
1318
1318
1317
1316
1316
1315
1313
1313
1313
1313
1312
1312
1311
1310
1309
1306
1305
1305
1305
1304
1304
1304
1304
1303
1303
1303
1302
1302
1302
1302
1301
1301
1301
1301
1299
1299
1299
1299
1297
1296
1294
1294
1294
1293
1292
1292
1291
1290
1289
1288
1286
1285
1284
1283
1283
1282
1282
1281
1281
1280
1278
1278
1278
1277
1276
1276
1276
1275
1275
1272
1272
1271
1271
1271
1270
1270
1270
1270
1270
1269
1268
1268
1267
1266
1265
1265
1265
1265
1264
1264
1263
1263
1261
1261
1261
1261
1260
1259
1259
1258
1258
1258
1258
1258
1258
1258
1258
1257
1257
1256
1255
1255
1254
1254
1253
1252
1252
1252
1252
1251
1251
1250
1250
1250
1248
1247
1247
1247
1246
1246
1245
1245
1244
1244
1242
1242
1242
1242
1242
1242
1241
1240
1240
1239
1238
1238
1238
1237
1237
1236
1235
1235
1235
1235
1233
1232
1232
1231
1230
1230
1229
1229
1229
1228
1228
1228
1227
1226
1226
1225
1225
1225
1225
1224
1224
1223
1223
1222
1222
1221
1221
1219
1219
1219
1219
1218
1217
1217
1217
1217
1216
1216
1215
1215
1214
1214
1213
1213
1213
1213
1212
1212
1212
1211
1210
1209
1208
1208
1207
1207
1206
1205
1204
1204
1204
1203
1203
1202
1202
1201
1200
1200
1199
1197
1197
1197
1196
1196
1195
1195
1195
1195
1194
1193
1193
1193
1191
1189
1186
1186
1186
1186
1185
1185
1184
1183
1183
1182
1182
1181
1181
1180
1180
1180
1180
1180
1179
1179
1179
1178
1178
1177
1177
1176
1176
1175
1175
1175
1175
1175
1175
1175
1174
1173
1173
1173
1172
1172
1172
1171
1171
1171
1171
1171
1169
1169
1168
1167
1167
1167
1167
1166
1166
1166
1166
1165
1165
1165
1163
1162
1162
1161
1161
1160
1160
1160
1160
1160
1159
1158
1158
1158
1157
1156
1156
1156
1156
1156
1156
1155
1155
1155
1154
1153
1153
1152
1152
1152
1151
1151
1151
1150
1149
1148
1148
1147
1147
1146
1146
1146
1144
1144
1143
1141
1141
1140
1140
1140
1140
1139
1139
1139
1138
1138
1137
1137
1137
1136
1135
1135
1135
1134
1134
1134
1133
1132
1131
1131
1131
1131
1131
1130
1130
1130
1128
1128
1128
1128
1127
1126
1126
1126
1126
1126
1126
1125
1125
1125
1124
1124
1123
1122
1122
1122
1122
1121
1120
1120
1120
1120
1120
1119
1119
1119
1118
1118
1118
1117
1117
1117
1116
1116
1116
1115
1114
1114
1114
1113
1113
1112
1112
1112
1110
1109
1109
1109
1108
1108
1108
1107
1106
1106
1106
1106
1106
1105
1105
1105
1104
1103
1103
1102
1102
1102
1101
1101
1100
1100
1099
1099
1099
1099
1099
1098
1098
1097
1097
1097
1096
1095
1094
1093
1093
1093
1093
1092
1091
1091
1091
1089
1089
1089
1088
1088
1088
1087
1086
1086
1085
1085
1085
1084
1084
1083
1083
1083
1082
1081
1081
1081
1080
1080
1079
1078
1078
1078
1077
1077
1077
1077
1075
1075
1074
1074
1073
1073
1073
1073
1072
1072
1070
1070
1070
1070
1070
1070
1070
1070
1069
1069
1068
1068
1066
1066
1063
1063
1063
1063
1062
1062
1062
1062
1062
1062
1061
1061
1061
1060
1059
1059
1059
1059
1058
1058
1058
1057
1057
1057
1057
1057
1057
1056
1056
1056
1056
1055
1055
1054
1054
1054
1054
1054
1053
1053
1052
1052
1052
1052
1052
1052
1052
1050
1050
1050
1050
1049
1049
1048
1048
1048
1048
1048
1047
1046
1045
1045
1044
1044
1044
1044
1043
1042
1041
1041
1041
1040
1040
1038
1038
1037
1037
1037
1037
1037
1036
1036
1036
1035
1035
1035
1035
1034
1034
1034
1033
1033
1033
1032
1031
1031
1031
1031
1030
1030
1030
1029
1029
1029
1028
1028
1028
1027
1027
1026
1026
1025
1025
1025
1024
1024
1024
1023
1023
1023
1023
1023
1022
1022
1022
1022
1021
1020
1020
1020
1019
1019
1019
1019
1018
1017
1017
1017
1017
1016
1015
1015
1015
1015
1014
1013
1013
1013
1012
1012
1012
1011
1009
1009
1008
1008
1008
1007
1007
1006
1006
1006
1006
1005
1005
1005
1005
1004
1003
1003
1003
1003
1003
1002
1002
1002
1002
1001
1000
1000
1000
1000
999
999
999
999
998
998
997
997
997
997
996
996
996
996
995
995
995
994
994
993
992
992
991
990
990
990
990
989
988
988
987
987
986
986
986
985
985
985
984
983
982
982
982
982
981
981
980
979
978
978
978
977
977
977
976
976
976
976
976
975
975
974
974
974
973
973
972
972
972
972
972
971
971
971
970
969
969
969
969
969
969
968
968
967
967
967
967
966
966
965
964
964
964
964
964
963
962
960
960
959
959
959
959
958
958
957
957
957
956
956
956
955
955
955
954
954
954
953
953
953
952
952
952
952
951
951
950
950
950
949
949
949
948
947
947
946
946
946
946
946
945
945
945
944
944
944
944
943
942
942
942
942
942
942
942
941
941
941
940
940
940
939
938
938
938
938
938
938
937
937
937
936
936
936
936
936
936
936
935
935
934
934
934
933
933
933
932
932
932
932
932
931
931
931
931
931
931
929
929
929
928
928
928
927
927
926
926
925
924
924
924
924
923
923
923
923
923
923
922
922
921
921
921
920
920
920
920
919
919
919
919
919
919
919
918
918
918
918
917
917
917
917
917
916
916
916
916
916
915
914
914
914
913
913
913
913
912
912
912
911
911
911
911
911
910
910
910
910
910
910
910
909
908
908
908
907
907
907
907
907
906
906
906
906
906
906
906
905
905
904
904
904
904
903
903
903
902
901
901
901
901
901
901
900
900
900
899
899
899
899
899
898
898
898
897
897
896
896
895
895
895
894
894
894
894
894
894
893
893
893
893
892
892
892
892
892
891
891
891
891
890
890
890
890
890
889
889
889
889
889
889
888
888
888
888
888
888
887
886
886
885
885
885
885
885
884
884
884
884
884
884
883
883
883
882
882
882
882
882
882
882
880
880
880
880
880
879
879
879
879
879
879
879
879
878
878
878
878
878
878
878
877
877
877
877
877
877
876
875
875
875
875
875
874
874
874
873
873
873
873
873
873
872
872
872
871
871
870
870
870
870
870
870
869
869
869
869
868
868
867
867
867
867
866
866
866
865
865
865
865
865
864
864
864
864
864
864
863
863
863
863
862
862
862
862
862
861
861
861
861
860
860
860
860
860
860
860
860
859
859
859
859
859
859
859
858
858
858
858
857
857
857
857
857
857
856
856
856
856
856
856
855
855
855
854
854
854
853
853
853
853
853
852
852
852
851
851
851
851
851
851
850
850
850
850
850
850
849
849
849
848
848
848
848
848
847
847
847
846
846
846
846
846
846
846
845
845
845
845
845
845
844
844
844
844
844
843
843
843
843
843
843
843
842
842
842
842
842
841
841
841
841
841
841
840
840
840
839
839
839
839
838
838
838
838
837
837
837
836
836
836
835
835
834
834
834
834
833
833
833
833
833
833
833
833
832
832
832
831
831
831
831
831
831
831
831
831
830
830
829
829
829
829
828
828
828
828
828
828
828
827
827
827
827
827
827
827
827
827
826
826
826
826
826
826
826
826
826
825
825
825
824
824
823
822
822
822
822
822
821
821
821
821
821
821
821
821
821
820
820
820
820
820
820
819
819
818
818
818
818
818
818
817
817
817
817
816
816
816
816
816
816
815
815
815
815
815
815
815
814
814
814
814
814
814
813
813
813
812
812
812
812
812
811
811
811
811
811
811
811
811
811
811
810
810
810
810
810
810
810
810
810
809
809
809
809
809
808
808
808
808
808
808
807
807
807
807
807
807
807
806
806
806
806
806
805
805
805
805
805
804
804
803
803
803
803
802
802
802
802
802
802
802
801
801
801
801
801
801
801
800
800
799
799
799
799
799
799
798
798
798
798
798
797
797
797
797
797
797
796
796
796
795
795
795
795
795
795
795
794
794
794
794
794
794
793
793
793
792
792
792
791
791
791
791
791
791
790
790
790
790
790
790
790
790
790
789
789
789
789
789
789
788
788
788
788
788
787
787
787
786
786
786
786
786
786
785
785
785
785
785
785
785
785
785
784
784
784
784
784
784
784
784
783
783
783
783
783
783
783
783
783
782
782
782
782
782
782
782
782
782
782
781
781
781
781
780
780
780
780
780
779
779
779
779
778
778
778
778
778
778
778
777
777
777
777
777
776
776
776
776
775
775
775
775
775
775
775
774
774
774
774
774
774
774
774
774
774
774
774
774
773
773
773
773
772
772
772
772
772
772
772
772
772
772
771
771
771
771
770
770
770
770
770
770
770
769
769
769
769
769
769
768
768
768
768
767
767
767
767
767
767
767
767
766
766
766
766
766
766
766
766
766
766
766
766
765
765
765
765
765
764
764
764
764
764
764
763
763
763
763
763
763
763
763
763
763
762
762
762
762
762
762
762
761
761
761
761
761
761
760
760
760
760
760
760
760
760
760
759
759
759
759
759
759
759
758
758
758
758
758
758
757
757
757
757
756
756
756
755
755
755
755
755
755
754
754
754
754
754
754
754
753
753
753
753
753
753
752
752
752
752
752
751
751
751
751
751
750
750
750
750
750
750
749
749
749
749
749
749
748
748
748
748
748
748
748
748
748
747
747
747
747
746
746
746
746
746
746
746
746
745
745
744
744
744
744
744
743
743
743
743
743
743
742
742
742
741
741
741
741
741
740
740
740
739
739
739
739
738
738
738
738
738
738
738
738
738
737
737
737
737
737
737
737
737
737
736
736
736
736
736
735
735
734
734
734
734
734
734
734
734
733
733
733
733
733
733
733
732
732
732
732
732
732
731
731
731
731
731
731
731
730
730
730
730
730
730
730
730
730
729
729
729
729
729
729
728
728
728
728
727
727
727
727
727
727
726
726
726
726
726
726
725
725
725
725
725
725
725
724
724
724
724
724
724
724
723
723
723
723
723
723
723
722
722
722
722
722
722
722
722
721
721
721
721
721
721
721
721
721
720
720
720
720
720
720
720
719
719
719
719
719
719
718
718
718
718
718
717
717
717
717
717
716
716
716
716
716
716
716
716
715
715
715
715
715
715
714
714
714
714
714
714
714
714
714
714
714
714
714
713
713
713
713
713
713
713
712
712
712
712
712
712
712
711
711
711
711
711
711
710
710
710
710
710
710
710
710
709
709
709
709
709
709
708
708
708
708
708
708
708
708
708
707
707
707
707
707
707
707
706
706
706
706
706
705
705
705
705
705
705
704
704
704
704
704
703
703
703
703
703
703
703
703
703
702
702
702
702
701
701
701
701
701
700
700
700
700
700
699
699
699
699
699
698
698
698
698
697
697
697
697
697
697
696
696
696
696
696
696
696
696
695
695
695
695
695
695
695
695
695
694
694
694
694
694
694
693
693
693
693
693
693
693
693
693
692
692
692
692
692
692
692
692
692
691
691
691
691
691
691
690
690
690
690
690
690
690
690
690
690
690
690
690
690
689
689
689
689
689
689
689
689
689
688
688
688
688
688
688
687
687
687
687
687
687
687
687
686
686
686
686
686
686
686
686
685
685
685
685
685
685
685
685
685
685
684
684
684
684
684
684
683
683
683
683
683
683
682
682
682
682
682
682
682
682
682
682
682
682
682
681
681
681
681
681
681
681
681
681
681
681
681
681
680
680
680
680
680
680
680
680
679
679
679
679
679
679
679
679
679
679
678
678
678
678
678
678
677
677
677
677
676
676
676
676
676
676
676
676
676
676
676
676
675
675
675
675
674
674
674
674
674
674
674
674
674
674
674
674
674
673
673
673
673
673
672
672
672
672
672
672
672
672
671
671
671
671
671
670
670
670
670
670
670
670
669
669
669
669
669
669
669
669
669
668
668
668
668
668
668
667
667
667
667
667
667
666
666
666
666
665
665
665
665
665
665
664
664
664
664
664
664
664
664
663
663
663
663
663
663
663
663
662
662
662
662
662
662
662
662
661
661
661
661
661
661
661
660
660
660
660
660
660
660
660
660
660
659
659
659
659
659
659
659
659
659
659
659
659
659
659
659
658
658
658
658
658
658
658
658
658
658
658
658
657
657
657
657
657
657
657
657
657
657
656
656
656
656
656
656
656
656
656
656
656
656
656
655
655
655
655
655
655
655
655
655
655
655
655
655
655
655
654
654
654
654
654
654
654
653
653
653
653
653
653
653
653
653
653
652
652
652
652
652
652
652
652
652
651
651
651
651
651
651
650
650
650
650
650
650
650
650
650
650
649
649
649
649
649
649
648
648
648
648
648
648
648
647
647
647
647
647
647
647
647
647
647
647
647
647
646
646
646
646
646
646
646
646
646
646
646
646
646
646
645
645
645
645
645
645
645
645
644
644
644
644
644
644
644
644
643
643
643
643
643
643
643
643
643
643
643
643
643
643
643
642
642
642
642
642
642
642
642
642
641
641
641
641
641
641
641
641
641
641
641
641
640
640
640
640
640
640
640
640
640
640
640
640
640
640
640
639
639
639
639
639
639
639
639
639
639
639
639
639
639
639
638
638
638
638
638
638
638
638
638
638
638
638
638
637
637
637
637
637
637
637
636
636
636
636
636
636
636
636
635
635
635
635
635
635
635
635
634
634
634
634
634
634
634
634
634
634
634
633
633
633
633
633
633
632
632
632
632
632
632
632
632
632
632
632
632
632
632
632
632
631
631
631
631
631
631
631
631
631
631
631
630
630
630
630
630
630
630
629
629
629
629
629
629
629
629
629
629
629
629
628
628
628
628
628
628
628
628
628
628
628
628
628
628
627
627
627
627
627
627
627
627
627
627
627
627
627
627
627
627
626
626
626
626
626
626
626
626
626
626
625
625
625
625
625
625
625
625
625
625
625
625
625
625
625
624
624
624
624
624
624
624
623
623
623
623
623
623
623
622
622
622
622
622
622
622
622
622
621
621
621
621
621
621
621
621
621
621
621
621
621
621
621
621
620
620
620
620
620
620
620
620
620
620
620
619
619
619
619
619
619
619
619
619
619
619
618
618
618
618
618
618
618
618
618
618
618
618
618
617
617
617
617
617
617
617
616
616
616
616
616
616
616
616
616
616
615
615
615
615
615
615
615
614
614
614
614
614
613
613
613
613
613
613
613
613
613
613
613
613
613
613
613
613
612
612
612
612
612
611
611
611
611
611
611
611
611
611
611
611
611
611
610
610
610
610
610
610
610
610
610
610
610
610
609
609
609
609
609
609
609
609
609
609
609
609
609
609
609
609
609
609
608
608
608
608
608
608
608
608
608
608
608
608
608
608
608
608
607
607
607
607
607
607
607
607
607
607
607
607
607
607
607
607
607
606
606
606
606
606
606
606
606
606
605
605
605
605
605
605
605
605
605
605
605
605
605
605
604
604
604
604
604
604
604
603
603
603
603
603
603
603
603
603
603
603
603
602
602
602
602
602
602
601
601
601
601
601
601
601
601
600
600
600
600
600
600
600
600
599
599
599
599
599
599
599
599
599
599
599
598
598
598
598
597
597
597
597
597
597
597
597
597
597
597
597
597
597
596
596
596
596
596
596
596
596
596
596
596
596
596
596
596
596
595
595
595
595
595
595
595
595
595
595
595
595
595
595
594
594
594
594
594
594
594
594
594
594
593
593
593
593
593
593
593
593
593
593
593
593
593
593
593
593
593
593
593
593
592
592
592
592
592
592
592
592
592
592
592
591
591
591
591
591
591
591
591
591
591
591
591
591
590
590
590
590
590
590
590
590
590
590
590
590
590
590
590
590
590
590
590
589
589
589
589
589
589
589
589
589
589
588
588
588
588
588
588
588
588
588
587
587
587
587
587
587
587
587
587
587
586
586
586
586
586
586
586
586
586
586
586
586
585
585
585
585
585
585
585
585
585
585
584
584
584
584
584
584
584
584
584
584
584
584
584
584
584
584
584
584
583
583
583
583
583
583
583
583
583
583
583
582
582
582
582
582
582
582
582
582
581
581
581
581
581
581
581
581
581
581
580
580
580
580
580
580
580
580
580
580
580
580
580
580
580
580
580
580
580
580
579
579
579
579
579
579
579
579
579
579
578
578
578
578
578
578
578
578
578
578
578
578
578
578
578
578
578
578
578
578
578
578
578
577
577
577
577
577
577
577
577
577
577
577
577
577
577
577
577
577
577
576
576
576
576
576
576
576
576
576
576
575
575
575
575
575
575
575
575
575
575
575
574
574
574
574
574
574
574
574
574
574
574
574
574
574
574
574
574
573
573
573
573
573
573
573
573
573
572
572
572
572
572
572
572
572
572
572
572
572
572
572
572
572
572
571
571
571
571
571
571
571
571
571
571
571
571
571
571
571
571
570
570
570
570
570
570
570
570
570
570
570
570
570
570
570
570
570
569
569
569
569
569
569
569
569
569
569
569
569
569
569
569
569
568
568
568
568
568
568
568
567
567
567
567
567
567
567
567
567
567
567
567
566
566
566
566
566
566
566
566
566
566
566
566
566
566
566
566
566
566
566
565
565
565
565
565
565
565
565
565
565
564
564
564
564
564
564
564
564
564
564
564
564
564
564
563
563
563
563
563
563
563
563
563
563
563
563
563
563
563
562
562
562
562
562
562
562
562
562
562
562
562
562
562
562
562
561
561
561
561
561
561
561
561
561
561
560
560
560
560
560
560
560
560
560
560
560
560
559
559
559
559
559
559
559
559
559
559
559
559
559
559
559
559
559
558
558
558
558
558
558
558
558
558
558
558
558
558
557
557
557
557
557
557
557
557
557
557
557
557
557
557
557
557
557
556
556
556
556
556
556
556
556
556
555
555
555
555
555
555
555
555
555
555
555
555
555
555
555
555
554
554
554
554
554
554
554
554
554
554
554
554
554
553
553
553
553
553
553
553
553
553
553
553
553
552
552
552
552
552
552
552
552
552
552
552
552
551
551
551
551
551
551
551
551
550
550
550
550
550
550
550
550
550
550
550
550
550
550
549
549
549
549
549
549
549
549
549
549
549
549
549
549
549
549
549
548
548
548
548
548
548
548
548
548
548
548
547
547
547
547
547
547
547
547
547
547
547
547
547
547
546
546
546
546
546
546
546
546
546
546
546
546
546
546
546
546
546
546
545
545
545
545
545
545
545
545
545
545
545
545
545
545
544
544
544
544
544
544
544
544
544
544
544
544
544
544
544
543
543
543
543
543
543
543
543
543
543
543
543
543
543
543
543
542
542
542
542
542
542
542
542
542
542
542
542
542
542
542
541
541
541
541
541
541
541
541
541
541
541
541
540
540
540
540
540
540
540
540
540
540
540
540
540
540
540
540
540
539
539
539
539
539
539
539
539
539
539
539
539
539
539
539
539
539
538
538
538
538
538
538
538
538
538
538
538
538
537
537
537
537
537
537
537
537
537
537
537
536
536
536
536
536
536
536
536
536
536
536
536
536
536
535
535
535
535
535
535
535
535
535
535
535
535
535
535
535
534
534
534
534
534
534
534
534
534
533
533
533
533
533
533
533
533
533
533
533
533
533
533
533
533
533
532
532
532
532
532
532
532
532
532
532
532
532
532
532
531
531
531
531
531
531
531
531
531
531
531
531
530
530
530
530
530
530
530
530
530
530
530
530
530
530
530
529
529
529
529
529
529
529
529
529
529
529
529
529
529
529
529
528
528
528
528
528
528
528
528
528
528
528
528
528
528
528
527
527
527
527
527
527
527
527
527
527
526
526
526
526
526
526
526
526
526
526
526
526
526
526
526
526
526
526
525
525
525
525
525
525
525
525
525
525
525
525
525
525
525
524
524
524
524
524
524
524
524
524
524
524
524
524
524
524
523
523
523
523
523
523
523
523
523
523
523
523
523
523
522
522
522
522
522
522
522
522
522
522
522
522
522
522
522
522
522
522
522
522
522
522
522
521
521
521
521
521
521
521
521
521
521
521
521
521
521
521
521
521
521
521
521
521
521
521
521
520
520
520
520
520
520
520
520
520
520
520
519
519
519
519
519
519
519
519
519
519
519
519
519
519
519
518
518
518
518
518
518
518
518
518
518
518
518
518
518
518
518
518
518
518
518
518
518
518
518
517
517
517
517
517
517
517
516
516
516
516
516
516
516
516
516
516
516
516
516
516
515
515
515
515
515
515
515
515
515
515
515
515
515
515
515
515
515
515
515
515
515
515
515
514
514
514
514
514
514
514
514
514
514
514
514
514
514
514
514
513
513
513
513
513
513
513
513
513
513
513
513
513
513
513
513
513
513
513
513
513
512
512
512
512
512
512
512
512
512
512
512
512
512
512
511
511
511
511
511
511
511
511
511
511
511
511
511
511
511
511
510
510
510
510
510
510
510
510
510
510
510
510
510
509
509
509
509
509
509
509
509
509
509
509
509
509
509
509
509
509
508
508
508
508
508
508
508
508
508
508
508
508
508
508
508
507
507
507
507
507
507
507
507
507
507
506
506
506
506
506
506
506
506
506
506
506
506
506
506
506
506
506
506
506
506
506
506
506
505
505
505
505
505
505
505
505
505
505
505
505
505
505
505
505
504
504
504
504
504
504
504
504
504
503
503
503
503
503
503
503
503
503
503
503
503
503
503
503
503
503
503
502
502
502
502
502
502
502
502
502
502
502
502
502
502
502
501
501
501
501
501
501
501
501
501
501
501
501
501
501
500
500
500
500
500
500
500
500
500
500
500
500
500
500
500
499
499
499
499
499
499
499
499
499
499
499
499
499
499
498
498
498
498
498
498
498
498
498
498
498
498
498
498
498
498
498
497
497
497
497
497
497
497
497
497
497
497
497
497
497
497
497
497
497
497
497
497
496
496
496
496
496
496
496
496
496
496
495
495
495
495
495
495
495
495
495
495
495
495
495
495
495
495
495
495
494
494
494
494
494
494
494
494
494
494
494
494
494
494
494
494
494
494
494
494
494
493
493
493
493
493
493
493
493
493
493
493
493
493
493
492
492
492
492
492
492
492
492
492
492
492
492
492
492
492
492
492
492
492
492
492
492
491
491
491
491
491
491
491
491
491
491
491
490
490
490
490
490
490
490
490
490
490
490
490
490
490
490
490
489
489
489
489
489
489
489
489
489
489
489
489
489
488
488
488
488
488
488
488
488
488
488
488
488
488
488
488
488
487
487
487
487
487
487
487
487
487
487
487
487
487
487
487
487
486
486
486
486
486
486
486
486
486
486
486
486
486
486
486
486
486
486
486
486
486
486
486
486
485
485
485
485
485
485
485
485
485
485
485
485
485
485
485
485
485
485
485
484
484
484
484
484
484
484
484
484
484
484
484
484
484
484
484
484
484
484
484
484
484
484
484
484
484
483
483
483
483
483
483
483
483
483
483
483
483
483
483
483
483
483
483
483
483
483
483
483
482
482
482
482
482
482
482
482
482
482
482
482
482
482
482
481
481
481
481
481
481
481
481
481
481
481
481
481
481
481
481
481
481
481
481
481
480
480
480
480
480
480
480
480
480
480
480
480
480
480
480
480
480
479
479
479
479
479
479
479
479
479
479
479
479
479
479
479
479
478
478
478
478
478
478
478
478
478
478
478
478
478
478
478
478
478
478
478
478
478
478
478
478
477
477
477
477
477
477
477
477
477
477
477
477
477
477
477
477
477
477
477
477
476
476
476
476
476
476
476
476
476
476
476
476
476
476
476
476
476
476
476
476
476
476
476
476
476
476
476
476
475
475
475
475
475
475
475
475
475
475
475
475
475
475
475
475
475
475
475
475
475
474
474
474
474
474
474
474
474
474
474
474
474
474
474
474
474
474
474
474
474
473
473
473
473
473
473
473
473
473
473
473
473
473
473
473
473
473
473
473
472
472
472
472
472
472
472
472
472
472
472
472
472
472
472
471
471
471
471
471
471
471
471
471
471
471
471
471
471
471
471
471
471
471
471
471
471
471
471
470
470
470
470
470
470
470
470
470
470
470
470
470
470
470
470
470
470
470
469
469
469
469
469
469
469
469
469
469
469
469
469
469
468
468
468
468
468
468
468
468
468
468
468
468
468
468
468
468
468
468
468
468
468
468
467
467
467
467
467
467
467
467
467
467
467
467
467
467
467
467
467
466
466
466
466
466
466
466
466
466
466
466
466
466
466
466
466
466
466
466
465
465
465
465
465
465
465
465
465
465
465
465
465
465
465
465
465
465
464
464
464
464
464
464
464
464
464
464
464
464
464
464
464
464
463
463
463
463
463
463
463
463
463
463
463
463
463
463
463
463
463
463
463
463
463
463
463
463
463
463
463
463
463
463
463
463
462
462
462
462
462
462
462
462
462
462
462
462
462
462
462
462
461
461
461
461
461
461
461
461
461
461
461
461
461
460
460
460
460
460
460
460
460
460
460
460
460
460
460
460
460
460
460
460
460
460
460
460
460
460
460
460
460
460
459
459
459
459
459
459
459
459
459
459
459
459
459
459
459
459
459
459
459
459
459
459
459
459
459
459
459
459
459
458
458
458
458
458
458
458
458
458
458
458
458
458
458
458
458
458
458
458
458
458
458
458
457
457
457
457
457
457
457
457
457
457
457
457
457
457
457
457
457
457
457
457
456
456
456
456
456
456
456
456
456
456
456
456
456
456
455
455
455
455
455
455
455
455
455
455
455
455
455
455
455
455
455
455
454
454
454
454
454
454
454
454
454
454
454
454
454
454
454
454
454
454
454
454
454
454
453
453
453
453
453
453
453
453
453
453
453
453
453
453
453
453
453
453
453
453
453
453
453
453
453
453
453
453
453
452
452
452
452
452
452
452
452
452
452
452
452
452
452
452
452
452
452
452
452
452
452
452
452
452
451
451
451
451
451
451
451
451
451
451
451
451
451
451
451
450
450
450
450
450
450
450
450
450
450
450
450
450
450
450
450
450
450
450
450
450
450
450
449
449
449
449
449
449
449
449
449
449
449
449
449
449
449
449
449
449
449
449
449
449
449
449
449
449
449
449
448
448
448
448
448
448
448
448
448
448
448
448
448
448
448
448
448
447
447
447
447
447
447
447
447
447
447
447
447
447
447
447
447
447
447
447
447
447
447
447
447
446
446
446
446
446
446
446
446
446
446
446
446
446
446
446
446
446
446
446
446
446
446
445
445
445
445
445
445
445
445
445
445
445
445
445
445
445
445
445
445
445
444
444
444
444
444
444
444
444
444
444
444
444
444
444
444
444
444
444
444
444
444
443
443
443
443
443
443
443
443
443
443
443
443
443
443
443
443
443
443
443
442
442
442
442
442
442
442
442
442
442
442
442
442
442
442
442
442
442
442
442
442
441
441
441
441
441
441
441
441
441
441
441
441
441
441
441
441
441
441
441
441
441
441
441
440
440
440
440
440
440
440
440
440
440
440
440
440
440
440
440
440
440
440
440
440
440
440
440
440
440
440
439
439
439
439
439
439
439
439
439
439
439
439
439
439
439
439
439
439
439
439
439
439
439
439
439
439
438
438
438
438
438
438
438
438
438
438
438
438
438
438
438
438
438
438
438
438
437
437
437
437
437
437
437
437
437
437
437
437
437
437
437
437
437
437
437
436
436
436
436
436
436
436
436
436
436
436
436
436
436
436
436
436
436
436
436
436
436
436
436
436
436
436
436
436
435
435
435
435
435
435
435
435
435
435
435
435
435
435
435
435
435
435
435
435
435
435
435
434
434
434
434
434
434
434
434
434
434
434
434
434
434
434
434
434
434
434
433
433
433
433
433
433
433
433
433
433
433
433
433
433
433
433
433
433
433
433
433
433
433
433
432
432
432
432
432
432
432
432
432
432
432
432
432
432
432
432
432
432
431
431
431
431
431
431
431
431
431
431
431
431
431
431
431
431
431
431
431
431
431
431
431
431
431
430
430
430
430
430
430
430
430
430
430
430
430
430
430
430
430
430
430
430
430
430
430
430
429
429
429
429
429
429
429
429
429
429
429
429
429
429
429
429
429
429
429
429
429
429
428
428
428
428
428
428
428
428
428
428
428
428
428
428
428
428
428
428
428
427
427
427
427
427
427
427
427
427
427
427
427
427
427
427
427
427
426
426
426
426
426
426
426
426
426
426
426
426
426
426
426
426
426
426
426
426
426
426
425
425
425
425
425
425
425
425
425
425
425
425
425
425
425
425
425
425
425
425
425
425
425
425
425
425
425
425
425
425
425
424
424
424
424
424
424
424
424
424
424
424
424
424
424
424
424
424
424
424
424
424
424
424
424
423
423
423
423
423
423
423
423
423
423
423
423
423
423
423
423
423
423
423
423
423
423
423
423
423
423
423
423
423
422
422
422
422
422
422
422
422
422
422
422
422
422
422
422
422
422
422
422
422
421
421
421
421
421
421
421
421
421
421
421
421
421
421
421
421
421
421
421
421
421
421
421
421
421
421
421
421
421
421
421
421
421
420
420
420
420
420
420
420
420
420
420
420
420
420
420
420
420
420
420
420
420
420
420
420
420
420
420
420
420
420
420
420
420
420
420
420
420
419
419
419
419
419
419
419
419
419
419
419
419
419
419
419
419
419
419
419
419
419
419
419
419
419
419
419
419
418
418
418
418
418
418
418
418
418
418
418
418
418
418
418
418
418
417
417
417
417
417
417
417
417
417
417
417
417
417
417
417
417
417
417
417
416
416
416
416
416
416
416
416
416
416
416
416
416
416
416
416
416
416
416
416
416
416
416
416
416
415
415
415
415
415
415
415
415
415
415
415
415
415
415
415
415
415
415
415
415
415
415
415
415
414
414
414
414
414
414
414
414
414
414
414
414
414
414
414
414
414
414
414
413
413
413
413
413
413
413
413
413
413
413
413
413
413
413
413
413
413
413
413
413
412
412
412
412
412
412
412
412
412
412
412
412
412
412
412
412
412
412
412
412
412
412
412
412
412
412
412
412
412
412
411
411
411
411
411
411
411
411
411
411
411
411
411
411
411
411
411
411
411
411
411
411
411
411
411
411
411
411
411
411
411
411
411
411
411
410
410
410
410
410
410
410
410
410
410
410
410
410
410
410
410
410
410
410
410
410
409
409
409
409
409
409
409
409
409
409
409
409
409
409
409
409
409
409
409
409
409
409
409
409
409
409
409
409
409
408
408
408
408
408
408
408
408
408
408
408
408
408
408
408
408
408
408
408
408
408
407
407
407
407
407
407
407
407
407
407
407
407
407
407
407
407
407
407
407
407
407
407
406
406
406
406
406
406
406
406
406
406
406
406
406
406
406
406
406
406
406
406
406
405
405
405
405
405
405
405
405
405
405
405
405
405
405
405
405
405
405
405
405
405
405
405
405
405
405
404
404
404
404
404
404
404
404
404
404
404
404
404
404
404
404
404
404
404
404
404
404
404
403
403
403
403
403
403
403
403
403
403
403
403
403
403
403
403
403
403
402
402
402
402
402
402
402
402
402
402
402
402
402
402
402
402
402
402
402
402
402
401
401
401
401
401
401
401
401
401
401
401
401
401
401
401
401
401
401
401
401
401
401
401
401
401
401
400
400
400
400
400
400
400
400
400
400
400
400
400
400
400
400
400
400
400
400
400
400
400
400
400
400
400
400
400
399
399
399
399
399
399
399
399
399
399
399
399
399
399
399
399
399
399
399
399
399
399
399
399
399
398
398
398
398
398
398
398
398
398
398
398
398
398
398
398
398
398
398
398
398
398
398
398
398
398
397
397
397
397
397
397
397
397
397
397
397
397
397
397
397
397
397
397
397
397
397
397
397
396
396
396
396
396
396
396
396
396
396
396
396
396
396
396
396
396
396
396
396
396
396
396
396
396
396
396
396
396
396
396
396
396
396
396
396
396
396
396
395
395
395
395
395
395
395
395
395
395
395
395
395
395
395
395
395
395
395
395
395
395
395
395
395
395
394
394
394
394
394
394
394
394
394
394
394
394
394
394
394
394
394
394
394
394
394
394
394
394
394
394
394
394
394
394
394
393
393
393
393
393
393
393
393
393
393
393
393
393
393
393
393
393
393
393
393
393
393
393
393
393
393
393
393
393
393
393
392
392
392
392
392
392
392
392
392
392
392
392
392
392
392
392
392
392
392
392
392
392
392
392
392
392
392
392
391
391
391
391
391
391
391
391
391
391
391
391
391
391
391
391
391
391
391
391
391
391
391
391
391
391
391
390
390
390
390
390
390
390
390
390
390
390
390
390
390
390
390
390
390
390
390
390
390
390
390
390
390
390
390
390
390
390
390
390
390
390
390
390
390
390
389
389
389
389
389
389
389
389
389
389
389
389
389
389
389
389
389
389
389
389
389
388
388
388
388
388
388
388
388
388
388
388
388
388
388
388
388
388
388
388
388
388
388
388
388
388
388
388
387
387
387
387
387
387
387
387
387
387
387
387
387
387
387
387
387
387
387
387
387
387
387
387
387
387
387
386
386
386
386
386
386
386
386
386
386
386
386
386
386
385
385
385
385
385
385
385
385
385
385
385
385
385
385
385
385
385
385
385
385
385
385
385
385
385
385
385
385
384
384
384
384
384
384
384
384
384
384
384
384
384
384
384
384
384
384
384
384
384
384
384
383
383
383
383
383
383
383
383
383
383
383
383
383
382
382
382
382
382
382
382
382
382
382
382
382
382
382
382
382
382
382
382
382
382
381
381
381
381
381
381
381
381
381
381
381
381
381
381
381
381
381
381
381
381
381
381
381
380
380
380
380
380
380
380
380
380
380
380
380
380
380
380
380
380
380
380
380
380
380
380
380
380
380
379
379
379
379
379
379
379
379
379
379
379
379
379
379
379
379
379
379
379
379
378
378
378
378
378
378
378
378
378
378
378
378
377
377
377
377
377
377
377
377
377
377
377
377
377
377
377
376
376
376
376
376
376
376
376
376
375
375
375
375
375
375
375
375
375
375
375
375
375
375
375
375
374
374
374
374
374
374
374
373
373
373
373
373
373
373
373
373
373
373
373
373
373
373
373
373
373
373
373
372
372
372
372
372
372
372
372
372
372
372
372
371
371
371
371
371
371
371
371
371
371
371
370
370
370
370
370
370
370
369
369
369
369
369
369
369
369
369
368
368
368
367
367
367
367
366
366
366
366
366
365
365
365
364
364
364
364
364
363
363
363
363
363
363
363
362
362
362
361
361
361
361
361
361
361
361
360
360
360
360
360
359
358
358
358
357
357
357
357
357
357
356
356
356
356
356
354
353
353
353
353
352
352
352
352
351
351
351
351
350
350
350
350
350
350
349
349
349
349
348
348
348
347
346
346
346
344
344
344
343
342
342
342
342
341
341
340
340
340
340
340
339
339
339
338
337
337
337
335
334
333
333
332
329
328
327
325
323
319
318
318
304
304
304
291
291
263
258
255
255
254
254
242
240
225
224
207
204
198
190
173
173
167
165
163
163
161
158
155
155
153
151
149
146
145
145
142
142
142
138
138
128
128
128
128
128
128
