7768
6890
6816
6594
6424
6356
6097
6019
5983
5867
5813
5729
5682
5680
5639
5621
5618
5573
5514
5489
5411
5397
5387
5377
5369
5354
5350
5350
5349
5324
5286
5273
5270
5260
5251
5251
5232
5222
5210
5190
5176
5173
5168
5161
5161
5156
5148
5130
5126
5100
5083
5055
5035
5021
5014
5013
5002
4986
4982
4977
4974
4957
4940
4937
4922
4876
4868
4867
4862
4848
4845
4830
4824
4797
4795
4781
4781
4768
4750
4739
4737
4736
4735
4733
4730
4730
4727
4724
4719
4705
4704
4704
4702
4700
4690
4682
4678
4662
4662
4662
4660
4656
4642
4634
4630
4630
4612
4601
4601
4593
4588
4570
4570
4568
4566
4561
4556
4541
4536
4535
4526
4502
4486
4485
4477
4476
4472
4467
4462
4460
4456
4444
4423
4422
4422
4404
4393
4391
4386
4385
4383
4380
4378
4375
4363
4363
4362
4361
4352
4344
4344
4333
4332
4328
4328
4328
4328
4314
4285
4279
4277
4275
4274
4272
4272
4271
4269
4265
4261
4258
4257
4251
4248
4242
4239
4231
4228
4224
4223
4207
4205
4198
4190
4189
4185
4183
4181
4178
4177
4173
4171
4149
4144
4138
4137
4126
4110
4109
4105
4105
4104
4096
4089
4083
4056
4054
4044
4043
4035
4034
4033
4017
4015
4002
3989
3984
3976
3968
3963
3962
3955
3955
3945
3940
3939
3935
3933
3932
3931
3930
3929
3923
3920
3914
3906
3906
3900
3894
3889
3886
3868
3862
3854
3852
3850
3849
3848
3844
3841
3837
3832
3830
3828
3823
3823
3817
3814
3808
3806
3806
3805
3803
3802
3799
3799
3790
3790
3789
3789
3788
3781
3778
3778
3777
3776
3761
3759
3756
3753
3752
3748
3748
3739
3737
3735
3732
3732
3732
3730
3728
3728
3726
3726
3720
3719
3697
3693
3689
3678
3674
3673
3663
3659
3655
3651
3648
3645
3641
3634
3634
3633
3633
3622
3619
3619
3618
3618
3618
3612
3605
3601
3599
3596
3595
3589
3583
3582
3569
3565
3563
3560
3558
3557
3557
3549
3547
3546
3546
3546
3545
3542
3540
3537
3534
3532
3531
3530
3525
3525
3524
3516
3515
3514
3511
3505
3496
3489
3489
3487
3487
3486
3484
3482
3480
3476
3470
3470
3464
3464
3463
3461
3461
3460
3459
3452
3451
3450
3447
3442
3441
3441
3440
3434
3430
3424
3418
3414
3404
3401
3398
3390
3389
3386
3382
3382
3377
3375
3375
3369
3366
3365
3359
3356
3356
3353
3353
3353
3352
3348
3346
3345
3340
3336
3335
3334
3324
3320
3319
3317
3317
3312
3310
3308
3303
3300
3299
3298
3296
3294
3292
3292
3290
3289
3287
3280
3277
3277
3272
3268
3268
3267
3265
3264
3261
3261
3260
3260
3256
3256
3255
3254
3254
3253
3247
3243
3239
3238
3237
3236
3232
3231
3229
3225
3224
3221
3220
3220
3218
3217
3217
3216
3214
3212
3211
3211
3208
3207
3206
3201
3200
3196
3196
3192
3191
3190
3184
3184
3178
3176
3172
3164
3160
3159
3155
3154
3151
3150
3146
3140
3140
3138
3134
3134
3132
3132
3129
3129
3128
3127
3126
3125
3124
3122
3117
3111
3106
3103
3102
3102
3101
3099
3097
3097
3096
3095
3095
3093
3093
3077
3072
3071
3070
3070
3065
3065
3060
3059
3058
3055
3054
3050
3049
3047
3046
3041
3038
3037
3036
3036
3035
3035
3035
3034
3033
3033
3033
3032
3028
3024
3022
3022
3016
3012
3011
3008
3000
2997
2995
2994
2993
2988
2985
2985
2981
2981
2975
2972
2968
2964
2963
2961
2959
2959
2959
2958
2957
2956
2954
2952
2951
2951
2949
2946
2945
2944
2940
2934
2933
2932
2931
2929
2925
2925
2921
2917
2916
2913
2908
2907
2906
2904
2897
2894
2892
2892
2892
2882
2881
2880
2876
2874
2873
2871
2864
2859
2859
2854
2853
2850
2849
2848
2848
2847
2847
2844
2842
2840
2840
2836
2835
2832
2831
2827
2824
2814
2814
2813
2813
2813
2811
2811
2808
2806
2805
2800
2799
2798
2795
2793
2792
2792
2791
2788
2787
2785
2785
2784
2782
2777
2777
2776
2774
2773
2770
2769
2769
2767
2766
2761
2760
2760
2757
2752
2749
2748
2748
2744
2743
2740
2738
2736
2734
2730
2729
2727
2727
2725
2724
2723
2722
2721
2719
2714
2712
2712
2710
2709
2708
2708
2705
2703
2702
2701
2701
2699
2698
2697
2696
2693
2691
2689
2688
2688
2687
2685
2685
2680
2680
2675
2674
2674
2673
2673
2669
2665
2659
2658
2655
2653
2652
2647
2647
2640
2635
2627
2626
2626
2625
2624
2622
2621
2621
2620
2620
2620
2616
2615
2615
2614
2612
2611
2611
2610
2609
2609
2608
2608
2603
2601
2601
2600
2597
2597
2595
2592
2592
2591
2587
2587
2586
2586
2586
2584
2583
2582
2582
2580
2578
2578
2577
2575
2573
2570
2568
2559
2557
2556
2555
2554
2552
2550
2550
2548
2547
2547
2546
2546
2545
2542
2542
2541
2541
2541
2538
2538
2536
2535
2532
2530
2529
2528
2522
2521
2521
2518
2515
2515
2514
2514
2513
2513
2510
2508
2502
2501
2501
2498
2498
2495
2493
2490
2489
2489
2488
2488
2483
2482
2482
2481
2479
2479
2478
2478
2478
2477
2475
2473
2473
2471
2471
2468
2466
2465
2465
2465
2464
2463
2462
2462
2462
2462
2461
2460
2458
2457
2457
2457
2456
2454
2454
2453
2453
2451
2451
2450
2450
2448
2445
2444
2442
2441
2440
2440
2438
2437
2435
2435
2434
2434
2432
2432
2432
2431
2430
2427
2426
2426
2424
2423
2423
2422
2422
2416
2416
2413
2413
2413
2411
2409
2408
2408
2407
2404
2403
2402
2402
2398
2396
2394
2392
2391
2390
2388
2385
2383
2369
2369
2366
2366
2360
2360
2353
2352
2352
2348
2348
2347
2347
2347
2344
2342
2340
2337
2336
2336
2336
2335
2334
2333
2333
2331
2330
2330
2329
2329
2329
2327
2326
2325
2323
2321
2320
2319
2317
2316
2315
2314
2313
2312
2311
2311
2310
2307
2306
2305
2304
2304
2303
2303
2300
2299
2298
2297
2297
2294
2291
2291
2289
2289
2289
2285
2284
2283
2279
2278
2273
2272
2272
2271
2271
2270
2270
2265
2264
2264
2263
2263
2262
2261
2261
2259
2257
2257
2254
2253
2253
2251
2249
2246
2243
2243
2241
2239
2237
2236
2236
2234
2232
2231
2230
2230
2229
2227
2226
2223
2222
2222
2220
2220
2219
2216
2215
2214
2213
2213
2211
2209
2209
2208
2207
2205
2202
2201
2199
2195
2193
2192
2191
2191
2191
2189
2189
2188
2187
2187
2186
2185
2182
2181
2181
2181
2180
2178
2177
2177
2176
2176
2175
2172
2169
2169
2166
2166
2166
2164
2164
2164
2163
2160
2159
2159
2159
2158
2156
2156
2153
2153
2153
2152
2151
2151
2150
2150
2150
2149
2148
2143
2143
2140
2140
2138
2137
2136
2136
2134
2133
2133
2133
2130
2130
2129
2127
2123
2122
2122
2122
2120
2118
2114
2114
2112
2112
2108
2108
2105
2105
2104
2104
2103
2102
2101
2101
2098
2095
2095
2091
2090
2086
2086
2085
2084
2083
2082
2080
2079
2075
2074
2074
2074
2074
2073
2073
2072
2072
2070
2070
2069
2068
2068
2068
2068
2067
2067
2063
2062
2062
2059
2055
2054
2050
2050
2050
2050
2049
2043
2043
2042
2042
2040
2040
2040
2038
2038
2037
2036
2036
2034
2033
2031
2029
2028
2026
2026
2025
2025
2024
2023
2023
2022
2018
2017
2016
2015
2014
2012
2011
2010
2008
2007
2007
2005
2004
2001
2001
1999
1998
1998
1997
1995
1995
1994
1994
1994
1993
1993
1992
1988
1987
1985
1983
1983
1982
1982
1980
1978
1974
1973
1973
1972
1971
1970
1969
1967
1966
1966
1965
1965
1964
1963
1958
1958
1957
1956
1956
1956
1955
1952
1952
1951
1951
1951
1948
1948
1947
1946
1946
1945
1944
1941
1941
1941
1940
1938
1938
1936
1935
1934
1933
1931
1930
1929
1928
1927
1927
1926
1924
1923
1923
1922
1920
1915
1915
1914
1911
1911
1911
1910
1908
1907
1905
1905
1903
1901
1900
1900
1898
1898
1898
1896
1895
1895
1894
1894
1893
1893
1892
1890
1890
1888
1888
1885
1882
1880
1879
1878
1878
1876
1874
1873
1873
1871
1871
1870
1869
1869
1869
1868
1867
1865
1864
1864
1864
1861
1861
1860
1860
1860
1859
1858
1857
1857
1856
1856
1855
1855
1855
1852
1852
1850
1850
1849
1849
1848
1848
1846
1845
1842
1842
1841
1840
1840
1839
1839
1839
1837
1837
1836
1835
1834
1833
1833
1832
1829
1828
1828
1824
1824
1821
1821
1819
1819
1818
1816
1816
1816
1813
1811
1811
1811
1810
1808
1806
1805
1805
1804
1804
1803
1803
1802
1801
1800
1800
1799
1799
1798
1798
1797
1797
1794
1794
1794
1794
1792
1791
1789
1788
1787
1787
1785
1785
1783
1782
1781
1779
1772
1769
1768
1768
1767
1766
1766
1764
1762
1761
1760
1760
1759
1757
1756
1756
1756
1756
1756
1754
1753
1753
1753
1752
1751
1751
1751
1749
1749
1749
1748
1748
1748
1747
1746
1743
1741
1740
1740
1740
1740
1739
1738
1738
1736
1736
1733
1731
1731
1730
1728
1728
1727
1727
1726
1726
1724
1724
1724
1720
1719
1719
1718
1717
1715
1714
1713
1712
1711
1711
1709
1706
1706
1705
1704
1704
1703
1702
1701
1700
1699
1699
1698
1697
1696
1696
1695
1694
1692
1692
1692
1691
1688
1688
1688
1687
1687
1686
1686
1686
1683
1682
1682
1680
1678
1677
1677
1677
1676
1676
1675
1675
1673
1673
1673
1673
1672
1671
1669
1668
1668
1667
1666
1665
1664
1664
1664
1662
1661
1661
1658
1657
1657
1656
1655
1655
1653
1653
1650
1649
1648
1648
1648
1647
1646
1645
1645
1644
1643
1643
1642
1642
1640
1640
1638
1637
1637
1636
1636
1636
1635
1635
1634
1634
1634
1631
1631
1631
1631
1628
1628
1627
1626
1624
1622
1622
1622
1621
1621
1618
1618
1617
1617
1616
1616
1615
1614
1614
1614
1613
1613
1613
1612
1611
1611
1611
1610
1609
1609
1609
1609
1607
1607
1607
1606
1606
1603
1602
1602
1601
1601
1601
1601
1599
1598
1597
1597
1596
1593
1592
1591
1591
1590
1590
1590
1590
1590
1589
1589
1587
1587
1586
1585
1585
1585
1585
1582
1582
1582
1580
1579
1578
1578
1576
1576
1575
1574
1573
1573
1573
1571
1570
1570
1568
1568
1567
1562
1561
1560
1558
1558
1558
1557
1557
1556
1555
1555
1555
1555
1554
1552
1552
1551
1551
1550
1550
1550
1549
1549
1547
1547
1547
1547
1546
1544
1543
1543
1543
1542
1541
1537
1537
1536
1536
1535
1535
1535
1534
1530
1530
1529
1529
1528
1528
1527
1526
1526
1525
1525
1525
1524
1524
1523
1522
1522
1521
1519
1518
1517
1516
1515
1515
1515
1514
1512
1510
1510
1509
1509
1508
1507
1503
1501
1501
1499
1499
1499
1498
1498
1497
1496
1495
1493
1493
1492
1491
1490
1487
1486
1485
1485
1485
1485
1485
1484
1484
1479
1479
1479
1479
1478
1478
1476
1475
1475
1472
1472
1472
1471
1468
1468
1467
1467
1467
1467
1465
1464
1463
1462
1462
1461
1460
1460
1459
1457
1456
1456
1455
1455
1454
1453
1453
1452
1452
1451
1451
1448
1448
1447
1447
1446
1444
1444
1444
1443
1443
1443
1441
1441
1441
1440
1439
1437
1437
1436
1434
1433
1433
1431
1431
1430
1429
1428
1427
1426
1426
1425
1425
1424
1423
1423
1422
1421
1420
1419
1419
1419
1417
1417
1413
1413
1412
1411
1411
1411
1410
1409
1408
1407
1405
1402
1402
1402
1400
1400
1399
1399
1398
1398
1397
1397
1397
1397
1395
1394
1393
1393
1393
1393
1392
1391
1391
1390
1390
1389
1389
1389
1388
1388
1388
1387
1387
1387
1386
1385
1384
1384
1383
1382
1382
1380
1380
1379
1379
1378
1377
1376
1375
1374
1373
1370
1370
1370
1369
1369
1369
1369
1368
1367
1367
1366
1366
1365
1365
1365
1365
1365
1363
1362
1361
1361
1360
1360
1359
1359
1358
1357
1356
1356
1356
1354
1354
1352
1350
1350
1350
1350
1349
1348
1347
1346
1346
1346
1344
1344
1343
1343
1343
1343
1342
1342
1341
1340
1340
1340
1339
1339
1339
1338
1337
1337
1336
1335
1335
1335
1335
1335
1334
1333
1332
1332
1332
1331
1331
1331
1330
1329
1329
1326
1325
1325
1325
1324
1324
1323
1322
1322
1321
1320
1320
1320
1320
1320
1319
1319
1319
1319
1318
1318
1318
1317
1316
1315
1313
1313
1313
1312
1311
1309
1309
1307
1306
1306
1305
1305
1304
1304
1304
1303
1302
1301
1301
1300
1300
1300
1298
1298
1298
1296
1296
1296
1295
1295
1294
1294
1294
1294
1294
1294
1293
1293
1293
1293
1293
1292
1291
1291
1289
1289
1289
1288
1287
1287
1286
1286
1286
1285
1285
1284
1283
1283
1283
1282
1282
1282
1281
1281
1281
1280
1279
1279
1278
1278
1278
1278
1277
1277
1276
1276
1276
1275
1275
1275
1275
1274
1274
1274
1273
1272
1272
1271
1271
1270
1270
1270
1269
1268
1268
1268
1267
1267
1267
1267
1266
1266
1265
1265
1265
1264
1263
1262
1262
1262
1262
1260
1260
1260
1260
1260
1259
1259
1259
1258
1258
1258
1256
1255
1255
1254
1254
1254
1254
1253
1253
1253
1252
1250
1250
1250
1250
1250
1249
1249
1248
1248
1247
1246
1246
1246
1246
1245
1244
1244
1244
1244
1242
1242
1241
1241
1240
1240
1238
1238
1238
1237
1237
1237
1236
1235
1234
1233
1232
1232
1232
1232
1231
1231
1231
1230
1229
1229
1229
1229
1229
1228
1228
1228
1228
1227
1226
1226
1226
1226
1226
1225
1225
1224
1224
1223
1222
1222
1222
1221
1221
1220
1220
1220
1220
1219
1219
1219
1218
1218
1218
1216
1216
1215
1215
1215
1214
1213
1212
1212
1212
1212
1212
1211
1210
1209
1208
1208
1208
1208
1207
1206
1206
1206
1206
1206
1206
1206
1205
1205
1205
1204
1204
1203
1203
1203
1202
1201
1201
1201
1200
1200
1198
1198
1197
1196
1196
1195
1195
1194
1194
1194
1194
1194
1193
1193
1191
1191
1190
1190
1189
1189
1188
1188
1187
1187
1187
1187
1186
1186
1186
1186
1184
1184
1183
1183
1183
1183
1183
1182
1182
1182
1182
1181
1181
1181
1181
1181
1180
1179
1178
1178
1178
1178
1177
1176
1176
1176
1175
1174
1174
1173
1173
1171
1171
1170
1170
1169
1167
1167
1166
1166
1166
1165
1165
1165
1165
1163
1162
1162
1162
1162
1162
1161
1161
1160
1160
1160
1160
1160
1160
1160
1159
1159
1159
1159
1159
1159
1158
1158
1157
1157
1156
1156
1156
1155
1155
1155
1154
1154
1154
1154
1153
1152
1152
1152
1152
1152
1151
1151
1151
1150
1149
1149
1149
1149
1148
1147
1146
1144
1143
1143
1142
1142
1142
1142
1142
1141
1141
1140
1140
1140
1140
1140
1139
1139
1138
1138
1138
1138
1138
1137
1137
1136
1136
1136
1136
1135
1135
1135
1134
1134
1133
1133
1133
1133
1133
1133
1132
1132
1132
1132
1132
1131
1131
1130
1130
1130
1130
1129
1129
1129
1129
1129
1129
1128
1128
1128
1127
1126
1125
1125
1123
1122
1121
1120
1120
1120
1119
1118
1117
1116
1116
1116
1115
1115
1115
1115
1115
1115
1115
1114
1114
1113
1113
1113
1112
1112
1112
1111
1111
1111
1110
1110
1110
1109
1109
1109
1109
1108
1108
1107
1107
1107
1106
1105
1105
1104
1103
1103
1103
1103
1102
1101
1101
1101
1100
1100
1100
1099
1099
1099
1099
1098
1098
1098
1098
1098
1098
1097
1097
1097
1097
1097
1096
1095
1095
1094
1094
1093
1093
1093
1093
1093
1093
1092
1091
1091
1091
1091
1090
1090
1089
1088
1088
1087
1087
1086
1086
1085
1085
1085
1085
1085
1084
1084
1084
1084
1084
1083
1081
1081
1081
1081
1080
1079
1078
1077
1077
1077
1076
1076
1075
1075
1075
1075
1075
1074
1074
1073
1073
1073
1073
1072
1072
1072
1071
1071
1071
1070
1070
1069
1069
1068
1068
1068
1068
1068
1068
1066
1066
1066
1065
1065
1064
1064
1064
1063
1063
1063
1063
1062
1062
1062
1061
1061
1061
1061
1060
1060
1060
1059
1059
1059
1059
1059
1059
1057
1057
1057
1056
1056
1056
1056
1056
1056
1056
1055
1055
1055
1054
1054
1054
1053
1053
1053
1053
1053
1053
1052
1052
1052
1052
1052
1052
1051
1050
1049
1048
1048
1048
1048
1047
1047
1047
1047
1047
1046
1046
1045
1045
1045
1045
1045
1044
1044
1044
1044
1043
1042
1042
1042
1041
1041
1041
1040
1040
1039
1039
1039
1039
1039
1038
1038
1038
1038
1037
1037
1037
1036
1036
1035
1034
1034
1034
1034
1034
1034
1034
1033
1033
1033
1033
1033
1032
1032
1030
1029
1029
1029
1029
1029
1028
1028
1028
1027
1027
1027
1026
1026
1026
1026
1025
1025
1025
1025
1025
1025
1024
1024
1023
1023
1023
1023
1022
1022
1021
1021
1020
1020
1020
1020
1019
1019
1019
1018
1018
1017
1017
1017
1017
1017
1017
1016
1016
1016
1016
1015
1015
1015
1015
1015
1014
1014
1014
1014
1013
1012
1012
1011
1011
1010
1010
1010
1009
1009
1009
1008
1008
1007
1007
1007
1006
1006
1006
1005
1005
1004
1004
1003
1003
1003
1002
1002
1002
1002
1002
1002
1002
1002
1001
1001
1001
1000
1000
999
999
999
998
998
998
998
997
996
996
996
996
996
996
995
995
995
995
995
994
994
994
993
993
993
991
991
991
991
991
991
990
990
989
989
989
988
988
988
988
988
987
987
987
986
986
985
985
985
985
985
984
984
984
984
984
983
983
983
983
983
982
982
982
982
982
981
981
980
980
979
979
979
978
978
978
977
977
976
976
976
976
976
975
975
975
975
974
974
973
973
973
973
973
972
972
972
972
971
971
971
971
971
970
970
970
969
969
968
968
968
967
967
967
967
966
966
965
965
965
965
964
964
963
963
963
962
962
962
961
961
961
961
961
961
961
961
961
960
960
960
959
958
958
958
958
958
957
957
957
957
957
956
956
955
955
955
955
955
955
954
954
954
954
953
953
953
953
953
953
953
953
953
952
952
952
951
951
951
951
951
950
950
950
950
949
948
948
948
948
948
948
947
946
945
945
945
945
945
945
945
944
944
944
944
943
943
943
943
943
942
941
941
941
941
941
941
939
938
938
938
938
938
938
937
937
936
936
935
935
935
934
934
933
933
933
933
933
933
933
932
932
932
932
931
931
931
930
930
930
930
930
930
929
929
929
929
928
928
928
928
928
928
927
927
927
927
927
927
927
926
926
926
926
926
926
926
926
925
925
925
925
925
924
924
924
923
923
923
923
923
923
923
923
923
923
923
923
922
922
921
921
921
921
920
920
919
919
919
918
918
918
918
918
917
917
917
917
917
917
917
916
916
916
916
916
916
916
915
915
915
915
915
914
914
914
914
914
914
914
913
913
913
913
913
912
912
912
912
912
911
911
911
911
910
910
910
910
909
909
908
908
908
908
908
908
907
907
907
907
907
907
907
907
906
906
906
906
905
905
905
904
904
904
903
903
903
902
902
902
902
902
902
902
902
901
901
901
901
901
900
900
900
900
900
900
900
900
899
899
898
898
898
898
897
897
897
897
897
897
897
897
897
897
897
897
896
896
896
896
896
896
895
895
895
895
894
894
894
894
894
894
893
893
893
893
893
892
892
892
892
892
892
892
891
891
891
891
891
891
891
890
890
890
890
890
890
890
889
889
889
889
889
888
888
888
887
887
887
887
887
887
886
886
886
886
886
886
886
885
884
884
883
883
883
883
883
883
882
882
882
882
881
881
881
881
881
881
880
880
880
880
880
880
880
879
879
879
879
878
878
878
878
877
877
877
877
877
877
877
877
876
876
875
875
875
875
875
874
874
874
874
874
874
874
874
873
873
873
873
873
873
873
872
872
872
872
872
872
871
871
871
871
870
870
870
870
869
869
869
869
869
869
869
868
868
868
868
868
868
867
867
867
867
866
866
866
866
865
865
865
865
865
865
864
864
864
863
863
863
863
863
863
863
863
863
862
862
862
862
862
862
862
861
861
861
861
861
860
860
860
860
860
860
860
860
860
859
859
859
859
859
858
858
858
858
858
858
857
857
857
857
857
857
857
856
856
856
856
855
855
855
855
855
855
855
854
853
853
853
853
853
853
853
853
853
852
852
852
852
852
852
852
851
851
851
851
851
850
850
850
850
849
849
849
849
849
849
848
848
848
848
848
847
847
847
847
847
847
846
846
845
844
844
844
844
844
844
843
843
843
843
843
842
842
842
842
842
841
841
841
841
840
840
839
839
839
839
839
838
838
838
838
837
837
837
837
837
836
836
836
835
835
835
835
835
835
835
835
835
835
835
834
834
834
834
834
834
834
833
833
833
833
833
833
833
832
832
832
832
832
831
831
831
831
830
830
830
830
830
830
830
830
829
828
828
828
827
827
827
827
827
827
827
827
826
826
826
826
826
826
825
825
825
825
825
825
824
824
824
824
823
823
823
823
823
823
823
822
822
822
822
822
821
821
821
821
821
821
820
820
820
820
820
820
819
819
819
819
819
818
818
818
818
818
818
817
817
817
817
817
817
817
817
817
817
817
817
817
817
817
816
816
816
816
816
816
816
816
815
815
815
815
815
815
815
815
814
814
814
814
814
814
814
814
813
813
813
813
813
813
813
813
812
812
812
812
812
812
811
811
811
811
810
810
810
810
810
810
809
809
809
809
809
809
808
808
807
807
807
807
807
806
806
806
806
806
805
805
805
805
805
805
804
804
804
804
804
804
804
804
803
803
803
803
802
802
802
802
802
802
802
802
802
802
801
801
800
800
800
799
799
799
799
799
799
799
798
798
798
798
798
798
798
798
798
797
797
797
797
797
797
797
796
796
796
795
795
795
795
795
795
794
794
794
794
794
794
793
793
793
793
793
793
792
792
792
791
791
791
791
791
791
790
790
790
790
790
789
789
789
789
789
789
789
789
789
789
789
789
788
788
788
788
788
788
788
787
787
787
787
787
787
787
787
786
786
786
786
786
786
786
785
785
785
785
785
785
785
784
784
783
783
783
783
783
783
783
783
782
782
782
782
782
782
782
782
781
781
781
781
781
781
781
780
780
780
780
780
780
780
779
779
779
779
779
779
779
778
778
777
777
777
777
777
777
777
777
777
777
777
776
776
776
776
776
775
775
775
775
775
774
774
774
774
774
774
774
774
774
774
773
773
773
773
773
773
773
773
773
772
772
772
772
771
771
771
771
770
770
770
770
770
770
769
769
769
769
769
769
769
768
768
768
768
768
768
768
768
767
766
766
765
765
764
764
764
764
763
763
763
763
762
762
762
762
762
762
762
762
761
761
761
761
760
760
760
760
760
760
760
760
760
760
760
759
759
759
759
758
758
758
758
758
758
758
758
758
757
757
757
756
756
756
756
756
756
756
756
756
756
756
755
755
755
755
755
754
754
754
754
754
754
754
754
753
753
753
753
753
753
753
753
753
753
752
752
752
752
751
751
751
751
751
751
751
750
750
750
750
750
750
750
750
750
750
749
749
749
749
749
749
748
748
748
748
748
748
747
747
747
747
747
747
747
747
747
746
746
746
746
746
746
745
745
745
745
745
745
745
744
744
744
744
743
743
743
743
743
743
743
743
742
742
742
742
742
742
742
742
742
742
742
742
742
742
742
742
741
741
741
741
741
741
741
741
740
740
740
740
740
740
740
740
740
739
739
739
739
739
739
739
739
739
738
738
738
738
738
738
737
737
737
737
737
737
736
736
736
736
736
736
735
735
735
735
735
735
735
735
735
735
735
735
735
734
734
734
734
734
734
733
733
733
733
733
733
732
732
732
732
732
732
732
731
731
731
731
731
730
730
730
730
730
730
730
730
730
730
729
729
729
729
729
729
729
729
729
729
728
728
728
728
728
728
728
728
728
727
727
727
727
727
727
727
727
726
726
726
726
726
726
726
726
725
725
725
725
725
725
725
725
725
724
724
724
724
724
724
723
723
723
723
723
723
723
723
723
722
722
722
722
722
722
722
722
722
721
721
721
721
721
721
720
720
720
720
720
720
720
720
719
719
719
719
719
719
719
718
718
718
718
718
718
718
718
718
718
717
717
717
717
717
717
717
717
717
717
717
717
717
717
716
716
716
716
716
716
715
715
715
715
715
715
714
714
714
714
714
714
714
714
714
714
714
714
714
713
713
713
713
713
713
713
713
713
712
712
712
712
712
712
712
712
712
712
712
711
711
711
711
711
711
711
711
711
710
710
710
710
710
710
710
709
709
709
709
709
709
709
708
708
708
708
708
708
708
708
708
708
708
708
708
707
707
707
707
707
707
707
707
706
706
706
706
705
705
705
705
705
705
705
705
705
705
705
705
704
704
704
704
704
704
704
704
704
704
704
703
703
703
703
703
703
703
702
702
702
702
702
702
702
702
702
702
702
702
701
701
701
701
701
701
701
701
701
701
700
700
700
700
700
700
700
700
700
699
699
699
699
699
699
699
699
698
698
698
698
698
698
698
697
697
697
697
697
697
696
696
696
696
696
696
696
696
696
696
696
696
696
696
695
695
695
695
695
695
695
694
694
694
694
694
693
693
693
693
692
692
692
692
692
692
692
692
692
692
692
691
691
691
691
691
691
691
691
691
690
690
690
690
690
690
690
690
690
689
689
689
689
688
688
688
688
688
688
688
688
687
687
687
687
687
687
687
687
686
686
686
686
686
686
686
686
686
685
685
685
685
685
685
685
685
685
685
685
685
685
684
684
684
684
684
684
684
684
684
684
684
684
683
683
683
683
683
683
683
683
682
682
681
681
681
681
681
681
681
681
681
681
680
680
680
680
680
680
680
680
680
680
680
680
680
680
680
680
679
679
679
679
679
679
679
679
678
678
678
678
678
678
678
678
677
677
677
677
677
677
677
677
677
676
676
676
676
676
676
676
676
676
676
676
676
676
676
675
675
675
675
675
675
675
675
674
674
674
674
674
674
674
674
674
674
674
674
674
674
673
673
673
673
672
672
672
672
672
672
672
672
672
671
671
671
671
671
671
671
671
671
670
670
670
670
670
669
669
669
669
669
669
669
669
669
668
668
668
668
668
668
668
668
667
667
667
667
667
667
667
667
667
667
667
667
667
667
667
667
666
666
666
666
666
666
665
665
665
665
665
665
665
665
665
664
664
664
664
664
664
664
664
664
664
664
664
663
663
663
663
663
663
663
663
663
663
662
662
662
662
662
662
662
662
662
661
661
661
661
661
661
661
661
661
661
661
661
661
661
661
660
660
660
660
660
660
660
660
660
659
659
659
659
659
659
659
659
659
658
658
658
658
658
658
658
658
658
658
657
657
657
657
657
657
657
657
657
657
657
657
657
657
657
656
656
656
656
656
656
655
655
655
655
655
655
655
655
655
655
655
655
655
654
654
654
654
654
654
654
654
654
654
654
653
653
653
653
653
653
653
653
653
652
652
652
652
652
652
652
652
652
652
652
652
651
651
651
651
651
651
651
651
651
651
651
651
651
651
651
650
650
650
650
650
650
650
650
650
650
650
650
650
650
650
650
649
649
649
649
649
649
649
649
648
648
648
648
648
648
648
648
648
647
647
647
647
647
647
647
647
646
646
646
646
646
646
646
646
645
645
645
645
645
645
645
645
645
645
645
645
645
645
644
644
644
644
644
644
644
644
644
644
643
643
643
643
643
643
643
643
642
642
642
642
642
642
641
641
641
641
641
641
641
641
641
641
640
640
640
640
640
640
640
640
640
640
640
640
640
640
640
640
640
640
640
639
639
639
639
639
639
638
638
638
638
638
638
638
638
638
637
637
637
637
637
637
637
637
637
637
637
637
637
637
636
636
636
636
636
636
636
636
636
636
636
635
635
635
635
635
635
635
635
635
635
635
635
635
634
634
634
634
634
634
634
634
634
634
634
634
634
634
634
634
634
633
633
633
633
633
633
633
633
633
632
632
632
632
632
632
632
632
632
632
632
632
631
631
631
631
631
631
631
631
631
631
631
631
631
631
631
630
630
630
630
630
630
630
630
630
630
630
629
629
629
629
629
629
629
629
629
629
629
629
628
628
628
628
628
628
628
628
628
628
628
628
628
628
628
628
628
628
627
627
627
627
627
627
627
627
627
627
627
626
626
626
626
626
626
626
626
626
626
626
626
626
626
626
626
626
626
625
625
625
625
625
625
625
625
625
625
625
625
625
625
625
625
624
624
624
624
624
624
624
624
623
623
623
623
623
623
623
623
623
623
623
623
623
623
623
623
622
622
622
622
622
622
622
622
622
622
622
621
621
621
621
621
621
621
621
621
620
620
620
620
620
620
620
620
620
620
620
619
619
619
619
619
619
619
618
618
618
618
618
618
618
618
618
618
618
617
617
617
617
617
617
617
617
617
617
616
616
616
616
616
616
616
616
616
616
616
616
616
616
616
616
616
615
615
615
615
615
615
615
615
615
615
615
615
615
615
615
615
615
615
615
614
614
614
614
614
614
614
614
614
614
613
613
613
613
613
613
613
613
613
613
613
613
613
612
612
612
612
612
612
612
612
612
612
612
612
612
612
612
612
612
612
612
611
611
611
611
611
611
611
611
611
611
611
611
611
611
611
610
610
610
610
610
610
610
610
610
610
610
610
610
610
610
609
609
609
609
609
609
609
609
609
609
609
609
609
608
608
608
608
608
608
608
608
608
608
608
608
608
608
608
608
608
607
607
607
607
607
607
607
607
607
607
607
607
607
606
606
606
606
606
606
606
606
606
606
605
605
605
605
605
605
605
605
605
605
605
604
604
604
604
604
604
604
604
604
604
604
604
604
604
604
604
603
603
603
603
603
603
603
603
603
603
603
602
602
602
602
602
602
602
602
602
601
601
601
601
601
601
601
601
601
601
601
601
601
601
601
601
600
600
600
600
600
600
600
600
599
599
599
599
599
599
599
599
599
599
599
599
598
598
598
598
598
598
598
598
598
598
598
598
598
598
598
598
598
598
598
598
598
597
597
597
597
597
597
597
597
597
597
597
597
597
597
597
597
597
597
596
596
596
596
596
596
596
596
596
596
596
596
596
596
596
596
595
595
595
595
595
595
595
595
595
595
595
595
595
595
594
594
594
594
594
594
594
594
594
594
594
594
594
594
594
594
594
594
594
593
593
593
593
593
593
593
593
593
593
593
593
593
593
593
593
593
592
592
592
592
592
592
592
592
592
592
592
592
592
592
591
591
591
591
591
591
591
591
591
591
591
591
591
590
590
590
590
590
590
590
590
590
590
590
590
590
590
590
589
589
589
589
589
589
589
589
589
589
589
589
589
589
588
588
588
588
588
588
588
588
588
588
588
588
588
588
588
587
587
587
587
587
587
587
587
587
587
587
587
587
587
587
586
586
586
586
586
586
586
586
586
586
586
585
585
585
585
585
585
585
585
585
585
585
585
585
585
585
585
585
585
585
584
584
584
584
584
584
584
584
584
584
584
584
584
584
584
584
584
584
583
583
583
583
583
583
583
583
583
583
583
583
582
582
582
582
582
582
582
582
582
582
582
582
582
582
581
581
581
581
581
581
581
581
581
581
581
581
581
580
580
580
580
580
580
580
580
580
580
580
580
580
580
579
579
579
579
579
579
579
579
579
579
579
579
579
579
579
579
578
578
578
578
578
578
578
578
578
578
578
578
578
578
578
578
578
578
578
578
577
577
577
577
577
577
577
577
577
577
577
577
577
577
577
577
577
577
577
577
577
577
576
576
576
576
576
576
576
576
576
576
576
576
576
575
575
575
575
575
575
575
575
575
575
574
574
574
574
574
574
574
574
574
574
574
574
574
574
574
574
574
574
573
573
573
573
573
573
573
573
573
573
573
573
573
573
573
573
573
573
572
572
572
572
572
572
572
572
572
572
572
572
572
572
572
572
572
572
571
571
571
571
571
571
571
571
571
571
571
571
571
571
571
571
571
571
571
571
570
570
570
570
570
570
570
570
570
570
570
570
570
570
570
570
569
569
569
569
569
569
569
569
569
569
569
569
569
569
569
569
569
569
568
568
568
568
568
568
568
568
568
568
568
568
568
568
568
568
568
568
568
567
567
567
567
567
567
567
567
567
567
567
567
567
566
566
566
566
566
566
566
566
566
566
566
566
566
566
566
566
566
565
565
565
565
565
565
565
565
565
565
565
565
565
565
565
565
565
564
564
564
564
564
564
564
564
563
563
563
563
563
563
563
563
563
563
563
563
562
562
562
562
562
562
562
562
562
562
562
562
562
561
561
561
561
561
561
561
561
561
561
561
561
561
560
560
560
560
560
560
560
560
560
560
560
560
560
560
560
559
559
559
559
559
559
559
559
559
558
558
558
558
558
558
558
558
558
558
558
557
557
557
557
557
557
557
557
557
557
557
557
557
557
557
556
556
556
556
556
556
556
556
556
556
556
556
556
556
555
555
555
555
555
555
555
555
555
555
555
555
555
555
555
555
555
555
555
554
554
554
554
554
554
554
554
554
554
554
554
554
554
554
554
554
554
554
554
554
554
554
554
554
554
553
553
553
553
553
553
553
553
553
553
553
553
552
552
552
552
552
552
552
552
552
552
552
552
552
552
552
552
552
552
552
552
552
552
552
552
552
552
552
552
551
551
551
551
551
551
551
551
551
551
551
551
551
551
551
550
550
550
550
550
550
550
550
550
550
550
550
550
550
550
550
550
550
550
549
549
549
549
549
549
549
549
549
549
549
549
549
549
549
549
549
548
548
548
548
548
548
548
548
548
548
548
548
548
548
547
547
547
547
547
547
547
547
547
547
547
547
547
547
547
547
546
546
546
546
546
546
546
546
546
546
546
546
546
546
546
546
545
545
545
545
545
545
545
545
545
545
545
545
545
545
545
545
545
544
544
544
544
544
544
544
544
544
544
544
544
543
543
543
543
543
543
543
543
543
543
543
543
543
543
543
543
543
543
543
542
542
542
542
542
542
542
542
542
542
542
542
542
542
542
541
541
541
541
541
541
541
541
541
541
541
541
541
541
541
541
541
541
541
541
541
541
541
541
540
540
540
540
540
540
540
540
540
540
540
540
540
540
540
540
540
540
540
539
539
539
539
539
539
539
539
539
539
539
539
539
538
538
538
538
538
538
538
538
538
538
538
538
538
538
538
538
538
538
538
537
537
537
537
537
537
537
537
537
537
537
537
537
537
537
536
536
536
536
536
536
536
536
536
536
536
536
536
536
536
536
536
536
536
536
536
536
535
535
535
535
535
535
535
535
535
535
535
535
535
534
534
534
534
534
534
534
534
534
534
534
534
534
534
534
534
534
534
534
534
534
534
534
533
533
533
533
533
533
533
533
533
533
533
533
533
533
533
533
533
533
533
533
533
533
533
533
533
532
532
532
532
532
532
532
532
532
532
532
532
532
532
532
532
532
532
532
532
532
532
531
531
531
531
531
531
531
531
531
531
531
531
531
531
531
531
530
530
530
530
530
530
530
530
530
530
530
530
530
530
530
530
530
530
529
529
529
529
529
529
529
529
529
529
529
529
529
529
529
529
529
529
529
529
529
528
528
528
528
528
528
528
528
528
528
528
528
528
528
528
528
527
527
527
527
527
527
527
527
527
527
527
527
527
527
527
527
527
527
527
527
527
527
527
527
527
527
527
526
526
526
526
526
526
526
526
526
525
525
525
525
525
525
525
525
525
525
525
525
525
525
525
525
524
524
524
524
524
524
524
524
524
524
524
524
524
524
524
524
524
524
524
524
524
524
523
523
523
523
523
523
523
523
523
523
523
523
523
523
523
523
523
523
523
522
522
522
522
522
522
522
522
522
522
522
522
522
522
522
522
522
522
522
522
522
522
522
521
521
521
521
521
521
521
521
521
521
521
521
520
520
520
520
520
520
520
520
520
520
520
520
520
520
520
519
519
519
519
519
519
519
519
519
519
519
519
519
519
519
519
519
519
518
518
518
518
518
518
518
518
518
518
517
517
517
517
517
517
517
517
517
517
517
517
516
516
516
516
516
516
516
516
516
516
516
516
516
516
516
516
516
516
516
516
515
515
515
515
515
515
515
515
515
515
515
515
515
515
515
515
515
515
514
514
514
514
514
514
514
514
514
514
514
514
514
514
514
514
514
514
514
514
514
514
514
513
513
513
513
513
513
513
513
513
513
513
513
513
513
513
513
513
513
513
513
513
513
513
513
513
513
513
513
513
513
512
512
512
512
512
512
512
512
512
512
512
512
512
512
512
512
511
511
511
511
511
511
511
511
511
511
511
511
511
511
511
511
511
511
511
510
510
510
510
510
510
510
510
510
510
510
510
510
510
509
509
509
509
509
509
509
509
509
509
509
509
509
509
509
509
509
509
509
509
509
509
508
508
508
508
508
508
508
508
508
508
508
508
508
508
508
508
508
508
508
508
508
508
508
507
507
507
507
507
507
507
507
507
507
507
507
507
507
507
507
507
507
507
507
507
507
507
507
506
506
506
506
506
506
506
506
506
506
506
506
506
506
506
505
505
505
505
505
505
505
505
505
505
505
505
505
505
505
505
504
504
504
504
504
504
504
504
504
504
504
504
504
504
504
504
504
504
504
503
503
503
503
503
503
503
503
503
503
503
503
503
503
503
503
503
503
503
503
503
503
503
503
503
503
503
503
503
502
502
502
502
502
502
502
502
502
502
502
502
502
502
502
502
502
502
502
502
502
502
502
501
501
501
501
501
501
501
501
501
501
501
501
501
501
501
501
501
501
501
500
500
500
500
500
500
500
500
500
500
500
500
500
500
500
500
500
500
500
500
500
500
500
499
499
499
499
499
499
499
499
499
499
499
499
499
499
499
499
499
499
498
498
498
498
498
498
498
498
498
498
498
498
498
498
498
498
498
498
498
498
498
498
498
497
497
497
497
497
497
497
497
497
497
497
497
497
497
497
497
497
497
497
497
497
497
497
497
497
496
496
496
496
496
496
496
496
496
496
496
496
496
496
496
496
496
496
496
496
496
496
496
496
495
495
495
495
495
495
495
495
495
495
495
495
495
495
495
494
494
494
494
494
494
494
494
494
494
494
494
494
494
494
494
494
494
493
493
493
493
493
493
493
493
493
493
493
493
493
493
493
493
493
493
493
493
493
493
492
492
492
492
492
492
492
492
492
492
492
492
492
492
492
492
492
492
492
492
492
492
492
492
491
491
491
491
491
491
491
491
491
491
491
491
491
491
491
491
491
491
491
491
491
491
491
490
490
490
490
490
490
490
490
490
490
490
490
490
490
490
490
490
490
490
490
490
490
490
490
490
489
489
489
489
489
489
489
489
489
489
489
489
489
489
489
489
489
489
489
489
489
489
489
489
489
488
488
488
488
488
488
488
488
488
488
488
488
488
488
488
488
488
488
488
488
488
488
488
488
488
488
487
487
487
487
487
487
487
487
487
487
487
487
487
487
487
487
486
486
486
486
486
486
486
486
486
486
486
486
486
486
486
486
486
486
486
486
486
486
486
486
486
486
486
486
486
486
485
485
485
485
485
485
485
485
485
485
485
485
485
485
485
485
485
485
485
485
485
485
485
485
485
485
485
484
484
484
484
484
484
484
484
484
484
484
484
484
484
484
484
484
484
484
484
484
484
484
484
484
484
484
484
484
484
484
484
483
483
483
483
483
483
483
483
483
483
483
483
483
483
483
483
483
483
483
483
483
483
483
483
483
483
483
482
482
482
482
482
482
482
482
482
482
482
482
482
482
482
482
482
481
481
481
481
481
481
481
481
481
481
481
481
481
481
481
481
481
481
481
481
481
480
480
480
480
480
480
480
480
480
480
480
480
480
480
480
480
480
480
480
480
480
480
480
480
479
479
479
479
479
479
479
479
479
479
479
479
479
479
479
479
478
478
478
478
478
478
478
478
478
478
478
478
478
478
478
478
478
478
478
478
478
478
477
477
477
477
477
477
477
477
477
477
477
477
477
477
477
477
477
477
476
476
476
476
476
476
476
476
476
476
476
476
476
476
476
476
476
476
476
476
476
476
476
476
475
475
475
475
475
475
475
475
475
475
475
475
475
475
475
475
475
475
475
474
474
474
474
474
474
474
474
474
474
474
474
474
474
474
474
474
474
474
474
474
473
473
473
473
473
473
473
473
473
473
473
473
473
473
473
473
472
472
472
472
472
472
472
472
472
472
472
472
472
472
472
472
472
472
471
471
471
471
471
471
471
471
471
471
471
471
471
471
471
471
471
471
471
471
471
470
470
470
470
470
470
470
470
470
470
470
470
470
470
470
470
470
470
470
470
470
470
470
470
470
470
470
470
470
469
469
469
469
469
469
469
469
469
469
469
469
469
469
469
469
469
469
469
469
469
469
469
468
468
468
468
468
468
468
468
468
468
468
468
468
468
468
468
468
468
468
468
468
468
468
468
468
468
468
468
468
468
468
468
468
468
468
468
468
468
468
467
467
467
467
467
467
467
467
467
467
467
467
467
467
467
467
467
467
467
467
467
467
467
467
467
467
467
467
467
466
466
466
466
466
466
466
466
466
466
466
466
466
466
466
466
466
466
466
466
466
466
466
466
466
465
465
465
465
465
465
465
465
465
465
465
465
465
465
465
465
465
465
465
465
465
465
465
465
465
465
465
465
465
465
465
464
464
464
464
464
464
464
464
464
464
464
464
464
464
464
464
464
464
464
464
464
464
464
464
464
464
464
464
464
463
463
463
463
463
463
463
463
463
463
463
463
463
463
463
463
463
463
463
463
463
463
463
463
463
463
463
462
462
462
462
462
462
462
462
462
462
462
462
462
462
462
462
462
462
462
462
462
462
462
462
462
462
462
462
462
462
462
462
462
462
462
461
461
461
461
461
461
461
461
461
461
461
461
461
461
461
461
461
461
461
461
461
461
461
461
461
460
460
460
460
460
460
460
460
460
460
460
460
460
460
460
460
460
460
460
460
460
460
460
460
460
460
460
460
460
459
459
459
459
459
459
459
459
459
459
459
459
459
459
459
459
459
459
459
459
459
459
459
459
459
459
459
459
459
459
459
459
459
459
459
458
458
458
458
458
458
458
458
458
458
458
458
458
458
458
458
458
458
457
457
457
457
457
457
457
457
457
457
457
457
457
457
457
457
457
457
457
457
457
457
457
457
457
457
457
457
457
457
457
457
457
457
457
457
457
456
456
456
456
456
456
456
456
456
456
456
456
456
456
456
456
456
456
456
456
456
456
456
456
456
456
456
455
455
455
455
455
455
455
455
455
455
455
455
455
455
455
455
455
455
455
455
455
455
455
455
455
455
455
455
455
454
454
454
454
454
454
454
454
454
454
454
454
454
454
454
454
454
454
454
453
453
453
453
453
453
453
453
453
453
453
453
453
453
453
453
453
453
453
453
453
453
453
452
452
452
452
452
452
452
452
452
452
452
452
452
452
452
452
452
452
452
452
452
452
452
452
452
452
452
452
452
452
452
452
451
451
451
451
451
451
451
451
451
451
451
451
451
451
451
451
451
451
451
451
451
451
451
451
450
450
450
450
450
450
450
450
450
450
450
450
450
450
450
450
450
450
450
450
450
450
450
450
449
449
449
449
449
449
449
449
449
449
449
449
449
449
449
449
449
449
449
449
449
449
449
449
449
448
448
448
448
448
448
448
448
448
448
448
448
448
448
448
448
448
448
448
448
448
448
448
447
447
447
447
447
447
447
447
447
447
447
447
447
447
447
447
447
447
447
447
447
447
447
447
447
447
447
447
447
446
446
446
446
446
446
446
446
446
446
446
446
446
446
446
446
446
446
446
446
446
446
446
446
446
446
446
445
445
445
445
445
445
445
445
445
445
445
445
445
445
445
445
445
445
445
445
445
445
445
445
445
445
445
445
444
444
444
444
444
444
444
444
444
444
444
444
444
444
444
444
444
444
444
444
444
444
444
444
444
444
444
444
444
444
443
443
443
443
443
443
443
443
443
443
443
443
443
443
443
443
443
443
443
443
443
443
443
443
443
443
443
442
442
442
442
442
442
442
442
442
442
442
442
442
442
442
442
442
442
442
442
442
441
441
441
441
441
441
441
441
441
441
441
441
441
441
441
441
441
441
441
441
441
441
441
441
441
441
441
441
441
441
441
440
440
440
440
440
440
440
440
440
440
440
440
440
440
440
440
440
440
440
440
440
440
440
439
439
439
439
439
439
439
439
439
439
439
439
439
439
439
439
439
439
439
439
439
439
439
439
439
439
439
439
439
439
438
438
438
438
438
438
438
438
438
438
438
438
438
438
438
438
438
438
438
438
438
438
438
438
438
438
438
438
437
437
437
437
437
437
437
437
437
437
437
437
437
437
437
437
437
437
437
437
437
437
437
437
437
436
436
436
436
436
436
436
436
436
436
436
436
436
436
436
436
436
436
436
436
436
436
436
436
436
435
435
435
435
435
435
435
435
435
435
435
435
435
435
435
435
435
435
435
435
435
435
434
434
434
434
434
434
434
434
434
434
434
434
434
434
434
434
434
434
434
434
434
434
434
434
434
434
434
434
434
434
434
434
434
433
433
433
433
433
433
433
433
433
433
433
433
433
433
433
433
433
433
433
433
433
433
433
433
433
433
433
432
432
432
432
432
432
432
432
432
432
432
432
432
432
432
432
432
432
432
432
432
432
432
432
432
432
432
432
432
432
432
432
431
431
431
431
431
431
431
431
431
431
431
431
431
431
431
431
431
431
431
431
431
431
431
431
431
431
431
431
430
430
430
430
430
430
430
430
430
430
430
430
430
430
430
430
430
430
430
430
430
430
430
430
430
430
430
430
430
430
430
430
430
430
430
429
429
429
429
429
429
429
429
429
429
429
429
429
429
429
429
429
429
429
429
429
429
429
429
429
429
429
429
428
428
428
428
428
428
428
428
428
428
428
428
428
428
428
428
428
428
428
428
428
428
427
427
427
427
427
427
427
427
427
427
427
427
427
427
427
427
427
427
427
427
427
427
427
427
427
427
427
427
426
426
426
426
426
426
426
426
426
426
426
426
426
426
426
426
426
426
426
426
426
426
426
426
426
426
425
425
425
425
425
425
425
425
425
425
425
425
425
425
425
425
425
425
425
425
425
425
425
425
425
425
425
424
424
424
424
424
424
424
424
424
424
424
424
424
424
424
424
424
424
424
424
424
424
424
424
424
423
423
423
423
423
423
423
423
423
423
423
423
423
423
423
423
423
423
423
423
423
423
423
423
423
423
423
423
423
423
422
422
422
422
422
422
422
422
422
422
422
422
422
422
422
422
422
422
422
422
422
422
422
422
422
422
422
422
422
422
422
422
421
421
421
421
421
421
421
421
421
421
421
421
421
421
421
421
421
421
420
420
420
420
420
420
420
420
420
420
420
420
420
420
420
420
420
420
420
420
420
420
420
420
420
420
420
420
420
420
420
420
420
419
419
419
419
419
419
419
419
419
419
419
419
419
419
419
419
419
419
419
419
419
419
419
419
419
419
419
419
419
419
419
418
418
418
418
418
418
418
418
418
418
418
418
418
418
418
418
418
418
418
418
418
418
418
418
418
418
418
418
418
418
418
418
418
417
417
417
417
417
417
417
417
417
417
417
417
417
417
417
417
417
417
417
417
417
417
417
417
417
417
417
417
417
417
417
417
417
416
416
416
416
416
416
416
416
416
416
416
416
416
416
416
416
416
416
416
416
416
416
416
416
415
415
415
415
415
415
415
415
415
415
415
415
415
415
415
415
415
415
415
415
415
415
415
415
414
414
414
414
414
414
414
414
414
414
414
414
414
414
414
414
414
414
414
414
414
414
414
414
414
414
414
414
414
414
414
414
414
414
414
414
413
413
413
413
413
413
413
413
413
413
413
413
413
413
413
413
413
413
413
413
413
413
413
413
413
413
413
413
413
413
413
413
413
413
413
412
412
412
412
412
412
412
412
412
412
412
412
412
412
412
412
412
412
412
412
412
412
411
411
411
411
411
411
411
411
411
411
411
411
411
411
411
411
411
411
411
411
411
411
411
411
411
411
411
411
411
411
411
411
410
410
410
410
410
410
410
410
410
410
410
410
410
410
410
410
410
410
410
410
410
410
410
410
410
409
409
409
409
409
409
409
409
409
409
409
409
409
409
409
409
409
409
409
409
409
409
409
409
409
409
409
409
409
409
409
409
409
409
409
409
408
408
408
408
408
408
408
408
408
408
408
408
408
408
408
408
408
408
408
408
408
408
408
408
408
408
408
407
407
407
407
407
407
407
407
407
407
407
407
407
407
407
407
407
407
407
407
407
407
407
407
407
407
407
407
407
407
407
407
407
406
406
406
406
406
406
406
406
406
406
406
406
406
406
406
406
406
406
406
406
406
406
406
406
406
406
406
406
406
406
406
406
406
406
406
406
406
406
405
405
405
405
405
405
405
405
405
405
405
405
405
405
405
405
405
405
405
405
405
405
405
405
405
405
405
405
404
404
404
404
404
404
404
404
404
404
404
404
404
404
404
404
404
404
404
404
404
404
404
404
404
404
404
404
404
404
404
404
404
404
403
403
403
403
403
403
403
403
403
403
403
403
403
403
403
403
403
403
403
403
403
403
403
403
403
403
403
403
403
403
403
403
403
403
403
403
403
403
402
402
402
402
402
402
402
402
402
402
402
402
402
402
402
402
402
402
402
402
402
402
402
402
402
402
402
402
402
402
402
402
401
401
401
401
401
401
401
401
401
401
401
401
401
401
401
401
401
401
401
401
401
401
401
401
401
401
400
400
400
400
400
400
400
400
400
400
400
400
400
400
400
400
400
400
400
400
400
400
400
400
400
400
400
400
400
400
400
400
400
400
400
400
400
399
399
399
399
399
399
399
399
399
399
399
399
399
399
399
399
399
399
399
399
399
399
399
399
399
399
399
399
399
399
399
399
399
398
398
398
398
398
398
398
398
398
398
398
398
398
398
398
398
398
398
398
398
398
398
398
398
398
398
398
398
398
398
398
398
398
398
398
398
398
398
398
397
397
397
397
397
397
397
397
397
397
397
397
397
397
397
397
397
397
397
397
397
397
397
397
397
397
397
396
396
396
396
396
396
396
396
396
396
396
396
396
396
396
396
396
396
396
396
396
396
396
396
396
396
396
396
396
396
395
395
395
395
395
395
395
395
395
395
395
395
395
395
395
395
395
395
395
395
395
395
395
395
395
395
395
395
395
395
395
395
395
395
395
395
395
395
395
394
394
394
394
394
394
394
394
394
394
394
394
394
394
394
394
394
394
394
394
394
394
394
394
394
394
394
394
394
394
394
394
394
394
394
394
393
393
393
393
393
393
393
393
393
393
393
393
393
393
393
393
393
393
393
393
393
393
393
393
393
393
393
393
393
393
393
393
392
392
392
392
392
392
392
392
392
392
392
392
392
392
392
392
392
392
392
392
392
392
392
392
392
392
392
392
392
392
391
391
391
391
391
391
391
391
391
391
391
391
391
391
391
391
391
391
391
391
391
391
391
391
391
391
391
391
391
390
390
390
390
390
390
390
390
390
390
390
390
390
390
390
390
390
390
390
390
390
390
390
390
390
390
390
390
390
390
390
390
390
389
389
389
389
389
389
389
389
389
389
389
389
389
389
389
389
389
389
389
389
389
389
389
389
389
389
389
389
389
389
389
389
389
389
389
389
389
389
388
388
388
388
388
388
388
388
388
388
388
388
388
388
388
388
388
388
388
388
388
388
388
388
388
388
388
388
388
388
388
388
388
388
387
387
387
387
387
387
387
387
387
387
387
387
387
387
387
387
387
387
387
387
387
387
387
387
387
387
387
387
387
387
387
387
387
387
387
387
386
386
386
386
386
386
386
386
386
386
386
386
386
386
386
386
386
386
386
386
386
386
385
385
385
385
385
385
385
385
385
385
385
385
385
385
385
385
385
385
385
385
385
385
385
385
385
385
385
385
385
385
385
385
385
385
385
384
384
384
384
384
384
384
384
384
384
384
384
384
384
384
384
384
384
384
384
384
384
384
384
384
384
384
384
384
384
384
384
384
384
384
384
384
384
384
384
383
383
383
383
383
383
383
383
383
383
383
383
383
383
383
383
383
383
383
383
383
383
383
383
383
383
382
382
382
382
382
382
382
382
382
382
382
382
382
382
382
382
382
382
382
382
382
382
382
382
382
382
382
382
382
382
382
381
381
381
381
381
381
381
381
381
381
381
381
381
381
381
381
381
381
381
381
381
381
381
380
380
380
380
380
380
380
380
380
380
380
380
380
380
380
380
380
380
380
380
380
380
380
380
380
380
380
380
380
379
379
379
379
379
379
379
379
379
379
379
379
379
379
379
379
379
379
379
379
379
379
379
379
379
379
379
379
379
379
379
379
378
378
378
378
378
378
378
378
378
378
378
378
378
378
378
378
378
378
378
378
378
378
378
378
378
378
378
378
378
378
378
377
377
377
377
377
377
377
377
377
377
377
377
377
377
377
377
377
377
377
377
377
376
376
376
376
376
376
376
376
376
376
376
376
376
376
376
376
376
376
376
376
376
375
375
375
375
375
375
375
375
375
375
375
375
375
375
375
375
375
375
375
375
375
375
375
375
375
374
374
374
374
374
374
374
374
374
374
374
374
374
374
374
374
374
374
374
373
373
373
373
373
373
373
373
373
373
373
373
373
373
373
373
372
372
372
372
372
372
372
372
372
372
372
372
372
372
372
371
371
371
371
371
371
371
371
371
371
371
371
371
371
371
371
371
371
371
370
370
370
370
370
370
370
370
370
370
370
370
369
369
369
369
369
369
369
369
369
369
369
369
369
369
369
369
369
369
368
368
368
368
368
368
368
368
368
368
368
368
367
367
367
367
367
367
367
367
367
367
367
366
366
366
366
366
366
366
366
366
366
366
365
365
365
365
365
365
365
364
364
364
364
364
364
364
364
364
364
363
363
363
363
363
363
363
363
363
363
363
363
363
362
362
362
362
362
362
362
362
362
362
362
362
361
361
361
361
361
361
361
360
360
360
360
360
359
359
359
359
359
359
359
359
359
358
358
358
358
358
358
358
358
358
358
357
357
357
357
357
357
357
356
356
356
356
356
356
355
355
355
355
355
355
355
355
354
354
354
354
354
354
354
354
353
353
353
353
353
353
352
352
352
351
351
351
351
350
350
350
349
349
349
348
348
348
347
347
347
346
345
345
345
344
344
344
343
343
343
343
342
342
341
341
340
340
339
338
338
338
338
338
337
336
336
335
335
335
334
334
333
332
332
332
332
331
331
331
330
328
325
323
323
321
320
314
307
302
298
255
240
217
185
178
163
145
143
143
