8002
7693
7600
7480
7480
7307
7272
7223
7157
7121
7118
7096
7064
6979
6960
6953
6935
6925
6895
6892
6869
6847
6835
6775
6765
6753
6714
6609
6592
6576
6560
6555
6546
6529
6522
6498
6496
6496
6488
6420
6393
6376
6367
6290
6241
6241
6226
6207
6204
6178
6175
6152
6140
6139
6109
6107
6106
6083
6082
6071
6066
6059
6057
6054
6046
6035
6028
6026
6017
5999
5957
5954
5952
5950
5936
5928
5912
5892
5885
5873
5872
5859
5851
5842
5837
5837
5836
5834
5831
5825
5821
5819
5819
5816
5813
5807
5805
5797
5793
5789
5788
5778
5770
5769
5768
5744
5727
5725
5720
5718
5715
5711
5710
5698
5692
5692
5673
5665
5657
5628
5625
5624
5621
5616
5615
5609
5608
5605
5602
5587
5582
5582
5574
5573
5569
5561
5557
5552
5544
5542
5538
5538
5538
5532
5524
5516
5496
5490
5485
5477
5476
5475
5469
5469
5461
5453
5447
5435
5425
5424
5422
5404
5399
5392
5391
5387
5385
5383
5378
5373
5359
5352
5349
5348
5347
5342
5341
5338
5334
5330
5326
5314
5309
5302
5294
5291
5290
5283
5277
5273
5264
5245
5242
5239
5238
5233
5231
5230
5230
5223
5211
5210
5208
5207
5193
5193
5192
5188
5169
5162
5162
5160
5154
5152
5148
5144
5141
5140
5138
5128
5126
5125
5111
5109
5108
5104
5103
5103
5100
5095
5091
5090
5089
5084
5073
5071
5071
5070
5069
5060
5060
5059
5056
5051
5049
5045
5043
5038
5036
5031
5030
5027
5024
5020
5017
5016
5013
5011
5007
5006
5003
5002
4978
4968
4967
4965
4959
4956
4956
4956
4954
4953
4951
4947
4945
4943
4943
4938
4934
4933
4930
4929
4928
4927
4926
4922
4921
4921
4919
4918
4918
4917
4917
4914
4905
4903
4903
4900
4899
4898
4892
4892
4891
4887
4886
4884
4878
4875
4873
4868
4868
4867
4863
4857
4856
4853
4853
4852
4847
4845
4836
4831
4829
4828
4821
4815
4807
4804
4803
4803
4801
4797
4796
4795
4789
4789
4787
4783
4780
4771
4771
4770
4769
4765
4764
4762
4758
4753
4751
4747
4746
4743
4733
4732
4722
4715
4714
4712
4709
4706
4704
4691
4677
4675
4671
4671
4670
4670
4663
4663
4661
4661
4661
4660
4656
4655
4651
4650
4638
4634
4631
4627
4627
4624
4620
4613
4612
4608
4606
4601
4601
4600
4597
4594
4593
4589
4580
4576
4575
4566
4564
4564
4560
4558
4555
4555
4553
4548
4543
4538
4536
4536
4533
4532
4532
4528
4524
4524
4524
4523
4511
4510
4506
4505
4497
4497
4497
4495
4493
4489
4486
4479
4474
4471
4470
4461
4460
4456
4455
4444
4440
4440
4437
4436
4434
4434
4427
4420
4411
4405
4404
4400
4400
4399
4393
4390
4390
4390
4386
4383
4374
4373
4372
4371
4369
4368
4361
4351
4351
4348
4346
4344
4342
4340
4340
4330
4325
4324
4324
4320
4319
4319
4315
4315
4314
4314
4310
4310
4308
4307
4305
4302
4300
4299
4295
4291
4291
4289
4282
4280
4276
4271
4267
4264
4263
4249
4246
4230
4227
4226
4222
4217
4211
4204
4200
4198
4191
4190
4189
4189
4187
4186
4183
4178
4174
4169
4166
4165
4164
4155
4152
4150
4149
4145
4143
4141
4136
4133
4130
4129
4129
4127
4126
4116
4112
4108
4104
4101
4100
4098
4093
4093
4089
4085
4084
4082
4082
4081
4075
4074
4069
4066
4066
4063
4059
4057
4051
4050
4049
4036
4031
4030
4029
4027
4026
4026
4020
4014
4012
4012
4008
4008
4007
4006
4005
3996
3996
3993
3992
3989
3989
3987
3985
3981
3981
3977
3973
3972
3971
3968
3967
3963
3962
3961
3958
3958
3950
3949
3946
3945
3943
3942
3942
3937
3932
3931
3914
3914
3911
3910
3904
3903
3902
3902
3893
3891
3879
3877
3873
3870
3867
3858
3858
3854
3853
3853
3847
3847
3845
3843
3843
3842
3842
3839
3836
3825
3823
3822
3822
3822
3821
3819
3818
3810
3810
3805
3799
3797
3794
3791
3791
3787
3783
3780
3778
3775
3774
3773
3771
3770
3767
3758
3755
3750
3747
3745
3743
3742
3740
3737
3735
3733
3727
3722
3721
3718
3717
3714
3709
3706
3706
3705
3702
3697
3690
3683
3676
3671
3663
3663
3652
3645
3645
3640
3639
3639
3635
3632
3632
3630
3627
3625
3622
3620
3618
3615
3612
3612
3601
3580
3573
3573
3569
3567
3564
3564
3558
3558
3558
3555
3553
3545
3537
3536
3535
3535
3528
3527
3515
3510
3508
3504
3503
3501
3501
3500
3499
3498
3496
3491
3489
3487
3484
3481
3476
3474
3473
3467
3465
3464
3451
3438
3434
3426
3426
3426
3426
3425
3424
3421
3421
3419
3418
3417
3410
3404
3403
3402
3396
3395
3394
3392
3389
3383
3383
3378
3375
3368
3365
3362
3359
3357
3355
3350
3348
3348
3342
3341
3340
3335
3329
3328
3326
3322
3322
3316
3315
3314
3309
3307
3304
3300
3296
3293
3291
3280
3265
3258
3258
3253
3252
3248
3245
3244
3244
3242
3242
3238
3236
3234
3233
3227
3226
3224
3221
3221
3219
3218
3215
3214
3205
3201
3201
3199
3197
3194
3188
3188
3184
3173
3171
3169
3168
3165
3162
3159
3154
3145
3137
3135
3132
3132
3129
3127
3127
3124
3119
3117
3113
3112
3106
3104
3102
3100
3096
3084
3084
3084
3083
3083
3082
3076
3076
3075
3069
3055
3052
3051
3049
3043
3039
3038
3033
3032
3027
3025
3023
3021
3018
3015
3002
3001
2995
2992
2989
2988
2984
2976
2971
2971
2952
2950
2941
2936
2930
2927
2926
2919
2906
2905
2904
2903
2898
2896
2896
2890
2848
2845
2840
2840
2836
2834
2829
2821
2814
2812
2811
2805
2804
2794
2772
2767
2767
2766
2759
2757
2757
2734
2731
2730
2728
2727
2715
2704
2704
2697
2694
2693
2691
2689
2678
2673
2669
2669
2659
2658
2657
2629
2627
2623
2621
2619
2618
2611
2604
2592
2588
2577
2573
2560
2552
2550
2546
2543
2543
2543
2542
2539
2538
2536
2535
2525
2519
2517
2516
2515
2504
2503
2501
2499
2491
2486
2478
2472
2470
2469
2469
2464
2457
2456
2455
2453
2453
2438
2437
2429
2421
2413
2411
2406
2405
2405
2404
2398
2391
2387
2386
2357
2356
2354
2350
2348
2345
2336
2329
2313
2312
2309
2307
2303
2302
2302
2302
2300
2290
2285
2277
2273
2267
2265
2262
2258
2258
2255
2253
2246
2242
2240
2237
2231
2224
2217
2211
2206
2199
2187
2180
2175
2166
2161
2160
2157
2155
2152
2138
2134
2134
2132
2129
2115
2101
2099
2081
2077
2054
2044
2042
2038
2037
2027
2022
2022
2020
2020
2019
2018
2016
2011
2011
2010
2007
2004
2002
1996
1985
1984
1966
1965
1962
1961
1961
1956
1944
1936
1927
1921
1911
1902
1883
1883
1873
1867
1865
1859
1852
1851
1850
1850
1849
1848
1846
1845
1840
1840
1838
1838
1834
1830
1828
1817
1799
1795
1794
1792
1791
1790
1789
1787
1782
1779
1774
1768
1760
1759
1746
1744
1743
1741
1740
1731
1731
1718
1717
1712
1699
1699
1693
1692
1690
1689
1687
1685
1684
1683
1681
1675
1665
1659
1658
1658
1655
1654
1647
1644
1639
1634
1633
1631
1628
1626
1622
1621
1618
1616
1615
1613
1610
1606
1605
1601
1568
1566
1559
1556
1553
1550
1545
1545
1533
1533
1532
1531
1531
1530
1520
1515
1513
1510
1508
1505
1503
1503
1500
1493
1488
1483
1477
1459
1454
1446
1444
1441
1441
1440
1438
1436
1431
1428
1419
1417
1415
1412
1412
1410
1406
1392
1392
1390
1381
1381
1381
1380
1379
1376
1372
1371
1368
1368
1368
1366
1364
1360
1360
1359
1350
1347
1344
1343
1341
1333
1331
1330
1328
1324
1321
1320
1318
1316
1312
1311
1308
1307
1301
1300
1297
1297
1294
1294
1293
1288
1283
1279
1276
1274
1272
1271
1268
1268
1262
1259
1259
1258
1258
1256
1251
1250
1245
1234
1232
1232
1231
1231
1230
1229
1225
1223
1223
1218
1217
1217
1216
1209
1208
1208
1207
1204
1203
1203
1200
1200
1199
1197
1193
1193
1183
1179
1176
1175
1175
1174
1169
1169
1168
1168
1165
1163
1161
1158
1158
1154
1154
1152
1150
1147
1140
1139
1139
1135
1131
1130
1130
1130
1129
1127
1126
1123
1122
1121
1121
1117
1115
1113
1111
1110
1109
1109
1107
1107
1103
1103
1100
1099
1095
1092
1092
1091
1091
1090
1086
1086
1085
1085
1083
1079
1076
1076
1075
1072
1071
1069
1068
1067
1066
1063
1062
1062
1060
1059
1059
1059
1057
1055
1054
1050
1049
1048
1047
1047
1046
1044
1043
1039
1037
1035
1032
1031
1029
1029
1028
1026
1024
1024
1023
1021
1020
1020
1020
1020
1017
1016
1016
1014
1014
1013
1010
1010
1009
1008
1007
1007
1004
1004
1004
1003
998
998
997
996
995
990
986
984
981
980
980
980
980
979
979
978
978
977
975
975
974
973
972
972
971
971
970
968
968
966
965
964
963
963
959
956
955
953
953
951
948
948
948
947
947
947
943
942
942
941
941
941
940
940
938
937
937
936
936
933
932
932
932
932
930
927
926
926
925
923
922
921
920
919
916
916
915
913
912
911
910
910
909
908
907
906
906
904
902
901
901
900
900
899
898
897
896
894
894
894
893
891
890
890
889
889
887
886
886
884
881
881
880
879
878
877
877
876
875
875
874
874
872
870
870
869
868
867
865
864
863
863
861
860
858
858
856
855
854
853
852
852
851
850
849
847
847
847
847
843
843
842
841
840
840
835
834
834
833
833
832
832
832
831
831
830
829
828
828
828
826
825
824
823
822
821
821
821
820
819
819
819
818
816
816
815
814
813
813
813
812
808
808
807
806
806
806
805
805
804
803
803
800
800
800
800
800
798
797
797
796
795
794
792
792
791
790
790
788
787
787
787
787
786
786
786
786
785
785
785
784
784
783
782
782
781
781
781
780
776
776
775
774
773
772
772
768
768
768
768
767
767
766
766
766
766
765
763
762
762
761
761
761
760
760
759
759
759
758
758
757
757
757
756
754
753
753
751
751
750
750
749
749
748
748
748
747
746
745
745
745
744
744
742
742
741
741
741
740
740
739
739
739
738
737
737
736
736
736
735
734
733
733
733
732
732
731
731
731
731
730
729
729
728
728
727
725
725
725
725
724
723
723
723
723
721
720
720
720
720
718
717
717
717
716
715
715
715
714
714
713
713
713
712
712
711
711
710
710
709
709
709
708
707
707
706
706
705
705
704
704
704
703
703
703
702
702
702
701
701
700
699
699
699
697
697
697
697
696
696
696
695
695
695
695
694
694
694
693
693
693
693
692
691
691
690
690
690
689
689
688
688
687
687
687
686
685
685
685
685
684
684
683
683
683
682
682
682
682
682
681
680
680
680
679
679
679
678
678
677
677
677
676
676
676
676
674
674
674
674
673
673
673
672
671
670
670
670
669
669
669
669
668
668
667
667
667
667
666
666
666
665
665
665
664
663
663
663
662
662
662
662
661
661
660
660
660
660
660
659
659
659
659
659
658
658
658
657
657
657
657
656
656
656
655
655
654
654
654
653
653
653
652
652
652
651
651
650
649
649
649
649
648
648
647
647
646
646
646
646
646
645
645
645
645
644
644
644
644
643
643
643
643
643
642
642
641
641
641
641
641
640
640
639
639
639
639
639
638
638
638
637
637
637
636
636
636
635
635
635
635
634
634
634
633
633
633
632
632
632
632
632
632
630
630
629
629
629
629
629
628
627
626
626
626
626
626
625
625
624
624
623
623
623
622
622
622
622
622
622
622
621
621
621
620
620
619
619
619
619
619
618
618
618
618
618
617
617
615
615
615
614
613
613
613
613
612
612
611
611
611
611
610
610
610
610
609
609
608
607
606
606
606
605
604
603
603
602
602
602
602
601
600
600
599
599
598
598
598
598
598
598
597
597
597
596
596
596
596
596
595
595
594
594
594
592
592
591
591
590
590
590
590
590
590
590
589
589
589
588
588
588
587
586
586
585
585
584
584
584
583
583
583
583
583
583
583
583
583
582
581
580
580
580
579
579
579
579
579
579
578
578
578
577
577
576
576
576
576
576
576
575
575
575
575
575
575
574
574
574
573
572
572
572
572
572
571
571
571
571
571
571
570
570
570
569
569
569
569
568
568
568
567
567
567
567
566
566
566
566
566
566
565
565
565
565
565
565
565
564
564
564
563
563
563
563
563
562
562
562
562
561
561
560
560
560
559
559
559
559
559
558
558
558
557
557
557
557
556
556
556
556
556
555
555
555
555
555
555
555
554
554
553
553
553
552
552
552
551
551
551
551
551
550
550
550
549
549
549
549
548
548
548
547
547
546
546
546
546
546
546
546
544
544
543
543
543
543
543
543
543
543
542
542
542
542
541
541
541
541
541
541
540
540
539
539
539
539
539
538
538
538
537
537
537
537
537
536
536
536
536
536
536
535
535
534
534
534
534
534
534
533
533
533
533
533
533
533
533
532
532
531
531
531
531
531
531
531
531
531
530
530
530
530
530
529
529
529
528
528
528
528
527
527
527
527
527
526
526
526
526
526
526
525
525
525
525
525
524
524
524
523
523
522
522
522
522
522
522
521
521
521
520
520
520
520
519
518
518
518
518
517
517
517
517
517
516
515
515
515
515
515
514
514
514
513
513
513
513
513
513
512
512
512
512
512
512
511
511
511
511
511
511
510
510
509
509
508
508
508
508
508
507
507
507
506
506
506
506
506
506
506
506
505
505
505
505
504
504
504
504
504
504
504
503
503
502
502
502
502
501
501
501
501
501
501
501
501
500
500
500
500
500
499
499
499
499
499
498
498
498
498
498
498
498
498
498
497
497
497
497
497
496
496
496
496
496
496
496
496
495
495
495
495
495
495
495
494
494
494
494
494
494
493
493
493
493
492
492
492
492
491
491
491
491
491
490
490
490
490
490
490
489
489
489
489
489
489
488
488
488
488
487
487
487
487
487
487
487
487
487
486
486
485
485
485
485
485
485
484
484
484
484
484
484
483
482
482
482
481
481
481
481
481
481
481
481
480
480
480
480
480
480
480
479
479
479
479
479
478
478
478
477
477
477
477
477
477
477
477
476
476
475
475
475
475
474
474
474
473
473
473
473
473
473
473
473
473
473
472
472
472
472
472
472
472
472
472
472
471
471
471
471
471
471
471
471
470
470
470
470
470
470
470
469
469
469
469
469
469
468
468
468
468
467
467
467
467
467
466
466
466
466
466
466
465
464
464
464
464
464
464
464
463
463
463
463
463
462
462
462
462
462
461
461
461
461
460
460
460
460
460
460
460
460
459
459
459
459
459
458
458
458
458
458
457
457
457
457
457
457
457
457
457
456
456
456
456
456
456
456
456
456
456
455
455
455
455
454
454
454
454
454
454
454
453
453
453
453
453
453
453
452
452
452
452
452
451
451
451
451
451
450
450
450
450
450
450
450
450
450
449
449
449
449
448
448
448
448
448
448
448
448
448
447
447
447
447
446
446
446
446
446
446
446
446
445
445
445
444
444
444
444
444
443
443
443
443
443
443
443
443
443
443
442
442
442
442
442
442
442
442
441
441
441
441
441
440
440
440
440
440
440
440
440
440
440
439
439
439
438
438
438
438
438
438
437
437
437
437
437
437
437
436
436
436
436
436
436
436
436
436
436
435
435
435
435
435
435
435
435
434
434
434
434
434
434
434
433
433
433
433
433
433
433
433
432
432
432
432
432
432
432
431
431
431
431
431
431
431
431
431
431
430
430
430
430
430
430
430
429
429
429
429
429
429
429
429
429
429
429
429
429
428
428
428
428
428
428
427
427
427
427
427
427
427
427
427
426
426
426
426
426
426
426
426
425
425
425
425
425
425
425
425
425
424
424
424
424
424
424
424
423
423
423
423
423
423
423
423
423
423
423
422
421
421
421
421
421
421
420
420
420
420
420
420
420
420
420
420
420
420
420
420
420
420
419
419
419
419
419
419
419
419
418
418
418
418
418
418
417
417
417
417
417
416
416
415
415
415
415
415
415
415
415
414
414
414
414
414
414
414
413
413
412
412
412
412
412
412
412
412
412
412
412
412
412
412
412
411
411
411
411
411
411
411
410
410
410
410
409
409
409
409
409
408
408
408
408
408
408
408
408
408
408
408
407
407
407
407
407
407
407
407
407
407
407
407
407
407
406
406
406
406
406
405
405
405
405
405
405
405
405
404
404
404
404
404
404
404
403
403
403
403
403
403
403
403
402
402
402
402
402
402
401
401
401
401
401
401
401
401
401
401
400
400
400
400
400
400
400
400
400
400
399
399
399
399
399
399
399
399
399
399
399
399
399
399
399
399
398
398
398
398
398
398
398
398
398
398
397
397
397
397
397
397
397
397
397
397
397
397
397
397
396
396
396
396
396
396
396
395
395
395
395
395
395
395
395
395
395
394
394
394
394
394
394
394
394
394
394
394
394
394
393
393
393
393
393
393
393
393
393
393
393
393
393
393
393
393
393
392
392
392
392
392
392
392
392
392
392
392
392
392
392
391
391
391
391
391
391
390
390
390
390
390
390
390
390
390
390
389
389
389
389
389
389
389
389
389
388
388
388
388
388
388
387
387
387
387
387
387
387
387
387
387
386
386
386
385
385
385
385
385
384
384
384
384
383
383
383
383
383
383
383
383
382
382
382
382
382
381
381
381
381
381
381
381
380
380
380
380
380
379
379
379
379
379
378
378
378
378
378
378
378
377
377
376
376
376
376
376
375
375
375
374
374
374
374
373
373
373
373
373
373
373
373
372
372
372
371
371
370
370
369
369
369
369
369
368
368
368
367
367
366
366
366
366
366
366
366
365
365
364
363
362
362
362
361
361
359
358
357
357
356
356
355
355
355
355
354
354
354
353
352
351
351
351
350
349
349
348
343
340
338
338
338
338
336
336
334
331
331
330
329
326
326
324
322
321
321
317
313
311
309
309
207
207
191
181
175
166
157
148
141
