12546
7736
7721
7683
7425
7411
7257
7226
7149
7108
7102
7078
7022
6988
6973
6952
6912
6893
6869
6831
6816
6802
6793
6781
6778
6719
6702
6689
6668
6654
6650
6638
6634
6631
6625
6586
6556
6533
6531
6530
6514
6510
6500
6473
6473
6470
6454
6442
6437
6429
6424
6421
6418
6394
6388
6377
6373
6348
6343
6342
6341
6323
6320
6310
6271
6263
6261
6233
6206
6186
6175
6167
6159
6158
6155
6155
6150
6143
6131
6118
6114
6109
6100
6093
6083
6081
6078
6077
6076
6071
6070
6048
6045
6043
6032
6027
6010
6001
5983
5981
5981
5977
5974
5968
5955
5947
5937
5932
5913
5911
5909
5905
5901
5898
5897
5895
5892
5887
5886
5882
5871
5871
5869
5867
5857
5857
5856
5847
5843
5840
5839
5834
5832
5830
5828
5827
5811
5809
5808
5802
5799
5797
5795
5794
5790
5786
5781
5776
5773
5762
5760
5757
5752
5751
5744
5743
5741
5735
5732
5725
5725
5721
5721
5715
5705
5702
5700
5697
5694
5690
5690
5687
5683
5682
5681
5677
5677
5674
5671
5664
5663
5656
5655
5651
5644
5644
5642
5641
5640
5638
5638
5637
5634
5629
5617
5615
5602
5596
5595
5586
5575
5575
5575
5574
5569
5569
5564
5562
5562
5562
5560
5560
5557
5551
5550
5548
5546
5545
5543
5540
5536
5535
5531
5526
5525
5514
5513
5512
5507
5504
5502
5501
5501
5499
5499
5498
5497
5497
5494
5494
5494
5493
5492
5488
5487
5487
5481
5479
5474
5474
5469
5465
5458
5455
5448
5448
5442
5439
5439
5438
5433
5432
5430
5426
5419
5417
5413
5412
5409
5407
5405
5404
5402
5402
5402
5398
5396
5396
5396
5395
5393
5391
5389
5387
5384
5377
5376
5373
5373
5365
5364
5361
5360
5359
5357
5355
5354
5352
5351
5351
5347
5342
5339
5336
5335
5329
5323
5323
5322
5322
5321
5317
5316
5311
5310
5306
5305
5303
5301
5301
5298
5296
5295
5294
5293
5288
5286
5285
5284
5283
5281
5273
5270
5269
5267
5264
5258
5257
5257
5256
5255
5250
5247
5242
5242
5240
5239
5238
5233
5231
5230
5230
5227
5227
5224
5217
5214
5213
5212
5210
5208
5206
5199
5199
5193
5192
5190
5187
5186
5184
5183
5179
5179
5176
5176
5167
5167
5166
5165
5164
5163
5162
5158
5158
5157
5148
5148
5147
5147
5145
5145
5141
5135
5135
5132
5124
5124
5123
5121
5120
5119
5118
5118
5114
5113
5113
5112
5110
5108
5107
5104
5102
5101
5099
5099
5094
5092
5088
5087
5086
5085
5085
5084
5084
5083
5082
5081
5081
5080
5080
5079
5079
5079
5077
5075
5074
5074
5072
5071
5071
5070
5068
5068
5065
5064
5056
5056
5056
5055
5052
5051
5050
5050
5049
5047
5047
5047
5045
5042
5041
5041
5035
5035
5029
5028
5027
5024
5021
5018
5015
5013
5012
5011
5010
5010
5008
5006
5005
5004
5004
5004
5004
5003
5000
4998
4998
4996
4995
4993
4990
4989
4988
4987
4987
4984
4978
4978
4978
4978
4976
4975
4972
4972
4968
4966
4963
4959
4958
4956
4956
4950
4949
4946
4945
4938
4938
4938
4937
4937
4933
4931
4931
4930
4929
4928
4927
4927
4924
4923
4923
4919
4916
4914
4914
4910
4909
4909
4908
4908
4907
4905
4903
4902
4901
4901
4900
4898
4898
4895
4892
4891
4890
4888
4887
4886
4885
4884
4884
4884
4884
4881
4881
4879
4878
4876
4871
4870
4870
4869
4869
4869
4863
4860
4860
4860
4856
4853
4850
4850
4845
4843
4843
4842
4841
4836
4833
4833
4832
4832
4831
4828
4827
4827
4827
4824
4822
4821
4820
4819
4818
4818
4817
4817
4812
4806
4804
4803
4801
4800
4799
4795
4793
4793
4791
4790
4787
4787
4786
4782
4781
4775
4773
4773
4773
4771
4771
4768
4766
4765
4764
4764
4763
4761
4760
4756
4755
4750
4748
4748
4746
4745
4745
4744
4743
4740
4740
4739
4736
4736
4734
4732
4731
4730
4724
4723
4722
4718
4718
4718
4716
4714
4711
4710
4710
4709
4707
4706
4704
4699
4699
4698
4698
4695
4695
4693
4692
4690
4690
4689
4681
4681
4676
4675
4672
4670
4670
4664
4661
4659
4659
4659
4659
4659
4658
4657
4656
4656
4656
4649
4649
4649
4645
4643
4641
4639
4638
4636
4635
4635
4633
4632
4631
4621
4621
4621
4621
4620
4619
4619
4618
4615
4611
4610
4608
4605
4605
4604
4601
4601
4597
4595
4595
4590
4589
4588
4587
4586
4585
4585
4582
4581
4581
4577
4575
4575
4574
4565
4564
4562
4561
4560
4559
4557
4553
4552
4551
4550
4549
4549
4548
4547
4547
4543
4541
4539
4533
4532
4532
4532
4531
4530
4527
4526
4524
4522
4521
4520
4519
4517
4516
4512
4512
4511
4508
4508
4506
4503
4501
4499
4498
4498
4497
4496
4495
4494
4492
4492
4490
4484
4484
4484
4483
4481
4480
4478
4478
4477
4477
4475
4473
4471
4469
4468
4465
4465
4464
4464
4461
4460
4459
4459
4459
4455
4455
4454
4452
4452
4451
4451
4450
4449
4448
4447
4447
4439
4438
4437
4437
4436
4435
4435
4433
4432
4427
4427
4418
4417
4417
4416
4416
4416
4415
4415
4413
4412
4410
4410
4409
4408
4406
4405
4404
4401
4397
4394
4394
4394
4393
4393
4391
4390
4390
4390
4389
4388
4386
4385
4383
4379
4377
4376
4372
4370
4362
4361
4361
4359
4358
4357
4357
4356
4355
4347
4345
4344
4342
4338
4338
4335
4334
4334
4333
4332
4332
4330
4328
4325
4325
4323
4320
4318
4317
4316
4315
4315
4313
4313
4310
4310
4308
4306
4306
4303
4302
4299
4297
4296
4295
4293
4292
4291
4289
4289
4288
4286
4284
4280
4279
4279
4277
4276
4276
4272
4271
4270
4269
4269
4267
4267
4266
4266
4263
4263
4261
4261
4259
4255
4255
4254
4253
4252
4251
4249
4246
4245
4245
4243
4243
4240
4239
4238
4237
4235
4234
4231
4229
4228
4226
4224
4223
4223
4222
4221
4216
4215
4214
4207
4202
4201
4201
4200
4199
4199
4198
4196
4194
4194
4193
4193
4192
4190
4188
4184
4182
4176
4175
4175
4174
4173
4172
4171
4168
4168
4167
4166
4165
4160
4159
4158
4157
4153
4152
4152
4151
4151
4146
4144
4142
4142
4137
4137
4134
4132
4128
4127
4127
4123
4117
4115
4112
4111
4108
4106
4105
4105
4105
4103
4102
4101
4101
4098
4097
4095
4094
4087
4084
4083
4083
4081
4080
4080
4079
4079
4077
4074
4074
4073
4071
4066
4064
4063
4062
4061
4060
4060
4059
4058
4057
4057
4057
4056
4052
4051
4050
4044
4042
4042
4040
4039
4038
4036
4036
4034
4034
4034
4032
4031
4031
4031
4023
4022
4022
4021
4020
4020
4018
4016
4016
4013
4012
4011
4010
4009
4008
4007
4007
4003
3999
3999
3996
3993
3993
3993
3992
3989
3989
3986
3984
3978
3978
3977
3977
3976
3975
3975
3975
3973
3971
3971
3970
3970
3969
3965
3965
3965
3964
3963
3963
3961
3959
3959
3957
3956
3955
3955
3955
3954
3953
3952
3952
3951
3951
3950
3949
3944
3942
3939
3938
3938
3937
3936
3936
3931
3930
3927
3926
3925
3925
3923
3923
3919
3919
3918
3918
3917
3916
3916
3914
3914
3913
3913
3912
3912
3912
3909
3908
3908
3905
3903
3902
3902
3900
3899
3898
3897
3896
3894
3894
3894
3890
3887
3887
3879
3877
3876
3869
3868
3867
3865
3864
3863
3862
3862
3860
3860
3859
3857
3855
3852
3850
3849
3848
3847
3846
3842
3838
3836
3834
3832
3831
3830
3829
3824
3824
3823
3822
3821
3820
3819
3819
3818
3818
3815
3815
3815
3814
3813
3812
3812
3809
3808
3808
3807
3806
3804
3804
3804
3801
3800
3798
3796
3794
3792
3790
3788
3787
3785
3784
3783
3779
3777
3777
3774
3774
3772
3772
3771
3771
3769
3767
3766
3766
3762
3761
3759
3757
3756
3754
3754
3753
3753
3753
3750
3749
3747
3746
3745
3744
3744
3743
3742
3738
3738
3737
3737
3731
3730
3730
3728
3728
3725
3720
3720
3715
3712
3712
3711
3711
3710
3709
3706
3706
3704
3704
3697
3697
3695
3695
3695
3694
3689
3689
3688
3687
3686
3686
3681
3680
3679
3678
3678
3677
3677
3675
3675
3675
3672
3672
3672
3671
3670
3663
3663
3661
3659
3656
3655
3655
3652
3652
3652
3651
3648
3648
3647
3646
3643
3643
3641
3639
3637
3634
3633
3631
3627
3623
3621
3619
3617
3616
3612
3612
3612
3611
3608
3607
3607
3607
3605
3605
3604
3603
3603
3599
3599
3592
3592
3592
3591
3589
3588
3587
3587
3584
3583
3582
3582
3582
3581
3579
3578
3576
3573
3573
3571
3570
3569
3567
3565
3564
3564
3564
3564
3561
3559
3556
3555
3553
3552
3552
3550
3547
3546
3544
3539
3538
3538
3537
3533
3533
3532
3527
3526
3523
3520
3517
3516
3515
3514
3514
3514
3512
3510
3507
3506
3505
3503
3501
3496
3496
3496
3496
3490
3490
3489
3485
3484
3483
3476
3476
3470
3468
3467
3466
3466
3464
3463
3463
3462
3461
3458
3456
3456
3455
3454
3444
3444
3443
3441
3438
3436
3436
3432
3430
3429
3426
3423
3421
3421
3421
3418
3417
3411
3410
3410
3410
3410
3409
3409
3408
3406
3403
3402
3402
3393
3391
3391
3388
3387
3384
3380
3375
3374
3370
3366
3365
3364
3363
3355
3354
3353
3352
3350
3350
3350
3347
3346
3339
3338
3337
3336
3335
3335
3333
3330
3329
3329
3325
3323
3323
3320
3320
3318
3317
3316
3314
3314
3311
3311
3310
3309
3308
3306
3306
3306
3304
3302
3302
3300
3299
3297
3297
3293
3293
3293
3292
3289
3289
3288
3285
3282
3282
3282
3281
3277
3274
3274
3273
3272
3271
3271
3266
3266
3262
3262
3259
3257
3254
3253
3253
3253
3251
3251
3250
3244
3243
3242
3242
3241
3239
3239
3236
3234
3233
3230
3228
3226
3226
3225
3216
3215
3212
3210
3210
3205
3204
3202
3202
3201
3200
3200
3198
3198
3192
3192
3191
3186
3185
3183
3183
3179
3178
3175
3175
3174
3173
3172
3171
3171
3169
3167
3167
3165
3165
3165
3164
3163
3161
3159
3155
3155
3148
3145
3142
3142
3142
3141
3141
3137
3137
3136
3134
3133
3129
3129
3128
3125
3124
3122
3120
3118
3117
3116
3111
3111
3107
3107
3106
3105
3101
3098
3096
3086
3086
3084
3083
3083
3083
3080
3078
3078
3077
3072
3070
3064
3064
3061
3059
3057
3057
3056
3054
3049
3048
3048
3047
3046
3045
3045
3040
3039
3039
3038
3035
3034
3031
3031
3029
3028
3025
3021
3020
3013
3012
3007
3006
3002
3002
3001
2999
2999
2996
2994
2992
2987
2983
2977
2974
2970
2970
2964
2961
2960
2959
2951
2951
2950
2950
2949
2948
2947
2947
2942
2942
2938
2936
2933
2929
2929
2924
2924
2921
2921
2915
2914
2913
2913
2911
2901
2901
2900
2899
2898
2892
2888
2888
2885
2884
2879
2875
2875
2865
2863
2863
2863
2863
2862
2862
2861
2860
2860
2858
2858
2857
2855
2852
2845
2843
2843
2840
2839
2837
2836
2836
2834
2831
2831
2829
2828
2828
2826
2824
2820
2820
2816
2816
2814
2814
2808
2803
2797
2794
2790
2790
2784
2781
2777
2776
2773
2772
2770
2770
2766
2766
2766
2758
2756
2756
2756
2748
2746
2746
2745
2744
2743
2742
2741
2739
2736
2735
2734
2734
2732
2731
2731
2729
2727
2721
2721
2717
2713
2712
2711
2708
2708
2705
2699
2699
2688
2687
2687
2686
2685
2685
2683
2682
2681
2679
2678
2676
2674
2673
2673
2673
2672
2669
2663
2663
2662
2661
2659
2658
2657
2656
2655
2654
2654
2652
2652
2642
2642
2642
2637
2637
2636
2634
2631
2630
2628
2624
2624
2624
2621
2620
2619
2614
2611
2607
2606
2602
2599
2597
2597
2595
2587
2586
2586
2584
2584
2583
2581
2580
2578
2577
2575
2573
2573
2571
2570
2570
2569
2569
2569
2566
2565
2562
2559
2555
2555
2554
2551
2546
2542
2539
2536
2532
2532
2532
2529
2528
2526
2524
2523
2523
2523
2522
2522
2521
2520
2513
2512
2512
2508
2504
2500
2498
2495
2493
2492
2489
2489
2488
2487
2486
2485
2484
2481
2478
2475
2474
2473
2473
2463
2458
2455
2455
2452
2439
2439
2437
2436
2434
2434
2431
2430
2426
2424
2423
2422
2422
2418
2416
2409
2409
2404
2401
2400
2396
2396
2393
2392
2388
2383
2378
2377
2371
2370
2361
2361
2361
2360
2359
2358
2358
2358
2357
2354
2351
2348
2343
2342
2341
2339
2338
2336
2332
2326
2326
2322
2318
2318
2317
2317
2317
2314
2312
2312
2309
2309
2307
2306
2303
2301
2299
2296
2295
2292
2289
2289
2286
2279
2278
2272
2270
2270
2267
2265
2264
2259
2258
2258
2257
2256
2254
2254
2253
2252
2251
2246
2245
2245
2244
2243
2242
2237
2235
2232
2230
2230
2230
2227
2224
2219
2218
2218
2214
2212
2212
2209
2207
2199
2193
2193
2193
2188
2187
2184
2184
2183
2180
2179
2178
2178
2178
2176
2172
2171
2170
2169
2168
2163
2160
2156
2155
2155
2153
2153
2152
2152
2150
2150
2144
2143
2142
2137
2136
2134
2133
2129
2125
2120
2119
2118
2115
2115
2113
2108
2106
2104
2103
2100
2100
2096
2092
2091
2091
2091
2088
2087
2086
2081
2076
2076
2071
2070
2070
2069
2069
2068
2066
2064
2063
2062
2060
2060
2059
2058
2055
2055
2052
2052
2048
2048
2047
2045
2040
2040
2036
2034
2033
2030
2026
2026
2026
2026
2023
2021
2020
2020
2017
2016
2015
2014
2010
2009
2008
2007
2007
2006
2004
2003
2001
2001
1997
1997
1993
1992
1990
1990
1987
1983
1982
1981
1980
1979
1979
1979
1974
1973
1971
1970
1970
1969
1968
1966
1964
1959
1954
1953
1953
1952
1952
1949
1948
1948
1945
1942
1941
1941
1939
1936
1934
1933
1929
1927
1927
1926
1922
1919
1919
1918
1916
1915
1915
1913
1912
1910
1909
1909
1906
1905
1905
1904
1901
1898
1897
1897
1897
1895
1891
1891
1890
1884
1881
1873
1873
1872
1872
1872
1871
1866
1864
1864
1862
1860
1859
1858
1857
1854
1853
1852
1847
1846
1843
1843
1842
1841
1838
1838
1837
1833
1828
1827
1825
1823
1822
1820
1818
1818
1818
1815
1811
1805
1793
1792
1789
1787
1786
1786
1785
1784
1783
1778
1777
1775
1774
1772
1768
1766
1766
1764
1764
1760
1757
1756
1754
1749
1747
1745
1744
1738
1737
1737
1736
1735
1734
1734
1731
1726
1726
1725
1725
1725
1724
1720
1718
1718
1716
1715
1713
1712
1711
1710
1710
1708
1708
1708
1707
1705
1704
1704
1703
1701
1701
1699
1698
1695
1695
1694
1692
1691
1688
1688
1687
1685
1683
1682
1681
1680
1679
1678
1677
1670
1670
1669
1668
1668
1663
1662
1662
1660
1658
1656
1655
1651
1650
1649
1648
1645
1645
1644
1643
1642
1640
1638
1637
1637
1636
1635
1634
1632
1632
1631
1629
1628
1628
1628
1626
1626
1625
1624
1624
1623
1621
1621
1615
1614
1614
1612
1611
1610
1608
1607
1605
1602
1597
1596
1593
1593
1592
1592
1591
1589
1588
1584
1583
1583
1583
1581
1580
1580
1579
1573
1570
1570
1569
1569
1568
1568
1567
1566
1562
1561
1559
1559
1556
1555
1553
1553
1552
1550
1549
1549
1546
1546
1545
1540
1539
1539
1536
1535
1534
1533
1531
1531
1529
1529
1529
1529
1528
1528
1528
1528
1527
1526
1526
1526
1525
1525
1524
1522
1522
1519
1518
1517
1517
1517
1514
1514
1514
1513
1512
1512
1510
1509
1506
1505
1504
1503
1502
1501
1501
1500
1500
1498
1497
1496
1494
1492
1489
1486
1486
1483
1482
1481
1481
1478
1477
1477
1477
1476
1472
1472
1471
1470
1469
1469
1468
1466
1463
1462
1461
1460
1460
1460
1460
1458
1458
1458
1457
1456
1456
1455
1454
1454
1453
1449
1449
1448
1445
1444
1443
1443
1443
1443
1441
1441
1440
1439
1439
1435
1435
1433
1431
1430
1430
1428
1428
1425
1424
1424
1424
1424
1421
1421
1420
1419
1418
1418
1414
1413
1411
1409
1409
1409
1408
1408
1406
1405
1403
1402
1401
1398
1395
1395
1394
1392
1391
1390
1387
1385
1385
1385
1384
1383
1382
1382
1379
1379
1378
1377
1376
1376
1376
1375
1373
1373
1371
1370
1370
1368
1368
1368
1367
1367
1365
1363
1363
1363
1362
1362
1361
1360
1359
1359
1359
1358
1357
1357
1357
1356
1355
1354
1354
1354
1353
1352
1352
1349
1348
1346
1345
1344
1344
1343
1343
1342
1340
1340
1340
1340
1339
1332
1332
1328
1327
1326
1326
1326
1325
1324
1323
1323
1322
1322
1318
1318
1318
1316
1315
1315
1312
1311
1310
1308
1307
1305
1305
1304
1303
1300
1299
1298
1298
1296
1295
1295
1294
1294
1293
1293
1290
1290
1289
1288
1286
1285
1284
1282
1280
1280
1279
1279
1278
1278
1277
1276
1275
1275
1270
1270
1267
1267
1266
1265
1264
1263
1263
1262
1262
1260
1260
1259
1259
1258
1257
1256
1254
1254
1254
1254
1252
1252
1249
1247
1247
1247
1247
1247
1244
1244
1244
1244
1244
1244
1243
1242
1242
1241
1239
1238
1238
1236
1235
1235
1235
1233
1232
1231
1231
1230
1230
1230
1229
1229
1228
1228
1228
1227
1227
1227
1225
1224
1223
1221
1220
1220
1220
1219
1216
1216
1215
1215
1212
1211
1211
1210
1210
1208
1207
1206
1205
1204
1203
1203
1202
1202
1202
1201
1197
1196
1196
1195
1194
1193
1193
1193
1193
1192
1190
1190
1190
1190
1189
1188
1186
1185
1184
1184
1182
1181
1181
1180
1180
1179
1179
1178
1177
1177
1176
1176
1176
1175
1174
1173
1173
1172
1172
1171
1171
1170
1170
1170
1169
1169
1169
1168
1168
1168
1168
1167
1167
1167
1166
1166
1166
1165
1165
1164
1164
1163
1163
1162
1161
1161
1160
1159
1158
1158
1158
1157
1157
1157
1156
1155
1155
1155
1154
1154
1153
1152
1152
1151
1150
1150
1149
1148
1148
1148
1147
1147
1145
1145
1145
1145
1143
1143
1143
1143
1141
1140
1139
1139
1138
1138
1138
1135
1134
1133
1133
1131
1129
1129
1128
1127
1127
1126
1125
1124
1124
1124
1124
1122
1122
1121
1121
1121
1120
1119
1119
1118
1118
1118
1117
1116
1115
1115
1115
1115
1113
1113
1112
1111
1111
1111
1110
1108
1107
1106
1106
1106
1104
1102
1102
1102
1102
1102
1101
1101
1101
1100
1100
1099
1099
1099
1099
1096
1095
1095
1094
1094
1094
1093
1091
1090
1090
1090
1089
1089
1089
1088
1088
1086
1086
1085
1085
1084
1082
1082
1081
1081
1081
1081
1080
1080
1080
1079
1079
1079
1079
1078
1078
1077
1076
1075
1075
1075
1075
1075
1074
1074
1073
1072
1072
1072
1072
1072
1071
1071
1071
1070
1069
1068
1068
1068
1068
1067
1067
1066
1066
1066
1066
1065
1065
1065
1064
1063
1062
1062
1061
1061
1061
1061
1060
1060
1060
1060
1059
1059
1059
1058
1057
1057
1056
1056
1054
1054
1054
1053
1053
1053
1053
1053
1051
1050
1049
1049
1049
1048
1047
1046
1046
1046
1045
1043
1043
1042
1042
1042
1040
1039
1039
1038
1038
1038
1038
1037
1037
1037
1037
1036
1036
1035
1035
1035
1035
1034
1034
1033
1033
1031
1031
1030
1030
1029
1029
1028
1028
1028
1028
1027
1027
1027
1026
1026
1024
1024
1024
1024
1024
1024
1023
1023
1022
1022
1021
1021
1021
1020
1020
1020
1020
1020
1019
1019
1019
1019
1019
1018
1018
1018
1018
1017
1016
1016
1015
1014
1013
1013
1012
1012
1012
1012
1011
1011
1010
1010
1010
1009
1007
1007
1005
1005
1004
1004
1004
1004
1003
1003
1002
1002
1002
1002
1002
1002
1002
1001
1000
1000
999
999
999
999
998
998
997
997
996
996
996
996
995
994
994
994
994
993
993
992
991
991
990
990
990
990
989
989
988
988
988
988
987
987
987
987
987
986
986
985
984
984
984
983
983
983
983
982
981
980
979
978
978
978
977
977
977
976
976
976
976
976
975
975
974
974
974
973
973
972
972
972
970
970
969
969
969
969
968
968
968
967
967
967
967
966
966
965
965
965
965
965
964
964
963
963
963
963
962
962
962
962
961
961
961
960
959
959
958
958
958
958
958
958
958
958
957
957
957
957
957
957
956
955
954
954
953
953
952
951
951
951
950
950
949
949
948
948
947
947
947
947
947
946
945
945
945
944
944
943
943
942
942
941
941
941
940
940
940
940
940
938
938
938
937
936
935
935
935
934
934
934
932
932
932
932
932
931
931
930
928
928
927
927
926
926
925
924
924
924
924
924
923
923
923
923
922
922
922
921
921
920
920
920
920
919
919
918
917
917
917
916
916
915
915
914
914
913
913
913
913
912
912
912
912
912
912
912
912
911
911
910
910
909
908
908
907
907
907
907
906
906
906
906
905
905
904
904
904
903
903
903
903
903
903
903
903
902
902
902
902
902
901
901
901
901
900
900
899
899
899
898
898
897
897
897
896
896
896
895
894
893
893
893
892
892
892
892
892
891
891
891
891
891
890
889
889
889
888
888
888
888
888
887
887
886
886
886
886
886
886
885
885
885
885
884
884
884
884
884
884
884
883
883
883
882
882
882
882
882
882
881
881
881
880
880
879
879
879
879
879
878
878
878
878
878
878
877
877
877
877
877
877
877
877
875
875
875
875
875
874
874
874
873
873
873
872
872
872
871
871
871
871
870
870
870
870
870
870
869
869
869
868
868
868
868
868
867
866
865
865
865
865
865
864
863
863
863
863
863
862
861
861
860
860
860
859
859
858
857
857
856
856
856
856
855
855
854
854
854
854
854
854
853
853
853
852
852
852
852
851
851
850
850
849
849
849
849
849
848
848
848
847
846
846
845
845
844
844
844
844
844
844
843
843
843
843
842
842
842
842
842
841
840
840
840
840
840
840
840
839
839
839
838
838
838
838
837
837
837
836
835
835
835
834
834
834
834
834
834
834
834
834
833
833
832
832
832
832
832
831
831
831
830
830
830
830
829
829
829
829
829
829
828
828
828
827
827
827
825
825
825
825
825
824
824
824
823
823
823
823
823
823
822
822
822
821
821
821
821
821
820
820
820
820
820
820
820
820
820
820
820
819
819
819
819
819
819
818
818
818
818
818
817
817
817
816
816
816
816
816
816
815
815
814
814
814
814
813
813
813
813
812
812
812
812
812
812
811
811
810
809
809
809
809
808
808
808
808
808
807
807
806
805
805
805
805
804
804
804
804
804
804
803
803
803
803
802
802
802
802
802
802
802
802
802
801
801
801
801
800
800
800
799
799
798
798
798
798
798
798
798
797
797
797
797
796
796
796
796
796
795
795
795
795
795
795
795
794
794
794
794
794
794
794
794
793
793
793
793
793
792
792
792
792
792
791
791
791
791
791
791
791
790
790
788
788
788
788
788
788
788
787
786
785
785
784
784
784
784
784
783
783
783
783
783
782
782
782
782
782
782
781
781
781
780
780
780
780
780
779
779
779
778
777
777
776
776
776
776
776
776
775
775
775
775
775
775
775
775
774
774
774
773
772
772
772
772
772
771
771
771
771
771
771
771
770
770
770
770
770
769
769
769
769
769
769
768
768
768
768
768
768
767
767
767
767
766
766
766
766
766
766
766
766
766
765
765
765
765
764
764
764
764
763
763
763
763
762
762
762
762
762
761
761
761
761
760
760
760
760
760
760
760
760
759
759
759
758
758
758
758
758
758
758
757
757
757
757
757
757
757
757
757
757
756
756
755
755
755
755
755
755
755
755
754
754
754
754
754
753
753
753
752
752
752
752
752
752
752
752
751
751
751
751
751
751
751
751
750
750
750
750
750
750
749
749
749
749
749
749
749
749
748
748
748
748
748
748
748
747
747
747
747
746
746
746
746
746
746
746
745
745
745
745
744
744
744
744
744
744
743
743
743
742
742
741
741
741
741
740
740
739
739
738
738
738
737
737
737
737
737
736
736
736
736
736
736
736
736
736
736
736
735
735
735
735
735
735
735
735
734
734
734
734
734
734
734
733
733
733
733
733
732
731
731
731
731
731
731
731
730
730
730
730
730
729
729
728
728
728
727
727
727
726
726
726
726
726
725
725
725
725
725
725
725
724
724
723
723
723
723
723
723
722
722
722
722
722
722
722
722
721
721
721
721
721
721
720
720
720
720
720
720
720
720
719
719
719
719
719
719
719
718
718
718
718
717
717
716
716
716
716
716
716
716
716
716
716
716
716
715
715
715
715
715
715
714
714
714
714
714
714
714
714
713
713
713
713
713
712
712
712
712
712
712
712
711
711
711
711
711
711
710
710
710
710
710
710
710
709
709
709
709
709
709
708
708
708
708
708
708
708
707
707
707
707
707
707
707
707
707
706
706
706
706
705
705
705
705
705
705
705
705
704
704
704
704
704
704
704
703
703
703
703
703
703
703
703
703
703
703
702
702
702
701
701
701
701
701
701
701
701
701
701
700
700
700
700
699
699
699
699
699
699
699
699
698
698
698
698
698
698
697
697
697
697
697
697
696
696
696
696
696
695
695
695
695
694
694
694
693
693
693
692
692
691
691
691
691
691
691
691
690
690
690
690
689
689
689
689
689
689
689
689
689
688
688
688
688
687
687
687
687
687
687
687
687
687
686
686
686
686
685
685
685
685
685
685
685
685
685
685
685
685
684
684
684
683
683
683
683
683
683
682
682
682
682
682
682
682
682
681
681
681
681
681
681
680
680
680
680
680
679
679
679
679
678
678
678
678
678
678
678
678
678
677
677
677
677
676
676
676
676
676
676
676
676
676
676
675
675
675
675
675
675
675
674
674
674
674
674
674
674
674
674
673
673
673
673
673
673
673
672
672
672
672
672
671
671
671
671
671
671
671
670
670
670
670
670
670
670
670
670
669
669
669
669
669
669
669
669
668
668
668
668
668
668
668
668
668
668
668
667
667
667
667
667
667
667
667
666
666
666
666
666
666
666
666
666
665
665
665
665
665
665
665
664
664
664
663
663
663
663
663
663
662
662
662
662
661
661
661
661
661
661
661
661
660
660
660
660
660
660
660
660
659
659
659
659
659
658
658
658
658
658
658
657
657
657
657
657
657
657
657
657
657
657
656
656
656
656
656
656
656
655
655
655
655
654
654
654
654
654
654
654
654
654
653
653
653
653
653
653
653
653
652
652
652
652
652
651
651
651
651
651
651
651
650
650
650
650
649
649
649
649
649
649
648
648
648
647
647
647
647
647
647
647
647
646
646
646
646
645
645
645
645
645
645
645
645
645
645
645
645
644
644
644
644
644
644
644
644
643
643
643
643
643
643
643
643
643
643
643
642
642
642
642
642
642
642
641
641
641
641
641
641
641
641
640
640
640
640
640
640
640
639
639
639
639
639
639
638
638
638
638
638
638
638
637
637
637
637
637
636
636
636
636
636
636
636
635
635
635
635
635
635
634
634
634
634
634
634
634
633
633
633
633
633
633
633
633
633
633
632
632
632
632
632
632
632
632
632
631
631
631
631
631
631
631
631
631
631
630
630
630
630
630
630
630
629
629
629
629
629
629
629
629
629
628
628
628
628
628
628
628
628
628
627
627
627
627
627
627
627
627
627
626
626
626
626
626
626
626
625
625
625
625
625
625
625
624
624
624
624
624
624
624
624
624
623
623
623
623
623
623
623
623
623
623
622
622
622
622
622
622
622
621
621
621
621
621
621
621
620
620
620
620
620
620
620
620
620
619
619
619
619
619
618
618
618
618
618
618
618
618
618
618
618
618
617
617
616
616
616
616
616
616
616
615
615
615
615
615
615
615
615
615
615
614
614
614
614
614
614
614
614
614
614
613
613
613
613
613
613
613
613
613
613
613
613
612
612
612
612
612
612
612
612
612
612
612
611
611
611
611
611
611
611
610
610
610
610
610
610
610
610
610
610
610
609
609
609
609
609
608
608
608
608
608
608
607
607
607
607
607
607
607
606
606
606
606
606
606
606
606
606
606
606
606
606
606
606
605
605
605
605
605
605
605
605
605
604
604
604
604
604
604
603
603
603
603
603
603
603
602
602
602
602
602
602
602
601
601
601
601
601
601
601
601
600
600
600
600
600
600
600
600
600
600
599
599
599
599
599
599
599
598
598
598
598
598
598
598
598
598
597
597
597
597
597
597
597
596
596
596
596
596
596
595
595
595
595
595
595
595
595
595
594
594
594
594
594
594
594
594
593
593
593
593
593
593
593
593
593
592
592
592
592
592
592
592
592
592
592
591
591
591
591
591
591
590
590
590
590
590
590
590
590
590
590
590
590
589
589
589
589
589
589
589
589
589
588
588
588
588
588
588
588
587
587
587
587
587
587
587
587
587
586
586
586
586
586
586
586
586
585
585
585
585
585
585
584
584
584
584
583
583
583
583
583
583
583
583
583
583
583
583
583
582
582
582
582
582
582
582
582
582
581
581
581
581
581
581
581
581
581
581
581
581
581
580
580
580
580
580
580
580
580
580
580
579
579
579
578
578
578
578
578
578
578
578
578
578
578
578
578
577
577
577
577
577
577
576
576
576
576
576
576
576
576
575
575
575
575
575
575
574
574
574
574
574
574
574
574
574
574
574
574
574
574
573
573
573
573
573
573
573
573
573
573
572
572
572
572
572
572
572
572
572
572
572
571
571
571
571
571
571
571
571
571
571
570
570
570
570
570
570
570
570
569
569
569
569
569
569
569
569
568
568
568
568
568
568
568
568
567
567
567
567
567
567
567
567
567
567
567
567
567
566
566
566
566
566
566
566
565
565
565
565
565
565
565
565
565
565
565
565
565
565
564
564
564
564
564
564
564
564
564
564
563
563
563
563
563
563
563
563
563
562
562
562
562
562
562
562
562
562
562
562
562
562
561
561
561
561
561
561
561
561
561
561
561
561
561
561
561
560
560
560
560
560
560
560
560
559
559
559
559
559
559
559
559
559
559
558
558
558
558
558
558
558
558
558
558
558
558
558
557
557
557
557
557
557
557
557
557
556
556
556
556
556
556
556
556
556
556
555
555
555
555
555
555
555
555
555
555
555
554
554
554
554
554
554
554
554
554
554
554
554
554
553
553
553
553
553
553
553
553
553
553
553
553
553
552
552
552
552
552
552
552
552
552
552
552
551
551
551
551
551
551
551
551
551
551
551
551
550
550
550
550
550
549
549
549
549
549
549
549
549
549
549
549
549
549
548
548
548
548
548
548
548
548
548
548
548
548
548
548
548
547
547
547
547
547
547
547
547
547
547
547
547
546
546
546
546
546
546
546
546
545
545
545
545
545
545
545
545
544
544
544
544
544
544
544
544
544
544
544
544
543
543
543
543
543
543
543
543
543
543
543
543
543
543
543
543
543
543
542
542
542
542
542
542
542
542
542
542
542
542
542
542
542
541
541
541
541
541
541
541
541
541
541
541
541
541
541
541
540
540
540
540
540
539
539
539
539
539
539
539
539
539
539
539
539
539
539
538
538
538
538
538
538
538
538
538
537
537
537
537
537
537
537
537
537
537
537
537
537
537
536
536
536
536
536
536
536
536
535
535
535
535
535
535
535
535
535
535
535
535
534
534
534
534
534
534
534
534
534
533
533
533
533
533
533
533
533
533
533
532
532
532
532
532
532
532
531
531
531
531
531
531
531
530
530
530
530
530
530
530
530
530
530
530
530
530
530
530
530
529
529
529
529
529
529
529
528
528
528
528
528
528
528
528
528
528
528
528
528
528
528
528
527
527
527
527
527
527
527
527
527
527
527
526
526
526
526
526
526
526
526
526
525
525
525
525
525
525
525
525
525
525
525
524
524
524
524
524
524
524
524
524
524
524
523
523
523
523
523
523
523
523
523
523
523
523
522
522
522
522
522
522
522
522
522
522
522
522
522
522
522
522
521
521
521
521
521
521
521
521
521
521
521
521
521
521
520
520
520
520
520
520
520
520
520
520
520
520
519
519
519
519
519
519
519
519
519
519
519
519
519
519
519
518
518
518
518
518
518
518
518
518
518
518
518
518
518
518
518
517
517
517
517
517
517
517
517
517
517
517
517
516
516
516
516
516
516
516
516
516
516
516
516
515
515
515
515
515
515
515
515
515
515
515
515
515
515
515
515
515
514
514
514
514
514
514
514
514
514
514
514
514
514
514
514
514
514
513
513
513
513
513
513
513
513
513
513
513
513
513
513
513
512
512
512
512
512
512
512
511
511
511
511
511
511
511
511
511
511
511
510
510
510
510
510
510
510
510
510
510
510
510
510
510
510
510
510
509
509
509
509
509
509
509
509
509
509
509
509
509
509
509
508
508
508
508
508
508
508
508
508
508
507
507
507
507
507
507
507
507
507
507
507
507
506
506
506
506
506
506
506
506
506
506
506
506
506
505
505
505
505
505
505
505
505
505
505
505
505
504
504
504
504
504
504
504
504
504
504
504
504
504
504
504
504
504
504
504
503
503
503
503
503
503
503
503
503
503
502
502
502
502
502
502
502
502
502
502
502
502
502
501
501
501
501
501
501
501
501
501
501
501
501
501
501
501
501
500
500
500
500
500
500
500
500
500
500
500
500
500
500
500
499
499
499
499
499
499
499
499
499
499
499
498
498
498
498
498
498
498
498
498
498
498
498
497
497
497
497
497
497
497
497
497
497
497
497
497
497
496
496
496
496
496
496
496
496
495
495
495
495
495
495
495
495
495
495
495
495
495
494
494
494
494
494
494
494
494
494
494
494
494
494
494
494
493
493
493
493
493
493
493
493
493
493
493
492
492
492
492
492
492
492
492
492
492
492
492
492
492
492
492
492
492
491
491
491
491
491
491
491
491
491
491
491
491
490
490
490
490
490
490
490
490
490
490
490
490
490
489
489
489
489
489
489
489
489
489
489
489
489
489
489
489
488
488
488
488
488
488
487
487
487
487
487
487
487
487
487
487
487
487
487
487
487
487
487
487
486
486
486
486
486
486
486
486
486
486
486
486
486
486
486
486
485
485
485
485
485
485
485
485
485
485
485
485
485
485
485
485
485
484
484
484
484
484
484
484
484
484
483
483
483
483
483
483
483
483
483
483
483
483
483
482
482
482
482
482
482
482
482
482
482
482
482
482
482
482
481
481
481
481
481
481
481
481
481
481
481
481
481
481
480
480
480
480
480
480
480
480
480
480
480
480
480
480
480
479
479
479
479
479
479
479
479
479
479
479
479
479
479
479
479
479
478
478
478
478
478
478
478
478
478
478
478
478
478
478
478
478
478
478
478
477
477
477
477
477
477
477
477
477
477
477
477
477
477
476
476
476
476
476
476
476
476
476
476
476
476
476
476
475
475
475
475
475
475
475
475
475
475
474
474
474
474
474
474
474
474
474
474
473
473
473
473
473
473
473
473
473
473
473
473
473
473
473
473
472
472
472
472
472
472
472
472
472
472
472
472
472
472
472
472
472
472
472
471
471
471
471
471
471
471
470
470
470
470
470
470
470
470
470
470
470
470
470
470
469
469
469
469
469
469
469
469
469
469
469
468
468
468
468
468
468
468
468
468
468
468
468
468
468
468
468
468
468
467
467
467
467
467
467
467
467
467
467
467
467
467
466
466
466
466
466
466
466
466
466
466
466
466
466
465
465
465
465
465
465
465
465
465
465
465
465
465
464
464
464
464
464
464
464
464
464
464
464
464
464
464
464
464
464
463
463
463
463
463
463
463
463
463
463
463
463
463
463
463
463
463
463
462
462
462
462
462
462
462
462
462
462
462
462
462
462
462
462
462
462
461
461
461
461
461
461
461
461
461
461
461
461
461
461
461
460
460
460
460
460
460
460
460
460
460
460
459
459
459
459
459
459
459
459
459
459
459
459
459
459
459
459
459
459
458
458
458
458
458
458
458
458
458
458
458
458
458
458
458
458
458
457
457
457
457
457
457
457
457
457
457
457
457
457
457
457
457
457
456
456
456
456
456
456
456
456
456
456
456
456
456
456
456
456
456
456
456
455
455
455
455
455
455
455
455
455
455
455
455
455
455
455
455
454
454
454
454
454
454
454
454
454
454
454
454
454
454
454
454
454
454
453
453
453
453
453
453
453
453
453
453
453
453
453
453
453
453
453
452
452
452
452
452
452
452
452
452
452
452
452
452
452
452
452
452
452
452
451
451
451
451
451
451
451
451
451
451
451
451
451
451
451
451
451
451
451
451
451
451
451
451
450
450
450
450
450
450
450
450
450
450
450
450
450
450
450
450
450
449
449
449
449
449
449
449
449
449
449
449
449
449
449
449
449
449
449
448
448
448
448
448
448
448
448
447
447
447
447
447
447
447
447
447
447
447
447
447
447
446
446
446
446
446
446
446
446
446
446
446
446
446
446
446
446
445
445
445
445
445
445
445
445
445
445
445
445
445
445
445
445
445
445
444
444
444
444
444
444
444
444
444
444
444
444
444
444
444
444
443
443
443
443
443
443
443
443
443
443
443
443
443
443
443
443
442
442
442
442
442
442
442
442
442
442
442
442
442
442
442
442
442
442
442
441
441
441
441
441
441
441
441
441
441
441
441
441
440
440
440
440
440
440
440
440
440
440
440
440
440
440
440
439
439
439
439
439
439
439
439
439
439
439
439
439
439
439
439
439
438
438
438
438
438
438
438
438
438
438
438
438
438
438
438
438
437
437
437
437
437
437
437
437
437
437
437
437
437
437
437
437
437
436
436
436
436
436
436
436
436
436
436
436
436
436
436
436
436
436
435
435
435
435
435
435
435
435
435
435
435
435
435
435
435
435
435
435
434
434
434
434
434
434
434
434
434
434
434
434
434
434
434
434
434
434
434
434
434
433
433
433
433
433
433
433
433
433
433
433
432
432
432
432
432
432
432
432
432
432
432
432
432
432
432
432
432
431
431
431
431
431
431
431
431
431
431
431
431
431
431
431
431
431
430
430
430
430
430
430
430
430
430
430
430
430
430
430
430
430
430
430
430
430
429
429
429
429
429
429
429
429
429
429
429
429
429
429
429
429
429
429
429
429
429
429
429
428
428
428
428
428
428
428
428
428
428
428
428
428
428
428
428
428
427
427
427
427
427
427
427
427
426
426
426
426
426
426
426
426
426
426
426
426
426
426
426
426
426
426
426
426
425
425
425
425
425
425
425
425
425
425
425
425
425
425
425
425
425
425
425
425
425
425
425
425
425
425
425
425
425
425
424
424
424
424
424
424
424
424
424
424
424
423
423
423
423
423
423
423
423
423
423
423
423
423
423
423
423
423
423
422
422
422
422
422
422
422
422
422
422
422
422
422
421
421
421
421
421
421
421
421
421
421
421
421
421
421
421
421
421
420
420
420
420
420
420
420
420
420
420
420
420
420
420
420
420
420
420
420
420
420
419
419
419
419
419
419
419
419
419
419
419
419
419
419
419
419
419
419
419
419
418
418
418
418
418
418
418
418
418
418
418
418
418
418
418
418
418
418
418
418
417
417
417
417
417
417
417
417
417
417
417
417
417
416
416
416
416
416
416
416
416
416
416
416
416
416
416
416
416
416
416
416
416
415
415
415
415
415
415
415
415
415
415
415
415
415
415
415
415
415
415
415
414
414
414
414
414
414
414
414
414
414
414
413
413
413
413
413
413
413
413
413
413
413
413
413
413
413
413
413
413
413
413
413
413
413
413
413
413
413
413
413
413
412
412
412
412
412
412
412
412
412
412
412
412
412
412
412
412
411
411
411
411
411
411
411
411
411
411
411
411
411
411
411
411
411
411
411
410
410
410
410
410
410
410
410
410
410
410
410
410
410
410
410
410
410
410
410
410
410
410
410
410
409
409
409
409
409
409
409
409
409
409
409
409
409
409
409
409
409
409
409
408
408
408
408
408
408
408
408
408
408
408
408
408
408
408
407
407
407
407
407
407
407
407
407
407
407
407
407
407
407
407
406
406
406
406
406
406
406
406
406
406
406
406
405
405
405
405
405
405
405
405
405
405
405
405
405
405
405
404
404
404
404
404
404
404
404
404
404
404
404
404
404
404
404
404
404
404
404
404
404
403
403
403
403
403
403
403
403
403
403
403
403
403
403
403
402
402
402
402
402
402
402
402
402
402
402
401
401
401
401
401
401
401
401
401
401
401
401
401
401
401
401
401
400
400
400
400
400
400
400
400
400
400
400
400
400
400
399
399
399
399
399
399
399
399
399
399
399
399
399
399
399
399
399
399
399
399
398
398
398
398
398
398
398
398
398
398
398
398
398
398
398
398
398
398
397
397
397
397
397
397
397
397
397
397
397
397
397
397
397
397
397
397
397
397
396
396
396
396
396
396
396
396
396
396
396
396
396
396
396
396
396
396
396
396
396
396
396
395
395
395
395
395
395
395
395
395
395
395
395
395
395
395
395
394
394
394
394
394
394
394
394
394
394
394
394
394
394
393
393
393
393
393
393
393
393
393
393
393
393
393
393
393
392
392
392
392
392
392
392
392
392
392
392
392
392
392
392
392
391
391
391
391
391
391
391
391
391
391
391
391
391
391
391
390
390
390
390
390
390
390
390
390
390
390
390
390
390
390
389
389
389
389
389
389
389
389
389
389
389
389
389
388
388
388
388
388
388
388
388
388
388
388
388
387
387
387
387
387
387
387
387
387
387
386
386
386
386
386
386
386
386
386
386
386
386
386
386
386
386
386
386
386
386
386
386
386
386
385
385
385
385
385
385
385
385
385
385
385
385
385
385
385
385
385
385
385
385
384
384
384
384
384
384
384
384
384
384
384
384
384
384
384
383
383
383
383
383
383
383
383
383
383
383
383
383
382
382
382
382
382
382
382
382
382
382
382
382
382
382
382
382
382
382
382
381
381
381
381
381
381
381
381
381
380
380
380
380
380
380
380
380
379
379
379
379
379
379
379
379
379
379
379
379
379
378
378
378
378
377
377
377
377
377
377
377
377
377
377
377
377
376
376
376
376
376
375
375
375
375
375
375
375
375
375
375
374
374
374
374
374
374
373
373
373
373
373
373
373
373
372
372
372
372
372
372
371
371
371
371
370
370
370
370
369
369
369
369
368
368
367
367
367
367
366
366
366
366
366
365
365
365
365
365
365
365
365
364
364
364
364
364
364
364
364
363
363
363
362
362
362
362
361
361
361
361
360
360
360
360
360
360
360
360
360
360
359
359
359
359
359
359
359
358
358
358
358
357
357
356
356
355
355
355
354
354
353
353
353
353
353
352
352
352
352
351
350
350
350
350
350
350
349
348
348
347
346
345
344
344
344
342
341
341
341
341
339
339
337
336
335
335
334
333
332
331
331
328
325
324
324
322
321
320
317
308
305
302
298
296
293
276
271
264
260
240
237
221
216
211
211
208
204
204
204
201
200
199
198
196
194
186
180
178
176
166
165
161
161
159
159
157
156
155
154
152
147
139
137
128
