9092
8734
8734
6377
6284
6239
6198
6141
6078
6046
6039
6027
6015
5971
5964
5915
5868
5853
5845
5804
5764
5748
5746
5730
5713
5690
5689
5685
5675
5671
5668
5542
5542
5531
5530
5520
5499
5449
5446
5437
5430
5409
5404
5387
5374
5368
5362
5360
5335
5317
5313
5303
5249
5236
5206
5206
5187
5185
5177
5172
5166
5163
5159
5121
5103
5101
5078
5067
5058
5048
5026
5016
4986
4978
4968
4938
4938
4928
4888
4876
4876
4872
4845
4826
4807
4805
4801
4799
4796
4788
4765
4765
4743
4738
4706
4706
4704
4704
4673
4668
4656
4647
4628
4618
4603
4597
4586
4551
4545
4541
4541
4541
4525
4508
4506
4497
4461
4454
4443
4436
4433
4432
4427
4418
4414
4407
4407
4401
4362
4350
4347
4337
4333
4332
4327
4316
4307
4306
4286
4275
4241
4234
4230
4227
4226
4225
4213
4204
4203
4200
4196
4196
4178
4169
4154
4142
4108
4095
4084
4071
4062
4048
4041
4017
3972
3952
3946
3940
3935
3915
3912
3897
3896
3892
3891
3890
3874
3873
3835
3833
3818
3813
3813
3767
3755
3743
3739
3658
3650
3645
3644
3621
3617
3614
3603
3585
3575
3574
3573
3563
3545
3537
3526
3524
3505
3498
3445
3438
3411
3410
3396
3384
3374
3368
3344
3302
3274
3259
3255
3243
3238
3236
3230
3192
3190
3166
3100
3082
3066
3052
3046
3038
3019
3007
3005
3001
2996
2898
2892
2886
2880
2864
2860
2859
2855
2835
2827
2794
2790
2781
2775
2755
2709
2660
2648
2617
2612
2558
2548
2499
2469
2458
2449
2448
2440
2409
2382
2370
2320
2308
2302
2289
2278
2269
2269
2241
2241
2235
2231
2208
2198
2198
2185
2176
2142
2140
2097
2064
2045
2022
2010
2000
1968
1960
1960
1932
1931
1922
1919
1911
1901
1863
1861
1859
1841
1836
1832
1830
1829
1823
1804
1795
1780
1763
1754
1742
1735
1730
1721
1720
1717
1708
1701
1692
1683
1675
1668
1658
1643
1643
1640
1638
1619
1617
1614
1607
1602
1600
1592
1584
1581
1577
1569
1568
1566
1559
1559
1552
1550
1547
1542
1541
1533
1526
1523
1519
1518
1510
1506
1493
1487
1483
1481
1481
1479
1472
1470
1469
1467
1454
1449
1436
1435
1427
1424
1422
1420
1418
1416
1410
1409
1401
1400
1399
1399
1382
1369
1362
1361
1359
1341
1332
1330
1325
1324
1321
1321
1316
1314
1314
1312
1312
1311
1306
1299
1292
1290
1283
1279
1273
1262
1262
1257
1252
1244
1244
1243
1241
1235
1231
1230
1230
1229
1225
1224
1223
1218
1213
1212
1206
1206
1203
1199
1198
1185
1178
1175
1172
1172
1171
1166
1161
1161
1157
1155
1153
1152
1151
1149
1148
1148
1145
1144
1144
1143
1139
1135
1133
1131
1128
1127
1124
1122
1113
1101
1095
1095
1095
1088
1087
1082
1081
1080
1075
1075
1074
1074
1072
1071
1068
1066
1062
1061
1056
1053
1052
1050
1042
1042
1042
1042
1038
1034
1032
1028
1027
1025
1018
1016
1013
1010
1008
1008
1007
1007
1005
1002
1001
1000
999
999
998
998
996
996
996
991
988
982
981
980
976
975
972
970
967
963
963
959
959
954
947
944
943
941
940
940
938
934
934
934
933
928
926
925
924
923
921
921
921
920
919
919
914
914
912
912
911
911
908
905
903
901
901
901
901
899
897
897
894
893
893
892
891
889
887
884
883
881
881
878
878
877
875
874
874
872
872
870
866
864
863
862
859
858
858
854
854
852
851
850
848
845
843
842
841
841
841
840
839
838
838
834
834
832
831
829
825
825
823
822
821
821
821
821
820
819
817
817
815
815
814
813
813
812
811
808
806
806
803
802
802
801
801
800
800
799
798
797
794
792
791
791
789
788
788
786
784
784
783
783
783
782
782
780
779
777
773
772
771
770
770
770
769
769
768
768
767
767
766
766
765
763
763
762
761
761
761
760
760
759
759
759
758
757
757
757
755
755
754
753
753
751
751
750
750
750
749
748
746
745
745
745
744
744
743
742
741
740
737
736
736
733
730
730
728
726
725
725
725
725
722
720
715
715
715
714
713
713
712
712
710
710
710
710
707
707
706
705
705
704
704
704
703
702
702
702
701
701
701
701
700
699
699
699
699
698
698
697
696
696
694
694
693
693
692
692
692
692
691
691
691
690
690
690
690
689
688
688
687
687
686
686
686
685
684
684
684
683
683
681
681
677
676
675
675
675
675
674
672
671
671
670
668
667
667
666
666
666
665
665
664
664
663
663
661
660
660
659
657
657
657
656
656
655
653
653
653
652
649
649
649
649
648
648
648
648
647
646
646
645
645
645
644
643
642
642
640
640
639
639
639
638
638
638
638
637
637
636
636
635
635
635
635
635
634
633
632
632
632
631
631
631
630
630
630
630
630
629
629
629
629
629
628
628
628
628
626
626
626
625
625
625
625
625
624
624
624
623
623
623
623
622
622
622
621
621
621
621
621
621
620
620
620
620
619
619
619
618
618
618
618
618
617
617
617
617
616
616
615
615
615
614
613
612
612
611
611
611
611
610
610
610
610
610
609
609
607
607
607
605
605
605
604
604
603
602
602
602
602
601
600
599
599
599
598
598
598
598
598
597
597
597
597
597
596
596
596
596
595
595
595
595
595
593
592
592
591
591
591
591
591
591
591
590
590
590
590
589
588
588
588
587
587
587
587
587
586
586
585
585
585
585
584
584
584
583
583
583
582
582
582
582
581
581
581
581
581
581
580
580
580
579
579
579
579
578
578
577
577
576
576
575
575
575
575
575
575
574
574
574
573
573
573
573
573
572
572
572
572
572
572
571
571
570
570
570
570
570
569
569
569
568
568
567
567
567
566
566
566
565
564
564
564
564
564
564
564
564
563
563
563
563
563
563
563
562
562
562
562
561
560
560
560
560
560
560
560
559
559
558
558
558
558
558
557
557
557
557
557
556
556
556
556
556
555
555
554
554
553
553
553
553
553
553
552
552
552
551
551
551
551
551
550
550
550
549
548
548
548
548
548
547
547
547
547
546
546
546
546
545
545
545
545
545
545
545
545
545
545
544
544
544
544
544
544
544
543
543
543
543
543
542
542
542
542
542
541
540
540
540
540
540
540
540
539
539
538
538
538
538
538
538
538
538
538
537
537
536
536
536
536
536
536
536
536
536
536
535
535
535
535
534
534
534
534
534
534
533
533
533
532
532
532
532
532
531
531
531
531
531
531
531
531
531
530
530
530
530
530
530
530
530
530
529
529
529
529
529
529
529
529
529
528
528
528
528
528
528
528
527
527
527
527
527
527
527
527
526
526
526
526
526
525
525
525
525
524
524
524
524
523
523
523
523
523
523
522
522
522
521
521
521
521
521
521
521
521
521
520
520
520
520
520
520
519
519
519
519
519
518
518
518
518
518
517
517
517
517
516
516
515
515
515
515
515
515
515
515
514
514
514
514
513
513
513
513
513
513
512
512
512
512
512
511
511
511
511
511
511
511
510
510
510
510
510
510
509
509
509
509
509
509
508
508
508
508
508
508
507
507
507
507
507
507
507
507
506
506
506
506
506
506
506
505
505
505
505
505
505
505
505
505
505
505
504
504
504
504
504
504
504
503
503
503
503
503
503
503
503
503
502
502
502
502
502
502
502
502
501
501
501
501
501
501
501
501
501
501
501
501
501
501
500
500
500
499
499
499
499
499
499
498
498
498
498
498
498
498
498
498
497
497
497
497
497
496
496
496
496
496
496
496
495
495
495
495
495
495
495
494
494
494
494
494
493
493
493
493
493
493
493
492
492
492
491
491
491
491
491
491
491
491
491
491
491
490
490
490
490
490
490
490
490
489
489
489
489
489
489
489
488
488
488
488
488
488
488
487
487
487
487
487
487
486
486
486
486
486
486
486
486
486
486
485
484
484
484
484
484
484
484
483
483
483
483
483
483
483
483
483
483
483
483
483
483
482
482
482
482
482
482
481
481
481
481
481
481
481
481
481
481
481
480
480
480
480
480
480
480
480
479
479
479
479
479
478
478
478
478
478
478
477
477
477
477
477
477
476
476
476
476
476
475
475
475
475
475
475
475
475
474
474
474
474
474
474
474
474
474
474
473
473
473
473
473
473
473
473
473
473
472
472
472
472
472
472
472
472
472
471
471
471
471
471
471
471
470
470
470
470
470
470
470
470
470
470
470
469
469
469
469
469
468
468
468
468
468
468
468
468
467
467
467
467
467
467
467
467
467
467
466
466
466
466
466
466
465
465
465
464
464
464
464
464
464
464
464
464
464
464
464
464
464
463
463
463
463
463
463
463
463
463
462
462
462
462
462
462
462
462
462
462
462
462
462
461
461
461
461
461
461
461
461
461
460
460
460
460
460
460
460
460
460
460
460
460
460
460
460
460
459
459
459
459
459
459
459
459
459
459
459
459
459
459
458
458
458
458
458
458
458
458
458
458
458
458
458
457
457
457
457
457
457
457
457
457
457
457
456
456
456
456
456
456
456
456
455
455
455
455
455
455
455
455
454
454
454
454
454
454
454
453
453
453
453
453
453
453
453
453
453
453
452
452
452
452
452
452
452
452
452
452
452
452
452
451
451
451
450
450
450
450
450
450
450
450
450
449
449
449
449
449
449
448
448
448
448
448
448
448
448
448
447
447
447
447
447
447
447
447
447
447
447
447
447
447
447
446
446
446
446
446
446
446
446
446
445
445
445
445
445
445
445
445
444
444
444
444
444
444
444
444
444
444
444
443
443
443
443
443
443
443
443
443
443
442
442
442
442
442
442
442
442
442
441
441
441
441
441
441
441
441
441
441
441
441
441
441
440
440
440
440
440
440
440
439
439
439
439
439
439
439
438
438
438
438
438
438
437
437
437
437
437
437
437
437
437
437
436
436
436
436
436
436
436
436
435
435
435
435
435
435
435
435
435
435
435
435
434
434
434
434
434
434
434
434
434
434
434
434
434
434
434
433
433
433
433
433
433
433
433
433
433
433
433
433
433
433
432
432
432
432
432
432
432
432
432
432
432
432
432
432
432
431
431
431
431
431
431
431
431
431
431
431
430
430
430
430
430
430
430
430
430
430
430
430
429
429
429
429
429
429
429
429
429
429
429
429
429
429
429
428
428
428
428
428
428
428
428
428
428
428
428
428
427
427
427
427
427
427
427
427
427
427
427
427
427
426
426
426
426
426
426
426
426
426
426
426
425
425
425
425
425
425
425
425
425
425
424
424
424
424
424
424
424
424
424
424
424
424
424
424
424
424
424
423
423
423
423
423
423
423
423
423
423
423
423
423
422
422
422
422
422
422
422
422
422
422
421
421
421
421
421
421
421
421
421
421
420
420
420
420
420
420
420
420
419
419
419
419
419
419
419
419
419
419
419
419
419
419
419
419
418
418
418
418
418
418
418
418
418
418
418
418
418
417
417
417
417
417
417
417
417
417
417
416
416
416
416
416
416
416
416
416
416
416
416
416
415
415
415
415
415
415
415
415
415
415
415
415
415
414
414
414
414
414
414
414
414
414
413
413
413
413
413
413
413
413
413
413
413
413
412
412
412
412
412
412
412
412
412
412
412
412
412
412
412
411
411
411
411
411
411
411
411
411
411
411
411
410
410
410
410
410
410
410
410
410
410
410
410
410
410
409
409
409
409
409
409
409
409
409
409
409
409
409
409
408
408
408
408
408
408
408
408
408
408
408
408
408
408
408
408
407
407
407
407
407
407
407
407
407
407
407
407
407
407
407
406
406
406
406
406
406
406
406
406
406
406
406
406
406
406
405
405
405
405
405
405
405
405
405
405
405
405
405
405
405
405
404
404
404
404
404
404
404
404
404
404
404
404
404
404
404
404
404
404
404
403
403
403
403
403
403
403
403
403
403
403
403
402
402
402
402
402
402
402
402
402
402
402
402
402
402
401
401
401
401
401
401
401
401
401
401
401
401
401
401
401
401
400
400
400
400
400
400
400
400
400
400
400
400
400
400
400
400
400
400
400
400
399
399
399
399
399
399
399
399
399
399
399
399
399
399
399
399
399
398
398
398
398
398
398
398
398
398
397
397
397
397
397
397
397
397
397
397
397
397
397
397
397
397
397
397
397
397
397
397
397
397
397
397
396
396
396
396
396
396
396
396
396
396
396
396
396
396
396
396
396
395
395
395
395
395
395
395
395
395
395
395
395
395
395
395
395
395
395
395
395
395
395
395
394
394
394
394
394
394
394
394
394
394
394
394
394
394
394
394
394
394
394
394
394
394
393
393
393
393
393
393
393
393
393
393
393
393
393
393
393
393
393
393
393
392
392
392
392
392
392
392
391
391
391
391
391
390
390
390
390
390
389
389
389
389
388
388
388
388
388
387
387
387
387
387
386
386
385
385
384
384
381
381
381
381
381
381
380
380
380
380
379
379
379
379
378
378
378
377
377
377
377
377
376
375
374
374
374
374
374
373
373
372
370
369
368
368
368
365
365
365
365
365
365
364
364
363
363
361
360
360
358
356
356
355
354
354
354
353
353
351
347
346
345
345
344
343
341
340
333
330
308
304
284
276
255
251
251
242
241
238
228
222
220
220
218
208
208
207
205
203
199
199
193
183
176
175
175
175
174
174
166
166
164
164
164
164
162
162
162
162
158
154
154
154
154
151
151
150
148
147
147
146
144
144
144
143
143
138
138
137
137
137
137
135
135
134
134
134
134
134
133
133
133
131
131
131
131
130
130
129
129
128
128
128
128
128
128
128
128
128
