7588
7218
7159
7157
7105
7084
7077
7055
7027
7017
7001
6931
6905
6854
6814
6810
6806
6800
6795
6745
6744
6744
6731
6723
6721
6715
6690
6669
6640
6633
6605
6602
6584
6563
6559
6550
6530
6530
6529
6506
6505
6477
6466
6440
6425
6369
6348
6345
6341
6332
6328
6325
6320
6287
6272
6242
6241
6237
6231
6210
6202
6195
6189
6188
6187
6186
6182
6174
6165
6101
6086
6079
6076
6073
6066
6058
6045
6044
6041
6037
6031
6017
6015
6010
6010
6009
6008
6007
6005
6001
5980
5975
5974
5969
5968
5954
5945
5943
5942
5937
5925
5924
5921
5917
5917
5913
5908
5905
5903
5884
5874
5868
5868
5864
5863
5858
5857
5853
5847
5845
5844
5841
5838
5836
5834
5834
5833
5831
5829
5829
5799
5798
5790
5783
5780
5774
5769
5769
5762
5757
5747
5745
5734
5731
5729
5728
5724
5714
5710
5710
5706
5692
5691
5690
5687
5685
5680
5677
5675
5669
5666
5666
5665
5664
5662
5659
5654
5648
5648
5648
5644
5636
5636
5632
5631
5630
5626
5623
5623
5614
5613
5612
5607
5606
5606
5603
5602
5601
5600
5595
5594
5589
5585
5580
5579
5573
5573
5567
5564
5562
5561
5561
5556
5555
5555
5551
5548
5544
5540
5537
5536
5535
5535
5529
5528
5526
5521
5520
5518
5518
5518
5518
5516
5513
5512
5510
5510
5509
5508
5495
5488
5485
5481
5477
5474
5474
5471
5468
5463
5463
5462
5457
5455
5452
5449
5449
5443
5442
5441
5439
5437
5436
5433
5430
5428
5427
5424
5421
5413
5412
5409
5409
5409
5407
5403
5401
5399
5398
5392
5391
5391
5390
5385
5384
5383
5383
5381
5380
5379
5378
5377
5374
5374
5371
5371
5371
5370
5368
5366
5365
5365
5363
5355
5354
5353
5349
5348
5347
5345
5343
5343
5341
5338
5336
5336
5334
5330
5328
5327
5326
5324
5322
5320
5315
5310
5305
5300
5297
5297
5296
5294
5293
5289
5288
5286
5286
5282
5278
5277
5276
5270
5269
5267
5261
5249
5248
5247
5243
5238
5234
5230
5230
5224
5222
5221
5217
5215
5215
5214
5213
5212
5209
5203
5202
5198
5195
5194
5193
5192
5190
5190
5190
5187
5186
5186
5185
5185
5183
5182
5181
5172
5171
5171
5166
5166
5166
5163
5160
5159
5158
5155
5155
5152
5149
5145
5142
5133
5132
5131
5129
5128
5125
5121
5121
5119
5117
5116
5116
5115
5113
5113
5113
5112
5106
5105
5102
5101
5099
5094
5093
5091
5091
5091
5091
5091
5090
5089
5089
5089
5088
5087
5085
5084
5084
5080
5079
5079
5078
5077
5076
5076
5076
5073
5072
5071
5071
5069
5068
5066
5066
5065
5062
5059
5058
5056
5055
5053
5051
5050
5046
5041
5037
5032
5030
5027
5027
5027
5024
5020
5020
5016
5015
5013
5012
5009
5008
5006
5005
4999
4999
4994
4991
4990
4986
4985
4983
4982
4982
4980
4978
4971
4970
4967
4965
4959
4958
4956
4955
4952
4951
4951
4950
4948
4947
4946
4946
4942
4939
4938
4934
4934
4928
4927
4926
4925
4923
4922
4922
4921
4921
4918
4914
4912
4911
4911
4910
4910
4909
4908
4906
4905
4903
4903
4902
4900
4895
4892
4890
4890
4889
4889
4888
4887
4885
4885
4883
4882
4882
4878
4877
4874
4874
4874
4873
4870
4868
4867
4865
4863
4859
4859
4857
4855
4855
4854
4853
4852
4852
4851
4843
4842
4841
4838
4836
4835
4834
4834
4833
4832
4830
4829
4825
4819
4817
4812
4810
4809
4808
4807
4807
4803
4801
4798
4798
4791
4790
4790
4789
4789
4788
4787
4785
4783
4783
4783
4782
4780
4780
4779
4779
4778
4776
4776
4772
4772
4767
4765
4765
4764
4763
4762
4761
4758
4755
4754
4752
4752
4747
4742
4740
4737
4735
4735
4733
4732
4732
4731
4729
4723
4722
4721
4721
4721
4716
4715
4714
4710
4709
4699
4698
4697
4696
4694
4694
4693
4691
4689
4689
4686
4685
4683
4680
4678
4675
4674
4673
4670
4669
4669
4668
4665
4664
4661
4658
4658
4656
4653
4652
4651
4650
4650
4650
4645
4645
4644
4644
4641
4641
4638
4637
4636
4634
4633
4632
4632
4630
4628
4624
4624
4622
4622
4621
4621
4620
4620
4620
4617
4615
4614
4612
4610
4609
4603
4602
4601
4600
4600
4600
4598
4598
4596
4596
4594
4589
4589
4586
4586
4585
4584
4583
4581
4579
4578
4578
4574
4569
4569
4569
4558
4558
4557
4554
4553
4553
4553
4552
4548
4548
4547
4547
4546
4543
4543
4542
4542
4541
4541
4539
4532
4531
4529
4529
4528
4526
4526
4526
4523
4523
4520
4518
4518
4518
4517
4514
4514
4513
4512
4511
4510
4510
4509
4507
4504
4503
4502
4502
4500
4497
4496
4495
4495
4495
4492
4491
4489
4486
4483
4481
4481
4480
4480
4478
4476
4472
4471
4469
4468
4468
4465
4465
4465
4464
4462
4462
4462
4461
4460
4457
4453
4452
4451
4450
4450
4448
4448
4447
4447
4446
4444
4443
4442
4441
4435
4434
4433
4429
4428
4422
4420
4419
4413
4413
4410
4409
4406
4406
4405
4403
4402
4402
4401
4401
4400
4400
4397
4394
4389
4386
4383
4383
4380
4380
4379
4379
4379
4373
4372
4372
4370
4368
4365
4364
4364
4363
4362
4360
4359
4359
4356
4356
4354
4353
4353
4353
4351
4350
4350
4347
4343
4342
4341
4339
4338
4337
4337
4337
4336
4336
4336
4336
4335
4334
4333
4332
4332
4332
4330
4323
4318
4317
4315
4314
4313
4310
4310
4310
4309
4309
4307
4304
4304
4302
4296
4294
4293
4290
4290
4288
4286
4283
4281
4277
4276
4275
4274
4274
4272
4271
4270
4270
4268
4268
4267
4265
4263
4263
4262
4261
4259
4258
4258
4254
4253
4253
4250
4246
4245
4244
4244
4242
4239
4239
4238
4237
4237
4235
4232
4231
4230
4228
4228
4227
4226
4225
4225
4225
4223
4220
4220
4218
4218
4216
4215
4214
4212
4211
4211
4208
4208
4207
4205
4202
4201
4201
4200
4200
4199
4199
4197
4197
4191
4189
4187
4186
4185
4185
4184
4184
4184
4183
4183
4183
4181
4181
4179
4178
4177
4176
4175
4174
4169
4168
4166
4165
4164
4163
4162
4162
4161
4160
4158
4156
4153
4151
4150
4145
4145
4140
4138
4138
4135
4135
4135
4135
4130
4130
4128
4126
4125
4124
4121
4121
4119
4119
4118
4117
4115
4115
4115
4114
4113
4112
4110
4110
4108
4106
4105
4103
4102
4101
4099
4099
4095
4094
4093
4092
4086
4086
4085
4084
4084
4084
4083
4083
4082
4082
4079
4079
4077
4076
4071
4070
4069
4067
4065
4063
4061
4061
4060
4059
4059
4058
4057
4056
4055
4054
4053
4052
4051
4050
4048
4046
4045
4045
4044
4041
4033
4031
4028
4026
4026
4026
4025
4024
4023
4018
4018
4017
4017
4014
4013
4009
4006
4003
4002
4002
4000
3999
3998
3998
3997
3997
3996
3994
3991
3990
3990
3989
3989
3988
3987
3984
3981
3981
3981
3980
3978
3976
3976
3976
3973
3972
3970
3969
3968
3967
3967
3963
3963
3960
3960
3956
3956
3956
3955
3953
3953
3949
3949
3949
3945
3942
3941
3941
3940
3940
3939
3938
3937
3936
3930
3925
3925
3924
3922
3922
3921
3921
3917
3917
3915
3913
3912
3909
3909
3908
3907
3906
3904
3902
3902
3902
3901
3900
3895
3894
3893
3891
3890
3889
3888
3885
3881
3881
3879
3879
3874
3872
3872
3871
3871
3870
3869
3866
3863
3861
3858
3856
3856
3854
3853
3852
3852
3849
3848
3847
3846
3845
3845
3844
3842
3838
3832
3830
3830
3830
3829
3826
3823
3823
3822
3819
3817
3815
3812
3811
3810
3809
3809
3809
3808
3805
3799
3798
3794
3792
3788
3788
3787
3787
3785
3784
3784
3783
3782
3781
3777
3777
3774
3771
3770
3767
3764
3762
3759
3756
3756
3755
3755
3754
3748
3747
3746
3745
3744
3743
3742
3737
3737
3736
3735
3734
3732
3729
3728
3727
3726
3723
3722
3721
3718
3717
3711
3711
3710
3709
3709
3707
3707
3706
3705
3705
3704
3702
3702
3701
3701
3696
3694
3690
3689
3688
3687
3686
3685
3683
3682
3682
3680
3679
3678
3678
3676
3675
3675
3674
3673
3672
3672
3672
3671
3671
3671
3670
3670
3666
3665
3661
3660
3657
3654
3654
3653
3652
3652
3652
3651
3650
3649
3647
3645
3645
3644
3644
3644
3643
3642
3635
3633
3633
3630
3629
3628
3628
3617
3617
3617
3617
3615
3615
3613
3612
3610
3610
3608
3608
3607
3607
3606
3602
3599
3597
3594
3591
3591
3590
3590
3589
3586
3586
3584
3583
3581
3579
3578
3578
3577
3577
3576
3576
3571
3571
3570
3570
3570
3569
3567
3566
3564
3562
3562
3561
3559
3559
3557
3557
3556
3556
3555
3554
3553
3548
3548
3546
3546
3542
3540
3537
3536
3535
3535
3535
3534
3532
3530
3529
3528
3525
3525
3524
3516
3512
3510
3510
3510
3503
3502
3498
3497
3496
3495
3494
3491
3490
3490
3488
3487
3484
3483
3478
3474
3472
3472
3470
3469
3468
3463
3463
3463
3461
3461
3456
3455
3453
3451
3449
3446
3445
3444
3443
3442
3442
3437
3437
3437
3436
3434
3431
3428
3428
3428
3425
3424
3423
3421
3420
3420
3419
3419
3415
3415
3411
3408
3407
3406
3405
3405
3404
3396
3395
3395
3393
3392
3390
3389
3387
3387
3384
3383
3381
3380
3379
3377
3377
3376
3374
3373
3366
3365
3364
3362
3362
3361
3361
3359
3357
3355
3353
3352
3352
3352
3351
3349
3345
3342
3340
3333
3329
3329
3326
3323
3321
3318
3315
3314
3312
3310
3308
3307
3306
3306
3305
3303
3285
3283
3280
3280
3280
3279
3279
3277
3277
3276
3269
3266
3265
3264
3263
3262
3262
3260
3257
3257
3257
3252
3252
3251
3250
3250
3248
3247
3245
3243
3242
3242
3241
3239
3235
3233
3228
3227
3226
3225
3224
3223
3222
3222
3219
3218
3213
3212
3211
3211
3207
3206
3205
3205
3205
3204
3204
3204
3201
3198
3188
3188
3186
3186
3184
3181
3177
3176
3174
3170
3169
3168
3163
3162
3158
3157
3156
3156
3151
3148
3146
3143
3141
3139
3138
3135
3135
3134
3134
3134
3125
3122
3120
3117
3108
3107
3107
3107
3107
3105
3103
3102
3102
3102
3100
3097
3097
3096
3094
3094
3091
3088
3087
3084
3079
3079
3077
3076
3073
3072
3071
3068
3067
3067
3067
3063
3061
3059
3051
3051
3050
3050
3048
3045
3041
3041
3038
3037
3033
3033
3030
3030
3027
3025
3024
3021
3021
3019
3018
3018
3012
3006
3003
3001
3001
2999
2994
2993
2992
2991
2989
2987
2984
2984
2981
2981
2972
2969
2967
2963
2961
2959
2959
2958
2956
2951
2949
2948
2948
2943
2940
2940
2936
2935
2935
2933
2927
2924
2923
2923
2916
2913
2911
2909
2906
2905
2903
2903
2898
2895
2891
2891
2888
2884
2883
2882
2879
2874
2873
2871
2866
2865
2861
2861
2860
2854
2853
2853
2852
2851
2844
2843
2843
2841
2841
2838
2834
2828
2827
2825
2825
2824
2823
2820
2819
2819
2817
2815
2810
2808
2808
2807
2801
2800
2800
2798
2793
2793
2789
2784
2783
2777
2773
2771
2768
2767
2767
2767
2765
2761
2760
2759
2757
2757
2750
2748
2743
2737
2737
2736
2729
2727
2722
2721
2716
2715
2712
2712
2711
2709
2708
2708
2707
2704
2703
2702
2702
2693
2690
2686
2686
2685
2685
2684
2679
2676
2676
2673
2669
2668
2668
2665
2661
2661
2659
2654
2652
2651
2649
2647
2647
2645
2642
2641
2639
2638
2637
2637
2635
2635
2628
2628
2626
2625
2622
2620
2616
2616
2614
2610
2607
2602
2600
2598
2597
2595
2595
2593
2592
2591
2588
2587
2585
2579
2576
2573
2573
2568
2568
2563
2563
2559
2551
2550
2549
2543
2543
2541
2538
2536
2535
2533
2530
2529
2529
2527
2526
2521
2520
2519
2517
2516
2514
2513
2513
2511
2510
2503
2503
2500
2499
2498
2494
2492
2491
2489
2485
2481
2479
2473
2473
2471
2471
2471
2467
2463
2458
2457
2453
2452
2452
2450
2450
2449
2448
2446
2444
2444
2441
2440
2434
2428
2426
2426
2426
2424
2423
2422
2421
2417
2417
2412
2410
2410
2410
2409
2407
2406
2404
2403
2403
2394
2392
2391
2389
2387
2384
2381
2376
2376
2374
2370
2370
2367
2366
2365
2364
2363
2362
2361
2361
2359
2359
2357
2357
2353
2345
2345
2339
2337
2335
2335
2334
2334
2329
2329
2327
2320
2319
2317
2314
2314
2313
2309
2307
2303
2302
2301
2300
2298
2297
2296
2291
2291
2291
2290
2289
2288
2282
2277
2276
2275
2272
2271
2268
2268
2263
2259
2258
2257
2254
2254
2248
2248
2247
2244
2242
2239
2238
2238
2235
2233
2231
2228
2224
2224
2223
2223
2222
2221
2220
2220
2219
2219
2218
2218
2215
2215
2213
2212
2212
2210
2206
2202
2202
2201
2200
2197
2196
2196
2187
2186
2184
2184
2178
2174
2172
2169
2167
2165
2164
2164
2163
2160
2158
2156
2156
2153
2148
2146
2143
2142
2141
2140
2139
2138
2137
2136
2135
2129
2129
2128
2126
2125
2123
2117
2115
2112
2111
2106
2103
2098
2096
2095
2095
2093
2089
2083
2083
2079
2078
2076
2076
2073
2070
2065
2063
2060
2057
2056
2051
2049
2044
2040
2037
2034
2028
2021
2016
2014
2013
2011
2010
2005
2000
1998
1996
1992
1989
1989
1989
1987
1987
1986
1982
1981
1979
1979
1978
1976
1975
1973
1972
1971
1970
1969
1962
1960
1959
1957
1957
1956
1954
1954
1953
1952
1952
1950
1950
1949
1948
1942
1939
1935
1935
1933
1931
1931
1929
1927
1925
1925
1922
1919
1918
1916
1914
1912
1910
1909
1908
1906
1904
1903
1901
1900
1897
1896
1893
1891
1890
1890
1888
1886
1882
1882
1880
1878
1873
1867
1865
1864
1863
1860
1858
1855
1853
1852
1851
1849
1849
1845
1843
1840
1839
1838
1838
1838
1835
1834
1831
1828
1827
1826
1825
1824
1824
1822
1822
1817
1806
1805
1802
1801
1800
1799
1796
1793
1793
1792
1788
1788
1786
1786
1785
1783
1782
1781
1779
1778
1777
1777
1776
1773
1772
1772
1772
1772
1768
1767
1765
1765
1763
1762
1761
1760
1760
1760
1757
1754
1750
1750
1749
1748
1745
1742
1740
1740
1739
1738
1736
1735
1735
1734
1734
1731
1731
1726
1726
1725
1723
1719
1717
1716
1714
1703
1699
1696
1696
1691
1689
1685
1685
1683
1683
1681
1681
1681
1680
1677
1677
1677
1676
1676
1676
1674
1673
1671
1670
1670
1667
1666
1665
1658
1655
1655
1650
1648
1645
1644
1639
1638
1637
1636
1636
1634
1633
1630
1627
1627
1625
1622
1622
1618
1618
1616
1615
1614
1613
1613
1612
1612
1612
1611
1611
1610
1609
1609
1608
1606
1604
1604
1602
1601
1600
1600
1600
1600
1599
1598
1597
1596
1595
1594
1593
1590
1585
1585
1581
1580
1577
1575
1574
1573
1572
1571
1569
1566
1564
1563
1562
1561
1561
1560
1555
1554
1554
1551
1550
1550
1545
1545
1545
1543
1541
1541
1538
1533
1532
1531
1530
1526
1525
1524
1522
1517
1513
1512
1512
1511
1509
1508
1504
1503
1500
1497
1496
1495
1495
1493
1491
1490
1488
1487
1487
1485
1478
1478
1478
1477
1477
1476
1474
1470
1470
1468
1467
1465
1464
1464
1464
1462
1459
1456
1456
1455
1454
1453
1453
1453
1450
1450
1449
1449
1448
1446
1446
1445
1444
1444
1442
1442
1442
1439
1439
1439
1437
1437
1437
1436
1434
1434
1433
1430
1430
1430
1428
1428
1428
1428
1428
1427
1427
1425
1424
1422
1419
1418
1418
1418
1417
1417
1416
1416
1415
1415
1414
1414
1413
1411
1410
1410
1410
1409
1408
1407
1406
1404
1403
1403
1403
1400
1399
1399
1399
1398
1397
1396
1394
1392
1390
1389
1388
1386
1384
1382
1381
1379
1379
1378
1378
1376
1374
1374
1373
1371
1371
1370
1370
1369
1368
1368
1367
1365
1364
1362
1361
1359
1359
1359
1359
1358
1355
1355
1351
1351
1350
1349
1349
1348
1347
1345
1345
1344
1344
1344
1342
1341
1340
1337
1337
1336
1335
1333
1331
1331
1331
1330
1329
1325
1321
1321
1321
1320
1319
1318
1318
1318
1318
1318
1317
1316
1315
1315
1315
1312
1312
1311
1307
1307
1306
1305
1304
1303
1302
1302
1301
1300
1299
1299
1297
1295
1295
1295
1295
1293
1293
1290
1289
1288
1288
1286
1285
1283
1283
1279
1279
1279
1278
1276
1276
1275
1275
1275
1275
1274
1274
1273
1273
1272
1272
1270
1270
1269
1266
1266
1262
1260
1260
1260
1259
1255
1255
1254
1254
1253
1252
1252
1252
1251
1249
1249
1247
1247
1246
1244
1243
1243
1242
1240
1240
1240
1239
1239
1239
1238
1238
1238
1237
1237
1236
1235
1234
1233
1233
1233
1233
1233
1232
1232
1231
1229
1229
1229
1228
1228
1227
1227
1227
1224
1223
1222
1222
1221
1220
1218
1218
1217
1217
1217
1217
1216
1216
1216
1215
1215
1214
1212
1211
1210
1210
1209
1207
1207
1207
1206
1206
1206
1206
1205
1204
1204
1204
1202
1201
1201
1201
1199
1198
1198
1198
1195
1192
1191
1191
1190
1190
1190
1189
1186
1185
1185
1185
1185
1183
1182
1181
1179
1177
1177
1177
1176
1175
1175
1174
1173
1173
1173
1172
1172
1170
1169
1169
1168
1168
1166
1166
1163
1163
1163
1162
1162
1162
1160
1158
1157
1156
1155
1155
1155
1154
1153
1153
1153
1152
1152
1151
1150
1150
1149
1147
1147
1146
1146
1145
1145
1144
1144
1143
1143
1142
1142
1141
1140
1137
1137
1136
1135
1134
1133
1133
1132
1132
1132
1129
1129
1129
1129
1129
1126
1126
1126
1126
1125
1125
1124
1124
1124
1122
1120
1120
1119
1119
1119
1118
1118
1118
1117
1115
1115
1115
1114
1114
1114
1112
1112
1111
1111
1111
1111
1109
1109
1109
1108
1107
1106
1106
1106
1106
1106
1106
1105
1105
1104
1104
1103
1102
1100
1100
1099
1099
1099
1098
1096
1095
1094
1094
1093
1093
1092
1091
1089
1088
1087
1086
1085
1084
1084
1083
1083
1083
1081
1081
1081
1080
1079
1079
1079
1077
1076
1075
1075
1074
1074
1074
1073
1073
1072
1072
1070
1069
1069
1068
1067
1067
1066
1065
1064
1064
1064
1064
1063
1062
1061
1061
1060
1059
1059
1058
1057
1057
1057
1057
1055
1055
1054
1054
1054
1054
1053
1053
1052
1052
1052
1051
1051
1051
1051
1051
1050
1050
1049
1049
1049
1049
1048
1047
1047
1045
1045
1044
1044
1043
1043
1043
1042
1042
1041
1041
1040
1040
1039
1039
1039
1038
1037
1037
1037
1036
1035
1034
1033
1032
1032
1032
1031
1031
1030
1030
1030
1029
1028
1028
1027
1026
1026
1026
1026
1024
1021
1021
1021
1021
1019
1018
1018
1018
1018
1016
1016
1016
1015
1015
1014
1014
1013
1013
1013
1012
1012
1011
1011
1011
1010
1010
1010
1010
1009
1009
1009
1008
1008
1008
1007
1006
1006
1005
1003
1003
1003
1003
1001
1001
1000
1000
1000
1000
999
998
998
997
997
996
996
995
995
995
995
995
994
993
992
992
992
991
991
990
989
989
988
988
987
987
987
987
986
986
985
984
984
984
984
984
983
983
983
982
981
981
981
980
979
979
978
977
977
977
976
975
975
974
974
974
974
974
973
973
973
973
972
972
972
970
970
970
969
969
969
968
967
967
967
967
966
965
965
965
964
964
963
960
960
960
960
959
958
957
957
957
956
955
955
953
952
952
951
950
950
949
949
949
948
948
948
948
946
946
946
946
945
945
945
943
943
942
942
942
940
940
940
939
939
938
937
937
936
936
935
935
934
933
933
932
932
930
930
930
930
930
930
929
929
928
928
927
927
926
926
926
925
924
924
924
923
922
922
922
921
921
921
921
921
920
917
917
917
917
916
916
916
916
915
914
913
912
912
912
911
910
910
909
909
908
908
906
906
905
905
905
905
903
903
903
903
902
902
901
900
900
899
899
899
898
897
896
895
895
895
895
893
893
893
893
892
891
891
891
890
889
888
888
887
887
887
887
886
886
886
885
884
884
883
882
882
882
881
881
881
881
879
879
879
878
877
877
876
875
875
875
874
874
874
874
872
872
870
870
870
870
870
870
867
867
866
866
866
865
865
865
865
865
865
864
864
862
862
862
862
861
861
861
860
860
860
859
858
858
858
858
857
857
856
856
856
856
856
856
855
855
854
854
854
853
853
852
852
851
851
851
850
850
850
850
849
849
848
848
847
847
847
847
846
846
846
845
845
845
844
844
844
844
844
843
843
843
842
842
842
842
842
842
840
840
840
840
839
839
839
839
839
838
838
838
837
837
837
836
836
834
834
834
833
833
833
832
832
832
832
831
830
830
830
830
830
829
829
828
828
828
827
827
827
826
826
826
825
824
824
824
823
823
823
823
822
822
821
821
821
820
819
819
818
818
818
818
818
817
817
816
816
815
815
814
814
813
813
812
811
811
811
811
811
811
810
810
810
810
809
809
809
809
809
808
808
808
808
807
807
807
807
806
806
806
805
805
805
804
804
803
802
802
802
802
802
802
802
801
801
801
801
801
800
800
800
800
800
800
800
799
799
799
798
798
797
797
797
797
797
796
796
795
795
795
795
795
795
793
793
793
793
792
792
791
791
791
791
791
791
791
791
790
790
790
790
790
789
788
788
788
788
788
788
787
786
786
786
785
785
784
784
783
783
783
783
782
782
782
782
781
781
781
781
781
780
780
780
780
779
779
779
779
778
778
778
778
778
778
778
778
777
777
776
776
776
776
776
775
775
775
775
774
774
774
773
773
773
773
773
773
772
772
771
771
771
771
770
769
769
769
769
769
768
767
767
767
767
766
766
765
765
765
764
764
763
762
762
762
762
762
762
761
761
760
759
759
759
759
758
758
757
757
757
757
757
756
756
756
756
756
756
756
754
754
753
753
753
753
753
752
752
752
751
751
751
751
751
751
751
751
750
750
750
750
750
750
749
749
749
749
749
748
748
748
747
747
747
746
746
746
745
745
745
745
745
745
745
745
744
744
744
743
743
743
743
742
742
742
742
742
742
741
741
741
741
741
741
740
740
740
740
740
739
739
739
739
739
739
738
738
738
738
738
738
737
737
737
736
736
736
736
736
736
734
734
734
734
734
733
733
733
733
733
732
732
732
732
732
732
731
731
731
731
730
730
730
730
730
730
729
729
729
729
728
728
728
728
727
727
726
726
726
726
726
726
725
725
725
724
724
724
724
724
724
724
724
724
723
723
723
723
722
721
721
721
720
720
720
720
720
719
719
719
719
719
719
719
719
719
719
719
718
718
718
718
718
718
718
717
717
717
716
716
716
715
715
714
714
714
714
714
714
713
713
713
713
713
712
712
712
712
712
711
711
710
710
710
710
710
709
708
708
708
707
707
707
707
706
706
706
705
705
705
705
705
704
704
704
704
704
704
703
703
703
703
703
702
702
702
702
702
701
701
701
701
701
701
701
701
701
700
700
699
699
699
698
698
698
698
698
698
698
698
698
697
697
697
697
697
696
696
696
696
696
695
695
695
695
694
694
694
693
693
693
693
693
693
692
692
692
692
692
692
692
692
692
692
692
692
691
691
691
691
691
691
691
690
690
690
690
690
690
690
690
689
689
689
689
689
688
688
688
688
688
688
687
687
687
687
687
686
686
686
685
685
685
685
684
684
684
684
683
683
682
682
682
682
682
681
681
681
681
681
681
681
681
681
680
680
680
680
679
679
679
679
678
678
678
678
678
678
678
678
678
677
677
677
676
676
676
676
675
675
674
674
674
674
674
674
674
674
673
673
673
673
673
672
672
672
672
672
672
672
671
671
671
671
671
671
671
671
671
671
671
671
670
670
670
670
669
669
669
669
669
669
668
668
668
668
667
667
667
667
667
666
666
665
665
665
665
665
664
664
664
664
664
664
664
664
663
663
663
663
663
663
662
662
662
662
662
661
661
661
661
661
661
661
660
660
659
659
659
659
659
658
658
658
658
657
657
657
657
657
657
657
657
657
657
656
656
656
656
655
655
655
655
655
655
655
655
655
654
654
654
654
654
654
654
653
653
653
653
653
653
653
652
652
652
652
652
652
652
652
652
651
651
651
651
651
651
651
651
651
650
650
650
650
650
650
650
649
649
649
649
649
649
648
648
648
648
648
648
647
647
647
647
646
646
646
646
646
646
645
645
645
644
644
644
644
643
643
643
643
642
642
642
642
641
641
641
641
641
641
641
641
640
640
640
640
640
639
639
639
639
638
638
638
638
637
637
637
636
636
636
636
636
636
636
636
635
635
635
635
635
635
635
634
634
634
634
634
634
633
633
633
632
632
632
632
632
632
632
631
631
631
630
630
630
629
629
628
628
628
628
628
628
628
628
628
628
628
628
627
627
627
627
627
627
626
626
626
626
626
626
626
626
626
626
626
625
625
625
625
625
625
625
624
624
624
624
623
623
623
623
623
623
623
623
622
622
622
622
622
622
621
621
621
621
621
621
621
621
621
621
621
621
621
621
621
620
620
620
620
620
620
620
619
619
619
619
619
619
618
618
618
618
617
617
617
617
616
616
616
616
616
616
616
615
615
615
615
614
614
614
614
613
613
613
613
613
613
613
613
613
613
612
612
612
612
612
612
611
611
611
611
611
611
610
610
610
610
610
610
610
609
609
609
609
609
609
608
608
608
608
608
608
607
607
607
607
607
607
607
607
607
607
607
606
606
606
606
605
605
605
605
605
605
605
605
605
604
604
604
604
604
603
603
603
603
603
603
603
602
602
602
602
602
602
602
602
601
601
601
600
600
600
600
600
600
600
599
599
599
599
599
598
598
598
598
598
598
598
597
597
597
597
597
596
596
596
596
596
596
596
595
595
595
595
594
594
594
594
594
594
593
593
593
593
593
593
592
592
592
592
592
592
592
592
592
592
592
591
591
591
591
591
591
591
591
590
590
590
590
590
590
590
590
589
589
588
588
588
588
588
588
588
588
587
587
587
587
587
587
587
586
586
586
586
586
586
586
586
586
585
585
585
585
585
585
585
585
585
585
584
584
584
584
584
583
583
583
583
583
583
583
583
582
582
582
582
582
582
582
582
582
581
581
581
581
581
581
581
580
580
580
580
580
580
580
579
579
579
579
579
579
579
578
578
578
578
578
578
578
578
578
577
577
577
577
577
577
577
577
577
576
576
576
576
576
575
575
575
575
574
574
574
574
574
574
574
574
574
574
574
573
573
573
573
573
573
573
573
573
573
573
572
572
572
572
571
571
571
571
571
571
571
571
570
570
570
570
570
570
570
570
570
570
570
569
569
569
569
569
569
569
569
569
569
568
568
568
568
568
567
567
567
567
567
567
567
567
566
566
566
566
566
566
566
566
566
565
565
565
565
565
565
565
565
564
564
564
564
564
564
563
563
563
563
563
563
563
563
563
563
562
562
562
562
562
562
562
561
561
561
561
561
560
560
560
559
559
559
559
559
559
559
559
559
558
558
558
558
558
558
557
557
557
557
557
557
557
557
557
556
556
556
556
556
556
556
556
556
556
556
556
556
556
555
555
555
555
555
555
555
555
554
554
554
554
554
554
553
553
553
553
553
553
553
553
553
553
553
553
553
552
552
552
552
552
552
552
552
551
551
551
551
551
551
551
551
550
550
550
550
550
550
550
549
549
549
549
549
549
549
549
549
549
549
548
548
548
548
548
548
548
548
548
548
547
547
547
547
547
547
547
547
546
546
546
546
546
546
546
546
546
546
546
545
545
545
545
545
545
545
545
545
545
544
544
544
544
544
544
544
544
544
543
543
543
543
543
543
543
543
543
542
542
542
542
542
542
541
541
541
541
541
541
541
541
541
541
540
540
540
540
540
540
540
540
540
539
539
539
539
539
539
539
539
539
539
539
539
539
539
539
538
538
538
538
538
538
538
538
538
538
538
538
538
538
537
537
537
537
537
537
537
537
536
536
536
536
536
536
536
536
536
535
535
535
535
535
535
535
534
534
534
534
534
534
534
534
534
534
534
533
533
533
533
533
533
533
533
533
533
533
533
533
532
532
532
532
532
532
532
532
532
532
532
532
532
532
532
531
531
531
531
531
530
530
530
530
530
530
530
530
530
530
530
530
530
530
530
529
529
529
529
529
529
528
528
528
528
528
528
528
528
528
528
528
528
528
528
528
527
527
527
527
527
527
527
527
526
526
526
526
526
526
526
526
525
525
525
525
525
525
525
525
525
525
525
525
524
524
524
524
524
524
524
524
524
524
524
524
524
524
524
524
523
523
523
523
522
522
522
522
522
522
522
522
522
522
522
522
522
522
522
522
521
521
521
521
521
521
521
521
520
520
520
520
520
520
520
520
520
520
519
519
519
519
519
519
519
518
518
518
518
518
518
518
518
518
518
517
517
517
517
517
517
517
517
517
516
516
516
516
516
516
516
516
516
515
515
515
515
515
515
515
514
514
514
514
514
514
514
514
514
514
513
513
513
513
513
513
513
513
513
513
513
513
513
512
512
512
512
512
512
512
512
512
511
511
511
511
511
511
511
511
511
511
511
511
511
511
510
510
510
510
510
510
510
510
510
510
510
509
509
509
509
509
509
509
509
509
509
509
509
509
509
509
509
509
508
508
508
508
508
507
507
507
507
507
507
507
506
506
506
506
506
506
506
506
506
506
506
506
506
505
505
505
505
504
504
504
504
504
504
504
504
504
504
504
503
503
503
503
503
503
503
503
503
502
502
502
502
502
502
502
502
502
501
501
501
501
501
501
501
501
501
501
501
501
501
500
500
500
500
500
500
500
500
499
499
499
499
499
499
499
499
498
498
498
498
498
498
498
498
498
498
498
498
497
497
497
497
497
497
497
497
497
496
496
496
496
496
496
496
496
496
496
496
496
496
496
496
496
495
495
495
495
495
495
495
495
495
495
495
494
494
494
494
494
494
494
494
494
493
493
493
493
493
492
492
492
492
492
492
492
492
492
491
491
491
491
491
491
491
491
491
491
491
490
490
490
490
490
490
490
490
490
490
490
490
490
490
490
489
489
489
489
489
489
489
489
489
488
488
488
488
488
488
488
488
488
487
487
487
487
487
487
487
487
487
486
486
486
486
486
486
486
485
485
485
485
485
485
485
485
485
485
485
485
485
484
484
484
484
484
484
484
484
484
484
483
483
483
483
483
483
483
483
483
483
483
483
483
483
483
483
482
482
482
482
482
482
482
482
482
482
482
482
481
481
481
481
481
481
481
481
481
480
480
480
480
480
480
480
480
480
480
480
479
479
479
479
479
479
478
478
478
478
478
478
478
478
478
478
478
478
478
477
477
477
477
477
477
477
477
477
477
477
477
476
476
476
476
476
476
476
476
476
476
476
476
475
475
475
475
475
475
475
475
475
475
475
474
474
474
474
474
474
474
474
474
473
473
473
473
473
473
473
473
473
473
473
473
473
473
473
473
473
473
473
472
472
472
472
472
472
471
471
471
471
471
471
471
471
471
471
471
471
471
471
470
470
470
470
470
470
470
470
470
470
470
470
470
470
470
470
470
469
469
469
469
469
469
469
469
469
469
468
468
468
468
468
468
468
468
468
468
467
467
467
467
467
467
467
467
467
467
467
467
467
467
466
466
466
466
466
466
466
466
466
466
466
465
465
465
465
465
465
465
465
465
465
465
465
464
464
464
464
464
464
464
464
464
464
464
464
464
464
464
464
464
464
464
463
463
463
463
463
463
463
463
463
463
462
462
462
462
462
462
462
462
462
462
462
462
462
462
462
462
462
462
462
462
461
461
461
461
461
461
461
461
460
460
460
460
460
460
460
460
460
460
460
460
460
460
460
460
460
459
459
459
459
459
459
459
459
459
459
459
459
459
459
459
458
458
458
458
458
458
458
458
458
458
458
458
457
457
457
457
457
457
457
457
457
457
457
457
457
456
456
456
456
456
456
456
456
456
456
456
456
456
456
456
456
456
455
455
455
455
455
455
455
455
455
455
455
455
455
454
454
454
454
454
454
454
454
454
453
453
453
453
453
453
453
453
453
453
453
453
452
452
452
452
452
452
452
452
452
452
452
452
451
451
451
451
451
451
451
451
451
451
451
451
451
451
450
450
450
450
450
450
450
450
450
450
450
450
450
450
450
450
450
450
450
449
449
449
449
449
449
449
449
449
449
449
448
448
448
448
448
448
448
448
448
448
448
448
448
447
447
447
447
447
447
447
447
447
447
447
447
447
447
447
446
446
446
446
446
446
446
446
446
446
446
446
446
446
446
446
446
445
445
445
445
445
445
444
444
444
444
444
444
444
444
444
443
443
443
443
443
443
443
443
443
443
443
443
443
443
443
443
443
442
442
442
442
442
442
442
442
442
442
442
442
442
442
442
442
441
441
441
441
441
441
441
441
441
441
441
441
441
441
441
441
440
440
440
440
440
440
440
440
440
440
440
440
440
440
440
439
439
439
439
439
439
439
439
439
439
439
438
438
438
438
438
438
438
438
438
438
438
437
437
437
437
437
437
437
437
437
437
437
437
437
437
437
437
437
437
437
437
437
436
436
436
436
436
436
436
436
436
436
436
436
435
435
435
435
435
435
435
435
435
435
434
434
434
434
434
434
434
434
434
434
434
434
434
433
433
433
433
433
433
433
433
433
433
433
433
433
433
433
433
433
432
432
432
432
432
432
432
432
432
432
432
432
431
431
431
431
431
431
431
431
431
431
431
431
430
430
430
430
430
430
430
430
430
430
430
430
430
430
429
429
429
429
429
429
429
429
429
429
429
429
429
429
429
429
429
429
429
429
429
429
429
429
429
429
428
428
428
428
428
428
428
428
428
428
428
428
428
428
428
427
427
427
427
427
427
427
427
427
427
427
427
427
427
427
427
426
426
426
426
426
426
426
426
426
426
426
426
425
425
425
425
425
425
425
425
425
425
425
425
425
425
425
425
425
425
424
424
424
424
424
424
424
424
424
423
423
423
423
423
423
423
423
423
423
423
423
422
422
422
422
422
422
422
422
422
422
422
422
421
421
421
421
421
421
421
421
421
421
421
421
421
421
421
421
420
420
420
420
420
420
420
420
420
420
420
420
420
420
420
420
420
420
420
420
420
420
420
419
419
419
419
419
419
419
419
419
418
418
418
418
418
418
418
418
418
418
418
418
418
417
417
417
417
417
417
417
417
417
417
417
417
417
416
416
416
416
416
416
416
416
416
416
416
416
416
416
416
416
415
415
415
415
415
415
415
415
415
415
415
415
415
415
415
415
414
414
414
414
414
414
414
414
414
414
414
414
414
414
414
414
414
413
413
413
413
413
413
413
413
413
413
413
413
413
413
413
413
413
413
412
412
412
412
412
412
412
412
412
412
412
412
412
412
412
412
411
411
411
411
411
411
411
411
411
411
411
411
411
411
411
410
410
410
410
410
410
410
410
410
410
410
410
410
410
409
409
409
409
409
409
409
409
409
409
409
409
409
409
409
409
409
409
408
408
408
408
408
408
408
408
408
408
408
408
408
408
408
408
408
408
407
407
407
407
407
407
407
407
407
407
407
407
407
407
406
406
406
406
406
406
406
406
406
406
406
406
406
406
405
405
405
405
405
405
405
405
405
405
405
405
405
405
405
405
405
405
405
405
405
405
405
405
405
405
404
404
404
404
404
404
404
404
404
404
404
404
404
404
404
404
404
404
404
404
404
404
403
403
403
403
403
403
403
403
403
403
403
403
403
403
403
403
403
402
402
402
402
402
402
402
402
402
402
402
402
402
402
402
401
401
401
401
401
401
401
401
401
401
401
401
401
401
401
400
400
400
400
400
400
400
400
400
400
400
400
400
400
400
400
399
399
399
399
399
399
399
399
399
399
399
399
399
399
398
398
398
398
398
398
398
398
398
398
398
398
398
398
398
398
397
397
397
397
397
397
397
397
397
397
397
397
397
397
397
397
397
396
396
396
396
396
396
396
396
396
396
395
395
395
395
395
395
395
395
395
395
395
395
395
395
395
394
394
394
394
394
394
394
394
394
394
394
394
394
394
394
394
394
394
393
393
393
393
393
393
393
393
393
393
393
393
393
392
392
392
392
392
392
392
392
392
392
392
392
392
392
392
392
392
392
392
392
392
392
392
391
391
391
391
391
391
391
391
391
391
391
391
391
391
391
391
391
391
391
391
391
391
391
390
390
390
390
390
390
390
390
390
390
390
390
390
390
389
389
389
389
389
389
389
389
389
389
389
389
389
389
389
389
389
389
389
389
388
388
388
388
388
388
388
388
388
388
388
388
388
388
388
388
388
387
387
387
387
387
387
387
387
387
387
387
387
387
387
387
386
386
386
386
386
386
386
386
386
386
386
386
386
386
386
386
386
386
385
385
385
385
385
385
385
385
385
385
385
385
385
385
385
385
384
384
384
384
384
384
384
384
384
384
384
383
383
383
383
383
383
383
383
383
383
383
383
383
383
382
382
382
382
382
382
382
382
382
382
381
381
381
381
381
381
381
380
380
380
380
380
380
380
380
380
380
380
380
380
380
380
380
380
379
379
379
379
379
379
379
379
379
378
378
378
378
378
378
378
378
378
378
378
378
377
377
377
377
377
377
377
377
377
376
376
376
376
376
376
376
375
375
375
375
375
374
374
374
374
374
374
374
374
374
374
374
373
373
373
373
373
373
373
373
373
373
372
372
372
372
372
372
372
372
371
371
371
371
371
371
371
371
371
371
371
371
370
370
370
370
370
370
370
370
370
370
369
369
369
369
369
369
369
368
368
368
368
368
368
368
367
367
367
367
367
367
367
366
366
366
366
366
366
366
366
366
365
365
365
365
365
365
365
365
364
364
364
364
363
363
363
363
362
362
362
362
362
362
361
361
361
361
361
361
361
361
360
360
360
360
360
360
359
359
359
358
358
357
357
357
357
357
357
356
356
356
356
355
355
355
355
355
355
355
355
355
355
354
354
354
354
354
353
353
353
353
353
353
353
353
353
353
352
352
352
352
351
351
351
351
351
350
350
350
350
350
350
349
349
349
349
349
349
349
348
348
348
348
348
347
347
347
347
347
347
347
346
346
346
345
345
345
344
344
343
343
343
343
343
342
342
342
342
342
342
342
341
341
341
341
341
340
340
340
340
340
339
339
339
339
339
338
338
338
338
336
336
335
335
335
335
335
335
334
334
333
333
333
333
333
333
332
332
332
332
331
331
330
330
330
330
329
329
327
327
327
326
326
326
326
326
326
325
325
324
324
323
323
323
323
321
320
320
320
319
319
317
317
317
316
316
315
315
315
315
312
312
312
311
310
310
310
308
308
308
308
308
307
305
304
302
302
300
298
298
297
295
294
294
293
293
293
292
292
292
290
290
290
290
288
286
286
283
279
275
267
253
232
224
223
219
208
206
199
175
130
128
128
