9540
7152
7052
7049
7044
6994
6975
6971
6963
6960
6881
6876
6850
6834
6761
6737
6734
6705
6705
6669
6657
6652
6646
6639
6607
6591
6587
6575
6558
6558
6513
6513
6502
6499
6490
6485
6462
6458
6440
6427
6426
6424
6415
6410
6406
6405
6400
6360
6343
6339
6332
6320
6318
6317
6312
6309
6300
6287
6279
6265
6250
6250
6247
6246
6228
6207
6200
6178
6175
6173
6163
6162
6148
6146
6134
6134
6129
6122
6117
6117
6108
6105
6102
6100
6088
6085
6084
6083
6067
6055
6052
6036
6033
6031
6029
6028
6021
6016
6009
6001
5993
5992
5989
5967
5960
5951
5946
5941
5941
5933
5932
5926
5912
5910
5909
5908
5901
5896
5893
5887
5884
5884
5879
5870
5868
5865
5863
5863
5860
5857
5851
5839
5838
5833
5822
5820
5819
5813
5808
5805
5802
5796
5795
5789
5789
5784
5782
5774
5773
5773
5769
5767
5760
5760
5755
5752
5747
5744
5743
5736
5729
5727
5727
5716
5710
5710
5708
5707
5699
5690
5681
5680
5679
5670
5664
5651
5633
5628
5626
5626
5625
5625
5623
5615
5614
5611
5606
5605
5596
5589
5584
5571
5559
5555
5555
5545
5529
5522
5509
5501
5500
5491
5491
5480
5477
5469
5465
5464
5462
5449
5449
5449
5427
5425
5422
5417
5415
5414
5414
5410
5410
5406
5391
5388
5388
5388
5386
5382
5375
5373
5372
5370
5369
5367
5367
5362
5357
5352
5351
5350
5337
5334
5327
5310
5304
5300
5299
5287
5283
5276
5276
5272
5266
5263
5260
5258
5256
5255
5252
5247
5244
5243
5238
5235
5231
5230
5226
5222
5218
5210
5202
5173
5166
5160
5157
5154
5144
5141
5133
5129
5127
5121
5119
5116
5114
5114
5102
5096
5088
5067
5066
5065
5061
5060
5059
5049
5048
5045
5044
5041
5038
5035
5027
5018
5017
5015
5009
5009
5008
5006
5004
4990
4990
4969
4968
4953
4949
4945
4944
4943
4922
4922
4922
4922
4921
4884
4874
4872
4852
4848
4841
4836
4834
4833
4831
4820
4819
4807
4801
4801
4800
4780
4778
4766
4765
4748
4747
4733
4705
4693
4683
4677
4663
4631
4623
4621
4613
4597
4595
4588
4577
4577
4576
4542
4529
4520
4515
4496
4482
4463
4453
4445
4430
4413
4410
4399
4399
4399
4397
4387
4372
4357
4356
4353
4326
4306
4305
4295
4287
4279
4271
4260
4215
4194
4158
4141
4140
4130
4105
4063
4051
4041
4040
4035
4021
4017
3981
3971
3969
3969
3942
3941
3936
3936
3933
3918
3911
3909
3905
3901
3895
3876
3858
3841
3837
3813
3812
3787
3787
3783
3760
3733
3731
3701
3689
3682
3673
3666
3661
3651
3645
3642
3625
3575
3575
3569
3543
3530
3528
3509
3481
3465
3462
3462
3462
3462
3462
3462
3460
3453
3421
3397
3387
3363
3357
3355
3352
3342
3340
3327
3289
3283
3280
3280
3275
3264
3254
3247
3236
3216
3213
3212
3188
3183
3152
3150
3149
3146
3146
3143
3139
3137
3125
3113
3106
3040
3009
2958
2958
2933
2929
2918
2907
2901
2900
2899
2882
2871
2857
2852
2845
2837
2834
2821
2791
2781
2771
2740
2736
2733
2708
2702
2685
2685
2669
2648
2640
2631
2629
2626
2620
2614
2610
2585
2565
2559
2552
2546
2541
2538
2527
2517
2495
2477
2465
2460
2451
2449
2444
2391
2383
2379
2379
2367
2367
2358
2355
2344
2331
2313
2302
2299
2293
2280
2266
2262
2261
2258
2251
2248
2242
2230
2224
2215
2210
2198
2193
2167
2153
2144
2142
2142
2130
2126
2118
2102
2099
2097
2091
2087
2084
2083
2078
2078
2071
2061
2057
2055
2035
2032
2020
2019
2007
2006
2004
1967
1959
1958
1949
1936
1927
1915
1900
1900
1892
1885
1884
1884
1873
1865
1863
1862
1861
1859
1850
1842
1841
1833
1825
1825
1815
1813
1798
1786
1762
1757
1745
1736
1731
1730
1719
1719
1716
1700
1696
1694
1693
1693
1679
1673
1673
1655
1653
1642
1638
1635
1626
1624
1622
1619
1619
1610
1608
1605
1603
1581
1572
1571
1568
1561
1561
1559
1558
1552
1545
1544
1540
1538
1536
1532
1524
1516
1515
1507
1506
1492
1488
1482
1477
1475
1466
1466
1453
1446
1443
1429
1427
1418
1407
1404
1403
1403
1401
1400
1391
1389
1389
1375
1373
1366
1364
1359
1347
1344
1342
1339
1337
1333
1320
1319
1315
1314
1312
1310
1310
1299
1299
1299
1298
1289
1289
1273
1260
1257
1256
1256
1256
1255
1252
1248
1248
1232
1221
1218
1213
1211
1209
1208
1200
1199
1198
1198
1198
1195
1194
1192
1189
1188
1186
1183
1170
1169
1167
1161
1154
1151
1150
1147
1144
1143
1141
1137
1137
1132
1130
1129
1123
1122
1120
1117
1116
1113
1109
1109
1109
1104
1102
1102
1101
1098
1098
1096
1094
1090
1089
1087
1085
1080
1079
1073
1066
1065
1064
1061
1059
1058
1051
1049
1049
1047
1046
1037
1032
1029
1027
1027
1024
1020
1019
1019
1015
1014
1011
1008
1004
1003
1002
1002
1001
1001
1000
999
999
998
998
995
994
992
992
989
989
986
985
982
981
981
980
975
971
970
969
969
969
969
968
968
965
964
964
959
959
959
959
958
953
952
952
952
952
949
948
948
948
947
947
945
941
940
940
940
937
929
927
927
923
922
920
918
914
912
911
911
909
909
907
906
905
903
902
896
895
893
892
892
890
890
889
886
885
883
880
878
877
875
873
873
872
872
870
869
868
866
866
864
863
863
862
862
853
851
851
850
849
849
849
848
847
846
846
845
844
844
844
844
843
839
839
838
837
837
837
836
835
835
834
833
833
832
827
827
826
825
823
823
821
821
819
816
812
811
810
810
808
808
807
807
807
807
806
806
806
806
805
803
803
802
800
800
799
798
796
796
796
795
793
789
787
786
786
786
785
785
784
784
784
784
782
782
779
779
778
778
777
776
774
774
773
771
770
770
768
767
767
766
765
763
762
761
760
760
760
759
759
758
756
755
755
754
753
753
753
753
753
752
752
751
751
750
750
750
749
749
748
748
747
747
747
746
745
744
742
742
741
741
740
739
736
734
734
734
733
733
730
729
728
727
726
726
726
726
726
725
724
724
724
723
723
722
722
720
720
717
716
716
716
715
715
715
714
714
712
711
711
711
710
709
708
707
707
705
705
705
704
704
703
703
703
702
702
701
701
701
699
699
698
697
696
696
695
694
694
693
692
692
692
692
691
691
691
690
690
690
689
689
688
687
684
684
683
680
680
680
679
678
678
676
676
674
673
672
671
671
671
670
669
668
666
666
666
666
664
664
663
662
662
662
661
658
657
657
656
655
654
654
654
652
651
651
651
648
648
648
646
646
645
645
645
644
643
643
641
640
640
640
640
640
640
639
639
638
637
636
635
634
632
631
630
630
630
629
628
628
627
627
626
625
625
624
624
624
623
621
619
619
619
618
617
617
616
616
616
614
614
614
614
614
613
612
612
609
609
608
608
608
608
608
606
606
606
605
605
602
602
600
600
600
599
599
599
596
596
596
596
595
595
595
593
593
592
592
592
591
589
589
588
588
587
586
586
585
585
585
584
584
584
583
582
582
582
582
581
581
580
579
578
578
578
577
577
577
577
577
577
576
576
575
575
574
574
574
574
572
572
572
571
571
571
571
571
570
570
569
569
569
569
568
568
568
568
568
567
567
567
566
566
566
565
564
564
564
563
563
563
562
562
561
561
561
560
558
557
557
556
556
556
556
556
555
554
554
554
554
554
554
553
553
553
552
552
552
552
551
550
550
549
549
548
548
548
548
548
547
547
547
546
546
545
545
545
545
545
545
543
542
542
541
541
540
540
540
540
540
537
537
537
537
537
536
536
536
536
535
534
533
533
532
532
532
532
532
531
531
531
530
530
530
530
527
527
527
526
526
526
526
525
524
523
523
523
523
523
523
522
522
521
521
521
521
520
520
520
520
520
520
519
519
519
518
518
517
517
517
516
516
516
516
516
515
515
515
514
514
514
513
513
513
513
513
513
513
513
512
512
512
511
511
511
511
511
511
511
511
511
510
509
509
509
509
508
508
508
508
507
507
507
507
506
506
506
505
505
505
505
504
504
504
503
503
503
503
503
502
502
501
500
500
500
500
500
500
500
500
500
499
499
499
499
499
498
498
498
496
496
496
495
495
495
495
495
495
494
494
494
493
493
493
493
493
493
493
493
492
492
492
492
491
491
490
490
490
490
490
490
489
489
489
489
489
489
487
487
487
487
487
487
487
486
486
486
486
486
486
485
485
485
485
484
484
484
484
484
482
482
482
482
482
482
481
481
480
479
479
479
479
479
478
478
478
478
478
478
477
477
477
476
476
476
476
474
474
474
473
473
472
472
472
471
471
471
471
471
471
471
471
471
470
470
470
469
469
469
469
468
468
468
468
468
467
466
466
466
465
465
465
465
464
464
464
463
463
463
463
463
463
462
462
462
462
462
461
461
460
460
460
460
459
458
458
458
457
457
457
457
457
456
456
456
456
456
456
455
455
455
454
454
454
454
453
453
453
453
453
453
452
452
452
452
451
451
451
451
451
451
451
451
451
450
450
450
450
450
450
449
449
449
449
449
449
449
448
448
448
448
448
448
448
448
448
447
447
446
446
446
445
445
445
445
445
444
444
444
444
443
443
443
443
443
442
442
442
442
442
442
442
441
441
441
441
440
440
440
439
439
439
439
439
439
439
439
439
438
438
438
438
437
437
437
436
436
436
436
436
436
435
435
435
435
435
435
435
435
434
434
434
434
433
433
433
432
432
432
431
431
430
430
430
429
429
429
429
429
429
429
428
428
428
428
427
427
427
427
427
426
426
426
426
426
426
426
426
426
426
425
425
425
425
425
425
424
424
424
424
424
424
424
424
424
423
423
423
423
423
422
422
422
422
422
422
422
422
422
422
422
422
421
421
421
421
421
420
420
420
420
420
420
420
420
420
419
419
419
419
419
419
419
418
418
418
418
418
418
418
418
418
417
417
417
417
417
417
417
416
416
416
416
416
416
416
416
415
415
415
415
415
415
415
414
414
414
413
413
413
412
412
412
412
412
412
412
411
411
411
410
410
410
409
409
409
409
409
408
408
408
408
408
408
408
407
407
407
407
407
407
407
407
407
407
407
406
406
406
406
406
405
405
405
405
405
404
404
404
404
404
403
403
403
403
403
403
402
402
402
402
402
402
402
402
401
400
400
400
400
400
399
399
399
399
399
398
398
398
398
398
398
398
398
398
397
397
397
397
397
397
396
396
396
396
396
396
396
396
396
395
395
395
395
395
395
395
394
394
394
394
394
394
394
394
393
393
393
392
392
392
392
392
391
391
391
391
391
391
390
390
390
390
390
390
390
390
389
389
389
389
389
389
388
388
388
388
387
387
387
386
385
385
385
385
384
384
384
384
384
384
384
383
383
383
382
382
381
381
381
380
380
379
379
379
378
378
378
377
377
376
376
376
376
375
375
375
375
374
374
374
374
374
373
372
372
372
372
372
371
371
370
369
368
368
368
367
366
363
363
361
359
359
358
357
348
348
344
341
341
337
337
332
329
328
327
325
314
233
233
228
219
181
174
167
167
166
163
128
128
128
