9370
7852
7476
7035
6851
6811
6767
6741
6729
6702
6691
6666
6605
6602
6552
6547
6543
6484
6426
6422
6413
6404
6389
6351
6344
6328
6325
6314
6252
6166
6159
6157
6153
6132
6130
6122
6119
6118
6111
6105
6103
6096
6090
6083
6080
6074
6070
6064
6062
6060
6042
6039
6036
6035
6033
6031
6030
6024
6020
6006
6006
6004
6002
5995
5992
5990
5985
5979
5958
5952
5950
5948
5946
5936
5934
5925
5923
5923
5923
5918
5903
5899
5898
5893
5891
5886
5875
5868
5867
5865
5864
5854
5844
5840
5837
5834
5834
5819
5819
5811
5807
5802
5800
5800
5798
5796
5789
5782
5781
5769
5754
5749
5747
5735
5735
5727
5726
5725
5721
5716
5712
5711
5708
5696
5695
5691
5684
5683
5683
5680
5676
5667
5665
5663
5663
5656
5655
5655
5650
5650
5649
5646
5646
5645
5640
5639
5635
5634
5633
5631
5630
5627
5626
5623
5620
5614
5612
5601
5600
5598
5596
5593
5591
5575
5572
5571
5565
5564
5563
5562
5561
5559
5557
5553
5552
5551
5545
5545
5542
5538
5538
5534
5532
5531
5530
5525
5515
5514
5510
5507
5507
5505
5505
5501
5498
5495
5493
5485
5482
5481
5475
5475
5474
5474
5472
5469
5468
5468
5467
5467
5466
5466
5464
5463
5460
5459
5454
5453
5452
5448
5446
5444
5441
5441
5440
5438
5435
5434
5431
5429
5427
5424
5420
5418
5418
5403
5403
5402
5402
5401
5400
5399
5394
5387
5381
5377
5375
5374
5373
5373
5370
5367
5367
5366
5365
5364
5360
5360
5354
5352
5349
5348
5348
5346
5344
5343
5342
5342
5342
5341
5338
5337
5337
5331
5329
5329
5329
5322
5321
5319
5319
5319
5313
5311
5304
5303
5302
5300
5295
5295
5293
5291
5284
5280
5278
5277
5277
5274
5274
5272
5271
5271
5270
5268
5264
5262
5257
5256
5255
5253
5253
5251
5251
5250
5248
5247
5245
5244
5241
5240
5239
5238
5237
5236
5234
5230
5230
5230
5229
5229
5228
5227
5223
5222
5220
5220
5216
5214
5209
5207
5203
5202
5199
5198
5197
5196
5196
5195
5193
5193
5191
5189
5188
5185
5179
5177
5174
5169
5169
5164
5163
5159
5158
5157
5156
5156
5154
5152
5152
5151
5148
5148
5144
5144
5144
5143
5142
5139
5139
5138
5136
5135
5135
5132
5131
5129
5128
5127
5127
5126
5120
5119
5119
5118
5116
5116
5113
5111
5109
5108
5107
5105
5105
5104
5103
5103
5100
5100
5100
5090
5089
5082
5080
5079
5079
5076
5075
5072
5069
5069
5061
5061
5060
5060
5060
5058
5056
5053
5052
5049
5049
5048
5047
5046
5045
5044
5044
5044
5041
5041
5040
5040
5035
5033
5033
5032
5027
5026
5026
5026
5025
5021
5019
5017
5016
5015
5015
5011
5010
5007
5006
5006
5006
5006
5003
5001
4999
4996
4995
4995
4995
4995
4994
4994
4992
4992
4991
4988
4987
4987
4986
4982
4982
4980
4979
4978
4978
4978
4973
4972
4971
4971
4970
4969
4968
4965
4964
4959
4958
4956
4954
4953
4949
4948
4947
4946
4945
4943
4943
4943
4940
4940
4937
4935
4926
4923
4922
4921
4920
4919
4918
4917
4915
4913
4913
4907
4906
4905
4904
4900
4900
4899
4898
4897
4891
4890
4886
4883
4882
4882
4878
4878
4878
4878
4875
4874
4872
4870
4869
4866
4866
4866
4865
4865
4864
4863
4863
4862
4861
4861
4861
4861
4860
4859
4854
4854
4852
4851
4851
4851
4850
4850
4849
4848
4848
4847
4845
4845
4844
4843
4840
4839
4837
4836
4834
4834
4834
4833
4832
4829
4829
4827
4827
4826
4826
4825
4823
4823
4822
4821
4817
4813
4808
4807
4806
4804
4803
4803
4803
4801
4800
4794
4790
4788
4787
4787
4785
4782
4781
4779
4778
4777
4776
4775
4774
4774
4774
4773
4772
4772
4771
4770
4768
4767
4767
4765
4765
4764
4763
4763
4761
4759
4758
4757
4757
4754
4751
4750
4750
4747
4747
4747
4746
4746
4745
4744
4744
4739
4738
4738
4737
4737
4736
4736
4735
4733
4730
4729
4728
4728
4727
4726
4726
4721
4720
4720
4720
4720
4719
4718
4717
4717
4717
4715
4714
4713
4712
4712
4710
4709
4709
4708
4706
4706
4704
4699
4699
4699
4697
4696
4692
4686
4684
4683
4681
4681
4680
4679
4677
4676
4675
4674
4674
4674
4672
4671
4670
4668
4667
4667
4666
4664
4663
4662
4661
4658
4657
4657
4655
4654
4653
4652
4652
4651
4651
4650
4648
4646
4643
4643
4643
4643
4641
4641
4640
4639
4637
4636
4636
4635
4634
4632
4624
4622
4622
4621
4621
4621
4620
4619
4618
4616
4616
4615
4615
4613
4613
4612
4609
4609
4606
4605
4604
4603
4603
4603
4602
4602
4601
4601
4601
4599
4597
4595
4594
4594
4593
4593
4593
4591
4591
4590
4590
4589
4588
4587
4585
4585
4583
4582
4581
4580
4579
4578
4578
4576
4573
4573
4572
4571
4568
4568
4568
4567
4567
4565
4565
4564
4564
4564
4564
4562
4561
4561
4560
4558
4556
4554
4553
4552
4552
4551
4551
4551
4549
4548
4548
4548
4548
4546
4546
4545
4545
4544
4543
4542
4541
4539
4537
4536
4536
4535
4534
4534
4533
4533
4532
4532
4531
4531
4531
4530
4530
4526
4520
4520
4520
4519
4518
4517
4517
4515
4513
4512
4510
4509
4509
4509
4508
4507
4507
4507
4506
4506
4506
4505
4503
4502
4502
4501
4501
4498
4497
4495
4495
4495
4494
4492
4491
4491
4491
4490
4490
4489
4488
4488
4488
4487
4486
4485
4484
4480
4479
4478
4476
4475
4474
4474
4473
4473
4473
4472
4471
4470
4469
4467
4467
4466
4464
4463
4463
4463
4463
4462
4461
4461
4461
4459
4458
4457
4456
4455
4454
4454
4452
4452
4451
4450
4449
4449
4446
4446
4446
4445
4445
4438
4437
4437
4437
4434
4434
4433
4431
4430
4428
4428
4427
4426
4424
4424
4424
4424
4423
4423
4422
4420
4418
4418
4418
4418
4417
4416
4414
4414
4413
4412
4410
4410
4408
4408
4407
4406
4405
4405
4405
4405
4405
4404
4404
4403
4403
4403
4402
4402
4401
4400
4400
4398
4397
4394
4393
4392
4392
4391
4391
4387
4386
4386
4386
4386
4385
4384
4383
4382
4382
4381
4381
4378
4377
4373
4373
4372
4371
4371
4371
4370
4369
4369
4369
4369
4367
4367
4367
4365
4365
4365
4364
4363
4363
4363
4363
4362
4361
4360
4359
4358
4358
4357
4357
4355
4354
4354
4354
4351
4351
4349
4346
4345
4343
4343
4343
4343
4341
4339
4339
4339
4338
4336
4335
4333
4331
4329
4329
4329
4328
4328
4327
4327
4326
4325
4325
4325
4321
4318
4318
4318
4316
4315
4315
4315
4315
4314
4314
4314
4311
4311
4310
4310
4309
4309
4308
4308
4308
4307
4306
4306
4305
4303
4302
4300
4300
4300
4300
4299
4299
4298
4297
4297
4297
4296
4295
4293
4290
4290
4290
4289
4289
4288
4288
4287
4286
4285
4284
4283
4283
4282
4282
4281
4281
4281
4280
4277
4276
4276
4276
4276
4276
4275
4275
4275
4274
4274
4274
4274
4274
4273
4273
4272
4272
4271
4271
4270
4270
4269
4264
4263
4263
4261
4259
4259
4258
4258
4258
4257
4257
4257
4256
4256
4255
4255
4255
4255
4254
4252
4252
4252
4251
4250
4250
4250
4249
4249
4248
4248
4247
4247
4246
4244
4244
4243
4241
4241
4239
4239
4238
4238
4237
4237
4237
4236
4236
4234
4234
4232
4232
4231
4229
4228
4227
4224
4223
4222
4222
4222
4222
4221
4217
4216
4215
4215
4214
4214
4213
4213
4211
4210
4210
4209
4209
4209
4207
4207
4205
4203
4203
4203
4202
4202
4200
4200
4199
4197
4197
4197
4195
4195
4195
4194
4194
4192
4190
4188
4188
4188
4188
4186
4186
4185
4185
4184
4183
4182
4182
4182
4182
4181
4181
4181
4180
4179
4178
4178
4177
4177
4176
4176
4174
4173
4172
4171
4170
4168
4168
4167
4167
4167
4166
4166
4164
4163
4162
4161
4161
4161
4160
4159
4158
4158
4156
4156
4156
4156
4154
4153
4153
4153
4152
4152
4149
4148
4148
4146
4145
4145
4145
4144
4144
4143
4143
4142
4141
4141
4140
4140
4140
4139
4138
4138
4137
4137
4136
4136
4135
4134
4134
4133
4133
4131
4130
4130
4129
4129
4128
4128
4127
4126
4126
4126
4126
4125
4125
4125
4124
4123
4122
4122
4122
4120
4120
4119
4119
4119
4115
4114
4113
4113
4109
4107
4107
4104
4104
4102
4100
4099
4099
4099
4097
4097
4096
4096
4095
4094
4092
4092
4092
4090
4089
4088
4087
4086
4086
4085
4085
4082
4082
4081
4080
4080
4078
4076
4074
4074
4073
4073
4073
4073
4072
4072
4071
4069
4067
4067
4064
4064
4063
4063
4062
4062
4062
4062
4061
4060
4060
4059
4058
4057
4057
4054
4054
4053
4052
4052
4051
4050
4050
4049
4048
4048
4048
4047
4047
4047
4047
4046
4043
4041
4040
4039
4039
4038
4038
4036
4032
4032
4032
4031
4031
4031
4031
4030
4030
4030
4030
4029
4029
4029
4028
4028
4028
4028
4028
4027
4027
4026
4026
4023
4023
4022
4022
4022
4021
4020
4019
4019
4017
4017
4015
4015
4015
4014
4014
4013
4013
4013
4013
4012
4010
4007
4007
4006
4003
4003
3999
3999
3997
3996
3996
3995
3994
3994
3993
3991
3990
3989
3989
3989
3989
3989
3988
3987
3987
3987
3986
3985
3981
3980
3979
3977
3977
3977
3976
3974
3974
3972
3972
3970
3969
3969
3968
3967
3967
3967
3966
3966
3966
3965
3965
3965
3964
3964
3963
3963
3962
3961
3960
3958
3957
3957
3955
3954
3954
3954
3953
3953
3952
3951
3951
3950
3950
3950
3949
3948
3948
3948
3946
3945
3942
3942
3942
3940
3940
3940
3939
3939
3938
3936
3936
3935
3933
3932
3932
3932
3932
3932
3931
3931
3930
3930
3929
3929
3928
3928
3926
3926
3925
3925
3925
3924
3922
3921
3921
3920
3920
3920
3919
3917
3917
3917
3917
3917
3917
3917
3915
3914
3914
3912
3912
3912
3912
3911
3911
3910
3910
3909
3908
3908
3908
3908
3908
3907
3907
3905
3905
3903
3903
3903
3901
3901
3899
3899
3897
3897
3896
3895
3895
3894
3894
3892
3892
3891
3891
3891
3891
3890
3889
3889
3889
3888
3887
3887
3886
3886
3886
3885
3885
3883
3880
3880
3878
3877
3876
3875
3875
3874
3873
3873
3873
3872
3872
3871
3868
3868
3868
3868
3867
3866
3866
3865
3864
3864
3863
3863
3863
3863
3861
3861
3860
3860
3859
3857
3857
3856
3856
3856
3856
3856
3855
3855
3853
3852
3852
3851
3850
3850
3850
3850
3849
3849
3849
3848
3847
3847
3847
3847
3846
3845
3844
3843
3843
3843
3841
3841
3841
3841
3841
3840
3839
3838
3837
3837
3837
3837
3835
3833
3833
3833
3833
3832
3832
3831
3831
3830
3830
3830
3829
3826
3825
3824
3823
3822
3822
3822
3822
3821
3821
3821
3820
3819
3819
3819
3818
3818
3818
3817
3816
3815
3815
3813
3813
3812
3812
3809
3809
3809
3809
3809
3808
3808
3807
3806
3805
3805
3804
3804
3803
3803
3802
3801
3799
3799
3797
3796
3796
3796
3796
3795
3794
3794
3791
3790
3789
3789
3789
3789
3788
3787
3786
3784
3781
3780
3780
3780
3778
3778
3777
3775
3775
3774
3774
3773
3771
3770
3770
3770
3770
3769
3768
3767
3767
3766
3765
3765
3764
3763
3762
3762
3761
3760
3760
3758
3757
3757
3757
3756
3755
3754
3753
3752
3752
3750
3749
3749
3749
3747
3746
3746
3746
3744
3743
3742
3742
3742
3741
3741
3740
3738
3738
3737
3737
3736
3735
3734
3733
3733
3733
3733
3732
3731
3730
3729
3729
3728
3728
3728
3727
3727
3727
3726
3726
3725
3724
3724
3724
3724
3723
3722
3722
3720
3719
3719
3719
3718
3718
3718
3718
3717
3717
3717
3717
3717
3716
3716
3714
3714
3713
3712
3712
3711
3709
3709
3707
3707
3707
3707
3707
3706
3705
3704
3703
3703
3703
3702
3702
3702
3702
3700
3700
3698
3698
3698
3697
3697
3695
3695
3695
3693
3693
3692
3692
3690
3689
3688
3687
3687
3686
3686
3686
3686
3683
3681
3681
3681
3681
3680
3679
3679
3676
3676
3676
3676
3675
3675
3674
3673
3672
3672
3672
3671
3670
3670
3670
3668
3668
3667
3666
3666
3665
3665
3664
3664
3663
3663
3662
3662
3662
3662
3662
3661
3661
3661
3660
3660
3658
3658
3658
3658
3658
3657
3656
3655
3654
3654
3654
3651
3650
3650
3650
3649
3649
3649
3648
3647
3646
3644
3644
3642
3642
3642
3641
3641
3641
3640
3640
3640
3640
3639
3639
3638
3637
3637
3633
3633
3632
3632
3629
3628
3628
3628
3627
3627
3626
3626
3626
3625
3625
3624
3623
3623
3623
3622
3622
3620
3618
3618
3617
3616
3616
3615
3615
3615
3614
3612
3612
3609
3608
3608
3607
3607
3606
3606
3606
3605
3604
3604
3604
3604
3603
3603
3603
3602
3601
3601
3600
3598
3598
3597
3596
3595
3595
3595
3593
3590
3590
3589
3588
3587
3587
3586
3585
3585
3583
3583
3583
3582
3582
3582
3581
3580
3579
3579
3578
3576
3574
3573
3572
3571
3570
3570
3570
3569
3569
3568
3568
3568
3567
3567
3567
3566
3566
3566
3566
3566
3564
3564
3563
3562
3562
3562
3562
3561
3561
3559
3558
3557
3557
3556
3555
3555
3555
3554
3553
3550
3550
3549
3548
3547
3545
3543
3543
3542
3542
3542
3542
3541
3540
3539
3539
3539
3539
3536
3536
3533
3532
3531
3531
3530
3529
3529
3529
3528
3528
3528
3527
3527
3526
3525
3525
3524
3524
3524
3522
3522
3522
3521
3521
3521
3521
3521
3521
3520
3517
3517
3516
3515
3515
3514
3514
3514
3513
3512
3511
3511
3510
3509
3509
3508
3507
3507
3507
3507
3506
3505
3504
3504
3504
3504
3503
3503
3501
3499
3498
3497
3496
3494
3493
3493
3492
3491
3491
3491
3490
3488
3488
3488
3487
3487
3486
3486
3486
3485
3483
3481
3481
3480
3479
3479
3478
3478
3477
3477
3476
3476
3476
3476
3473
3472
3471
3471
3471
3471
3471
3470
3470
3469
3468
3468
3468
3467
3467
3467
3466
3466
3466
3465
3465
3462
3461
3461
3459
3459
3458
3458
3458
3458
3458
3457
3457
3457
3456
3455
3455
3454
3454
3453
3452
3451
3450
3450
3450
3449
3447
3447
3447
3446
3445
3445
3445
3445
3445
3444
3443
3443
3442
3442
3442
3442
3441
3441
3441
3441
3440
3439
3438
3438
3437
3437
3437
3436
3434
3434
3432
3432
3432
3430
3429
3428
3428
3428
3428
3427
3427
3427
3425
3425
3424
3424
3423
3423
3422
3422
3422
3421
3421
3421
3419
3419
3419
3418
3417
3417
3417
3415
3415
3415
3414
3413
3413
3412
3412
3412
3411
3410
3410
3410
3409
3409
3408
3408
3407
3407
3407
3407
3406
3406
3406
3406
3405
3404
3403
3402
3401
3401
3399
3399
3399
3397
3397
3397
3396
3396
3396
3396
3395
3395
3391
3391
3390
3390
3390
3386
3385
3383
3383
3383
3381
3379
3379
3379
3379
3378
3377
3375
3375
3374
3373
3372
3371
3370
3370
3370
3370
3369
3369
3368
3368
3368
3368
3365
3365
3365
3364
3362
3362
3361
3361
3361
3361
3360
3360
3360
3359
3357
3357
3357
3356
3356
3355
3355
3355
3354
3351
3351
3351
3350
3350
3350
3350
3349
3349
3349
3348
3348
3347
3347
3346
3346
3346
3345
3345
3344
3344
3343
3342
3340
3340
3339
3339
3337
3336
3335
3335
3334
3333
3333
3333
3333
3332
3331
3331
3331
3330
3329
3329
3329
3326
3326
3325
3324
3324
3323
3322
3322
3322
3321
3321
3320
3317
3317
3316
3315
3314
3313
3313
3312
3312
3308
3307
3307
3306
3306
3306
3305
3305
3304
3303
3303
3303
3302
3302
3302
3301
3301
3299
3299
3298
3295
3294
3294
3293
3293
3293
3293
3291
3291
3290
3290
3290
3289
3289
3288
3288
3288
3287
3285
3285
3285
3285
3285
3284
3282
3281
3280
3280
3278
3278
3277
3277
3277
3276
3276
3275
3275
3274
3274
3273
3273
3269
3267
3267
3266
3265
3265
3264
3264
3263
3263
3263
3261
3261
3261
3260
3259
3259
3259
3258
3258
3258
3257
3257
3257
3257
3255
3255
3254
3253
3252
3251
3251
3251
3251
3250
3250
3250
3249
3247
3246
3246
3245
3243
3242
3242
3241
3241
3239
3238
3237
3237
3235
3235
3235
3233
3230
3228
3228
3228
3227
3226
3226
3226
3225
3223
3222
3222
3222
3221
3221
3218
3218
3217
3216
3216
3216
3214
3212
3211
3210
3210
3210
3208
3208
3207
3207
3207
3206
3205
3204
3204
3204
3204
3204
3204
3202
3202
3200
3200
3199
3198
3198
3197
3196
3196
3196
3195
3194
3194
3194
3191
3190
3189
3189
3189
3188
3188
3188
3187
3187
3186
3185
3184
3182
3181
3181
3181
3180
3180
3180
3180
3178
3176
3175
3175
3174
3174
3171
3171
3170
3170
3170
3169
3167
3166
3166
3165
3164
3163
3162
3162
3161
3161
3160
3160
3160
3159
3158
3154
3152
3151
3150
3150
3149
3149
3148
3147
3145
3144
3144
3144
3142
3141
3141
3140
3139
3139
3138
3137
3136
3134
3132
3132
3131
3129
3129
3129
3127
3126
3125
3123
3123
3123
3122
3121
3121
3121
3121
3120
3119
3118
3117
3117
3117
3116
3115
3115
3115
3115
3114
3114
3112
3111
3111
3111
3111
3109
3108
3108
3108
3107
3107
3106
3106
3106
3105
3105
3105
3105
3105
3104
3104
3102
3100
3100
3099
3099
3098
3098
3097
3097
3096
3096
3096
3096
3093
3093
3093
3093
3093
3092
3091
3090
3089
3089
3089
3088
3088
3087
3087
3087
3086
3085
3085
3084
3084
3083
3083
3082
3081
3081
3081
3081
3079
3079
3078
3077
3074
3073
3073
3072
3072
3071
3071
3070
3066
3066
3064
3059
3059
3058
3057
3057
3056
3055
3050
3050
3048
3047
3047
3047
3046
3045
3045
3045
3044
3042
3041
3041
3040
3040
3039
3039
3039
3038
3037
3036
3035
3035
3034
3033
3032
3032
3030
3030
3029
3029
3029
3027
3027
3026
3026
3024
3022
3021
3021
3021
3020
3020
3019
3018
3018
3016
3016
3016
3015
3015
3014
3014
3014
3013
3013
3012
3011
3011
3010
3010
3009
3009
3009
3009
3008
3007
3006
3006
3004
3003
3000
3000
2999
2998
2998
2998
2997
2997
2994
2992
2992
2990
2990
2987
2987
2985
2985
2983
2983
2982
2982
2980
2979
2978
2978
2978
2977
2977
2977
2975
2974
2972
2972
2972
2971
2971
2970
2970
2970
2969
2968
2965
2963
2962
2962
2962
2961
2960
2958
2957
2956
2956
2955
2955
2955
2954
2952
2952
2952
2950
2947
2946
2945
2945
2945
2943
2941
2940
2940
2938
2937
2935
2933
2932
2930
2928
2926
2925
2924
2923
2923
2922
2922
2921
2919
2919
2918
2917
2912
2911
2910
2910
2907
2907
2906
2903
2901
2900
2899
2899
2899
2898
2898
2897
2897
2897
2897
2896
2895
2895
2894
2894
2892
2891
2891
2890
2889
2889
2889
2888
2885
2882
2879
2878
2878
2878
2876
2876
2874
2873
2872
2871
2870
2870
2869
2868
2867
2866
2866
2864
2863
2860
2860
2859
2858
2858
2857
2857
2856
2853
2853
2853
2852
2852
2851
2850
2850
2850
2849
2848
2848
2847
2847
2846
2846
2846
2844
2843
2841
2841
2840
2838
2838
2834
2830
2829
2829
2826
2826
2824
2823
2823
2823
2822
2820
2819
2818
2816
2816
2815
2814
2814
2810
2810
2809
2808
2807
2807
2805
2804
2803
2803
2801
2798
2798
2798
2796
2796
2796
2796
2795
2794
2793
2793
2793
2792
2792
2791
2791
2790
2790
2790
2790
2789
2788
2787
2787
2786
2786
2786
2786
2786
2785
2785
2783
2781
2780
2779
2779
2778
2775
2775
2773
2772
2769
2768
2768
2768
2768
2766
2766
2765
2764
2764
2762
2761
2761
2759
2759
2755
2755
2755
2754
2753
2753
2753
2751
2749
2747
2746
2746
2745
2744
2744
2743
2742
2741
2741
2740
2740
2739
2738
2738
2737
2736
2736
2735
2735
2735
2735
2734
2734
2733
2732
2731
2730
2730
2729
2727
2726
2725
2723
2723
2720
2718
2716
2715
2713
2712
2712
2708
2708
2707
2706
2704
2704
2701
2701
2701
2700
2698
2697
2695
2695
2695
2695
2693
2692
2692
2691
2690
2690
2689
2689
2688
2688
2687
2686
2686
2685
2684
2683
2682
2682
2681
2681
2680
2679
2678
2674
2672
2672
2670
2667
2667
2667
2665
2665
2665
2663
2663
2663
2661
2661
2660
2659
2659
2657
2656
2655
2655
2654
2654
2654
2654
2651
2651
2651
2650
2648
2647
2647
2645
2643
2643
2643
2641
2639
2639
2637
2635
2634
2634
2633
2632
2632
2632
2631
2631
2630
2630
2629
2629
2628
2628
2628
2628
2627
2627
2626
2626
2626
2625
2623
2622
2622
2620
2620
2618
2616
2614
2614
2612
2611
2608
2607
2606
2603
2603
2602
2600
2600
2599
2599
2598
2593
2592
2592
2591
2590
2589
2589
2589
2588
2587
2587
2586
2586
2584
2580
2579
2578
2577
2572
2572
2572
2571
2570
2569
2568
2568
2567
2567
2564
2563
2563
2563
2562
2562
2560
2560
2560
2559
2558
2556
2555
2553
2549
2548
2548
2547
2547
2546
2546
2546
2546
2545
2545
2544
2541
2540
2540
2538
2532
2531
2531
2530
2528
2524
2523
2523
2521
2519
2517
2517
2513
2512
2511
2510
2510
2509
2508
2506
2504
2503
2501
2501
2498
2497
2497
2496
2495
2494
2493
2493
2493
2490
2486
2485
2483
2480
2479
2479
2476
2473
2473
2472
2471
2470
2470
2469
2469
2468
2468
2467
2467
2467
2460
2459
2458
2458
2458
2456
2455
2455
2455
2454
2454
2451
2449
2448
2448
2447
2445
2444
2443
2443
2442
2442
2441
2441
2440
2437
2437
2436
2432
2431
2428
2427
2425
2422
2422
2421
2420
2415
2414
2414
2413
2412
2412
2408
2406
2406
2404
2401
2399
2399
2399
2398
2398
2396
2396
2393
2391
2389
2388
2387
2385
2384
2382
2382
2382
2382
2382
2380
2380
2379
2379
2377
2377
2376
2376
2376
2375
2373
2373
2371
2371
2369
2368
2366
2365
2365
2363
2359
2358
2358
2357
2356
2355
2353
2353
2353
2352
2350
2348
2347
2346
2343
2340
2340
2339
2339
2338
2337
2336
2336
2335
2333
2333
2330
2329
2329
2328
2327
2326
2326
2322
2320
2315
2315
2315
2313
2311
2311
2311
2310
2309
2309
2306
2305
2304
2303
2303
2302
2300
2300
2299
2299
2299
2298
2298
2296
2293
2290
2289
2289
2289
2289
2288
2288
2288
2286
2282
2281
2279
2278
2278
2277
2277
2276
2275
2273
2272
2271
2271
2270
2269
2268
2268
2267
2266
2266
2263
2262
2261
2261
2255
2252
2252
2252
2251
2248
2244
2244
2244
2243
2242
2239
2237
2236
2234
2234
2233
2232
2232
2230
2227
2226
2224
2223
2221
2220
2219
2219
2218
2218
2218
2216
2216
2215
2215
2214
2214
2214
2214
2213
2212
2211
2211
2210
2209
2208
2208
2207
2205
2205
2204
2201
2198
2197
2195
2195
2194
2193
2193
2192
2192
2191
2191
2190
2188
2188
2188
2187
2187
2187
2187
2186
2185
2185
2184
2181
2181
2181
2180
2179
2179
2177
2177
2171
2170
2170
2169
2167
2167
2166
2164
2162
2162
2161
2161
2160
2159
2158
2157
2157
2157
2156
2156
2156
2155
2152
2151
2150
2149
2148
2148
2147
2144
2143
2141
2141
2139
2136
2136
2135
2135
2135
2134
2133
2130
2130
2129
2128
2128
2128
2126
2126
2125
2125
2125
2122
2116
2116
2116
2113
2113
2112
2109
2108
2107
2107
2106
2106
2106
2106
2105
2105
2100
2099
2099
2099
2099
2098
2098
2097
2096
2095
2094
2094
2093
2091
2091
2090
2088
2087
2086
2085
2083
2081
2079
2078
2077
2077
2075
2074
2073
2069
2066
2066
2065
2064
2061
2061
2059
2058
2056
2056
2056
2054
2053
2052
2052
2051
2051
2051
2051
2050
2050
2050
2049
2048
2048
2047
2047
2047
2047
2046
2046
2045
2045
2045
2044
2043
2042
2041
2040
2038
2038
2037
2036
2035
2032
2031
2027
2026
2025
2025
2025
2024
2024
2022
2020
2020
2020
2019
2019
2017
2013
2013
2013
2011
2007
2007
2006
2006
2003
1998
1998
1998
1998
1997
1997
1996
1996
1996
1996
1995
1995
1994
1993
1992
1992
1991
1990
1990
1987
1985
1984
1984
1984
1980
1977
1975
1974
1974
1972
1972
1971
1969
1966
1966
1965
1965
1964
1964
1964
1964
1963
1963
1962
1959
1959
1959
1959
1958
1958
1958
1956
1956
1956
1956
1955
1953
1952
1951
1951
1951
1947
1947
1945
1945
1944
1944
1942
1942
1939
1939
1939
1938
1938
1938
1937
1937
1937
1934
1934
1934
1933
1933
1932
1931
1929
1929
1925
1923
1923
1923
1922
1922
1920
1918
1916
1915
1914
1913
1913
1912
1912
1910
1909
1909
1908
1906
1906
1906
1906
1905
1905
1900
1899
1898
1898
1898
1898
1895
1895
1895
1893
1893
1893
1890
1889
1888
1887
1885
1884
1884
1884
1883
1881
1881
1879
1879
1878
1878
1877
1877
1876
1874
1874
1874
1872
1872
1872
1871
1871
1870
1869
1869
1867
1866
1865
1863
1862
1862
1861
1861
1860
1860
1856
1855
1853
1851
1850
1850
1849
1849
1848
1847
1847
1845
1845
1845
1844
1842
1841
1837
1836
1836
1835
1835
1833
1833
1831
1829
1829
1827
1827
1827
1827
1826
1825
1824
1824
1821
1820
1819
1814
1814
1813
1811
1810
1809
1809
1808
1805
1805
1802
1802
1801
1801
1800
1800
1799
1799
1799
1796
1794
1793
1792
1791
1790
1789
1788
1788
1787
1785
1784
1782
1781
1781
1780
1777
1776
1774
1774
1773
1772
1772
1771
1770
1770
1768
1767
1766
1765
1764
1764
1762
1761
1759
1759
1758
1757
1756
1756
1756
1756
1755
1755
1754
1754
1754
1753
1752
1748
1748
1740
1739
1737
1737
1736
1736
1735
1733
1733
1732
1732
1732
1731
1731
1730
1729
1729
1729
1729
1728
1727
1727
1726
1725
1725
1724
1721
1720
1719
1719
1718
1717
1717
1715
1714
1714
1712
1712
1712
1711
1710
1709
1709
1709
1708
1708
1704
1703
1702
1701
1700
1700
1698
1698
1697
1695
1693
1693
1692
1692
1691
1690
1688
1687
1687
1686
1686
1684
1683
1683
1682
1681
1681
1681
1681
1680
1677
1677
1677
1677
1676
1676
1675
1675
1675
1674
1674
1673
1673
1673
1672
1672
1669
1669
1668
1667
1667
1667
1666
1666
1666
1665
1665
1665
1665
1664
1664
1663
1661
1658
1658
1657
1657
1656
1655
1655
1654
1652
1651
1651
1651
1649
1649
1648
1648
1647
1645
1645
1643
1642
1641
1641
1641
1638
1637
1636
1636
1634
1634
1634
1632
1632
1631
1630
1630
1629
1628
1627
1624
1624
1624
1624
1622
1621
1621
1618
1617
1615
1613
1613
1613
1613
1612
1610
1610
1609
1609
1609
1609
1608
1608
1608
1607
1606
1606
1605
1605
1604
1604
1604
1604
1604
1604
1603
1602
1602
1601
1596
1594
1594
1593
1592
1592
1591
1590
1589
1589
1583
1583
1583
1581
1578
1577
1576
1575
1575
1575
1574
1574
1573
1571
1571
1571
1570
1570
1569
1567
1567
1566
1566
1565
1562
1561
1560
1558
1555
1554
1553
1553
1552
1552
1551
1551
1548
1548
1546
1544
1543
1542
1542
1541
1537
1537
1537
1536
1535
1535
1535
1535
1533
1532
1532
1530
1530
1529
1529
1527
1525
1520
1520
1519
1519
1519
1517
1517
1515
1515
1515
1515
1514
1514
1513
1512
1512
1511
1510
1510
1510
1509
1508
1508
1508
1505
1505
1504
1504
1504
1503
1502
1502
1500
1500
1498
1498
1498
1497
1496
1495
1493
1493
1493
1492
1491
1490
1490
1490
1490
1490
1486
1486
1485
1485
1485
1485
1484
1483
1483
1482
1482
1480
1480
1480
1479
1478
1478
1477
1476
1475
1475
1475
1474
1474
1473
1473
1472
1472
1471
1468
1467
1466
1466
1466
1465
1465
1465
1464
1462
1462
1460
1460
1460
1460
1459
1458
1457
1457
1457
1456
1456
1455
1454
1454
1454
1454
1453
1453
1449
1448
1448
1448
1447
1446
1446
1445
1445
1445
1445
1444
1444
1444
1443
1440
1440
1440
1439
1439
1439
1438
1438
1438
1437
1437
1436
1436
1436
1435
1435
1435
1434
1434
1433
1432
1431
1431
1430
1427
1425
1423
1423
1421
1421
1421
1421
1420
1420
1420
1417
1416
1414
1414
1414
1414
1414
1413
1413
1411
1410
1410
1409
1409
1409
1409
1409
1408
1407
1407
1407
1407
1405
1404
1404
1403
1401
1400
1399
1399
1399
1398
1398
1397
1396
1396
1396
1395
1395
1395
1394
1394
1393
1393
1393
1392
1392
1392
1391
1391
1391
1390
1390
1388
1387
1387
1386
1385
1385
1385
1384
1384
1383
1383
1383
1381
1381
1381
1380
1379
1379
1378
1378
1378
1378
1377
1377
1375
1373
1372
1372
1371
1370
1369
1368
1368
1367
1367
1366
1365
1365
1364
1364
1363
1363
1363
1362
1362
1361
1361
1361
1360
1360
1360
1359
1358
1357
1357
1356
1356
1356
1356
1354
1354
1353
1353
1352
1351
1350
1348
1348
1346
1345
1345
1344
1344
1344
1342
1341
1341
1341
1341
1340
1340
1339
1339
1339
1338
1338
1337
1337
1336
1336
1335
1334
1334
1334
1333
1333
1331
1331
1330
1330
1327
1326
1326
1326
1326
1325
1325
1325
1324
1323
1323
1322
1322
1322
1322
1321
1320
1320
1319
1318
1317
1317
1317
1317
1316
1316
1315
1315
1315
1314
1314
1314
1313
1312
1312
1311
1310
1309
1308
1308
1308
1308
1305
1305
1304
1304
1304
1303
1303
1302
1302
1301
1301
1301
1301
1300
1300
1300
1300
1298
1298
1298
1296
1296
1296
1295
1295
1295
1294
1292
1292
1291
1291
1290
1290
1290
1290
1289
1289
1289
1289
1289
1288
1287
1287
1286
1285
1285
1285
1285
1284
1284
1282
1282
1282
1282
1281
1279
1279
1278
1277
1277
1276
1276
1275
1274
1274
1274
1273
1273
1273
1273
1272
1271
1271
1269
1269
1269
1269
1268
1268
1268
1268
1267
1266
1266
1265
1265
1264
1264
1264
1264
1263
1263
1262
1261
1261
1261
1261
1261
1260
1260
1260
1259
1259
1258
1258
1257
1256
1256
1256
1255
1255
1255
1254
1254
1252
1252
1252
1251
1250
1248
1248
1248
1248
1247
1246
1246
1246
1245
1245
1245
1245
1244
1244
1244
1244
1243
1243
1241
1241
1241
1241
1238
1237
1236
1236
1236
1235
1235
1234
1233
1233
1233
1232
1232
1232
1231
1231
1231
1230
1230
1229
1229
1228
1227
1227
1227
1226
1226
1226
1225
1224
1224
1223
1223
1223
1222
1222
1222
1221
1221
1221
1221
1220
1220
1220
1219
1219
1218
1218
1217
1217
1217
1217
1216
1216
1215
1215
1215
1212
1212
1212
1211
1211
1210
1210
1210
1209
1208
1207
1207
1207
1207
1206
1205
1205
1204
1204
1204
1204
1204
1204
1203
1203
1203
1202
1202
1201
1201
1201
1201
1201
1200
1198
1198
1198
1198
1197
1197
1197
1197
1197
1196
1196
1196
1196
1196
1196
1196
1195
1195
1195
1194
1194
1193
1192
1192
1192
1192
1191
1191
1191
1191
1191
1191
1191
1191
1190
1190
1189
1189
1189
1188
1187
1187
1187
1187
1187
1186
1185
1185
1185
1185
1184
1184
1184
1184
1183
1183
1183
1183
1181
1181
1180
1180
1179
1179
1179
1178
1178
1178
1178
1177
1177
1177
1177
1176
1176
1176
1176
1176
1176
1176
1175
1174
1174
1174
1174
1173
1173
1172
1172
1170
1170
1170
1170
1170
1169
1169
1169
1169
1168
1168
1168
1168
1167
1166
1166
1166
1166
1165
1165
1165
1165
1164
1164
1164
1164
1163
1163
1163
1162
1162
1160
1160
1159
1158
1158
1157
1157
1157
1157
1156
1156
1156
1154
1154
1153
1153
1152
1152
1152
1152
1152
1151
1151
1151
1150
1150
1150
1149
1149
1149
1149
1149
1149
1147
1147
1146
1146
1145
1145
1144
1144
1144
1143
1142
1140
1140
1140
1140
1140
1140
1139
1139
1138
1138
1137
1136
1136
1136
1136
1135
1135
1135
1135
1135
1134
1133
1133
1133
1132
1132
1132
1131
1131
1131
1131
1130
1130
1129
1129
1129
1129
1129
1129
1129
1129
1128
1128
1128
1128
1127
1127
1127
1127
1127
1125
1125
1125
1125
1124
1124
1124
1124
1124
1124
1124
1123
1123
1123
1123
1123
1122
1122
1121
1120
1120
1120
1120
1118
1118
1117
1117
1116
1116
1116
1116
1114
1114
1114
1114
1114
1114
1114
1114
1114
1114
1113
1113
1112
1111
1111
1111
1111
1111
1110
1109
1109
1109
1109
1107
1107
1107
1107
1105
1105
1105
1105
1104
1103
1103
1102
1102
1102
1101
1101
1101
1101
1100
1100
1100
1099
1099
1099
1099
1098
1098
1098
1098
1098
1098
1098
1097
1097
1097
1097
1096
1096
1096
1095
1095
1095
1095
1094
1094
1094
1094
1093
1093
1093
1092
1092
1092
1092
1091
1090
1090
1089
1089
1089
1088
1088
1088
1088
1088
1087
1087
1087
1087
1086
1086
1085
1085
1084
1084
1084
1083
1082
1081
1081
1080
1080
1080
1080
1080
1079
1079
1079
1078
1078
1077
1076
1076
1075
1075
1075
1075
1074
1074
1074
1074
1074
1074
1074
1074
1074
1073
1073
1073
1073
1072
1072
1071
1071
1071
1070
1070
1070
1070
1070
1069
1069
1069
1068
1067
1067
1067
1067
1067
1066
1066
1066
1066
1066
1065
1065
1065
1065
1064
1064
1064
1063
1063
1063
1063
1063
1063
1062
1062
1061
1061
1060
1060
1059
1059
1058
1058
1057
1057
1057
1057
1057
1055
1055
1055
1055
1054
1054
1054
1054
1054
1054
1054
1053
1053
1052
1051
1051
1051
1050
1050
1050
1049
1049
1049
1048
1048
1048
1048
1048
1047
1047
1047
1047
1046
1046
1046
1045
1045
1044
1044
1044
1044
1044
1044
1044
1044
1044
1043
1043
1043
1042
1042
1042
1041
1041
1041
1041
1041
1041
1040
1039
1039
1039
1039
1039
1039
1039
1039
1038
1038
1038
1037
1037
1037
1035
1035
1035
1035
1035
1034
1034
1034
1034
1033
1033
1033
1033
1033
1033
1033
1033
1033
1033
1032
1032
1032
1031
1031
1031
1031
1031
1031
1031
1030
1030
1029
1029
1029
1029
1029
1029
1028
1028
1028
1028
1027
1027
1027
1027
1027
1027
1027
1027
1027
1026
1026
1026
1025
1025
1025
1023
1023
1023
1023
1022
1022
1022
1022
1022
1021
1021
1021
1021
1021
1021
1020
1020
1019
1019
1019
1018
1018
1018
1018
1018
1017
1017
1017
1016
1016
1016
1016
1016
1016
1016
1015
1015
1015
1015
1015
1015
1015
1015
1014
1014
1014
1014
1013
1013
1013
1013
1012
1011
1011
1011
1011
1010
1010
1010
1010
1010
1010
1010
1010
1009
1009
1009
1009
1008
1008
1008
1007
1007
1007
1007
1007
1006
1006
1006
1005
1005
1005
1005
1004
1004
1004
1004
1004
1004
1004
1004
1003
1003
1003
1002
1002
1002
1002
1002
1002
1001
1001
1000
1000
999
999
999
999
999
998
998
997
997
997
996
996
996
995
995
995
994
994
994
994
994
994
993
993
992
992
992
992
992
991
991
991
990
990
990
990
990
989
989
989
989
989
988
988
988
988
988
987
987
987
987
987
987
987
987
986
986
986
986
986
985
985
984
983
983
983
983
983
983
983
983
983
983
983
982
982
982
982
982
982
981
981
981
981
981
981
980
980
980
980
980
979
979
979
978
978
978
978
978
977
977
977
977
977
977
977
976
976
976
976
976
976
976
975
975
975
975
975
975
974
973
973
973
973
973
973
973
973
973
972
972
972
971
970
970
970
970
969
969
969
968
968
968
967
967
967
967
967
967
967
966
966
965
965
964
962
962
962
961
961
961
961
961
961
960
960
960
959
959
959
958
958
958
958
957
957
957
957
957
956
956
955
955
955
955
955
955
955
955
955
954
954
953
953
953
952
952
952
951
951
951
951
951
950
950
950
950
949
949
949
948
948
947
947
947
947
946
946
946
946
946
946
945
945
945
944
944
943
943
943
943
942
942
942
941
941
941
941
941
940
940
940
940
940
939
939
939
939
939
939
939
938
938
938
937
936
936
936
936
936
936
935
935
934
934
934
934
934
934
934
933
933
933
933
932
932
932
932
932
932
931
931
931
931
931
930
929
929
929
929
929
929
929
929
929
928
928
928
928
928
928
928
928
927
927
926
926
926
926
926
926
926
926
925
925
925
925
925
924
924
924
924
924
924
924
923
923
923
923
922
922
922
922
921
921
921
921
921
920
920
919
919
919
919
918
918
917
917
917
917
917
917
917
916
916
916
916
915
915
915
915
914
914
914
914
913
913
913
913
913
913
913
913
913
913
913
913
912
912
911
910
910
910
909
909
909
909
909
909
909
909
908
908
908
908
908
908
908
907
907
907
906
906
906
906
906
905
905
904
903
903
903
903
903
902
902
902
902
902
901
901
901
901
901
901
901
901
901
901
900
900
900
900
900
900
900
900
899
899
899
899
899
899
898
897
897
897
897
897
896
896
896
896
896
895
894
894
894
894
893
893
893
893
893
893
892
892
892
892
892
892
892
892
892
892
891
891
891
890
890
890
889
889
888
888
888
888
888
888
888
888
888
887
887
887
887
886
886
886
886
886
885
885
885
885
884
884
884
884
884
883
883
883
883
883
882
882
882
882
882
881
881
881
881
881
881
880
880
878
878
877
877
876
876
876
876
876
875
875
875
875
875
875
875
874
874
874
874
873
873
873
873
873
873
873
873
872
872
872
871
871
871
871
870
870
870
870
870
870
869
869
869
868
868
868
868
868
868
867
867
867
867
866
866
866
866
865
865
865
865
865
864
864
863
863
863
862
862
862
861
861
861
861
861
860
860
860
860
859
859
859
859
859
859
858
858
858
858
858
858
858
858
857
857
857
856
856
856
856
856
856
855
855
855
855
855
854
854
854
854
854
854
854
854
854
854
854
853
853
853
853
852
852
852
852
851
851
851
851
851
851
850
850
850
850
850
850
850
850
850
849
849
849
849
849
848
848
848
848
848
848
848
847
847
847
847
847
847
847
846
846
846
846
846
845
845
844
844
844
843
843
843
843
843
843
843
843
842
842
842
842
842
842
842
841
841
841
841
840
840
840
840
840
840
840
840
839
839
839
839
838
838
838
838
838
838
838
838
837
837
837
837
837
837
837
836
836
836
836
836
836
836
836
836
835
835
835
834
834
833
833
833
833
832
832
832
832
832
832
832
832
831
831
831
831
831
831
831
831
831
830
830
830
830
829
829
829
829
829
829
829
829
828
828
828
828
827
827
827
827
827
827
827
827
826
826
826
826
826
825
825
825
825
825
825
824
824
824
824
824
824
823
823
823
823
823
823
823
823
822
822
822
822
822
822
822
822
822
822
821
821
821
821
821
820
820
820
820
820
819
819
819
819
819
819
819
818
818
818
818
817
817
817
817
817
817
817
817
817
817
817
817
817
816
816
816
816
816
816
816
816
816
816
815
815
815
815
815
815
814
814
814
814
814
813
813
813
813
813
813
812
812
812
812
811
811
811
811
810
810
810
809
809
809
809
809
808
808
807
807
807
807
807
807
807
807
807
807
806
806
806
806
806
806
806
806
806
806
806
806
806
806
806
805
805
805
805
805
805
804
804
804
804
803
803
803
803
803
803
803
802
802
801
801
801
801
801
801
801
801
801
800
800
800
800
800
800
800
800
800
799
799
799
799
799
799
799
798
798
797
797
797
797
797
797
797
797
797
797
796
796
796
796
796
796
796
796
795
795
795
795
795
795
795
795
795
795
795
794
794
794
793
793
793
792
792
792
792
791
791
791
791
791
791
791
791
790
790
790
790
790
790
790
790
789
789
789
789
788
788
788
788
788
787
787
787
787
787
787
787
786
786
786
786
786
785
785
785
785
785
785
785
785
785
784
784
784
784
784
784
784
783
783
783
783
783
783
782
782
782
782
782
782
782
782
782
782
782
782
781
781
781
781
781
780
780
780
780
779
779
779
779
779
779
779
779
779
779
779
778
778
778
777
777
777
777
777
777
777
776
776
776
776
776
776
775
775
775
775
775
775
774
774
774
774
774
773
773
773
773
773
773
773
773
773
773
772
772
772
772
772
772
772
772
772
772
772
772
772
771
771
770
770
770
770
770
770
770
770
770
769
769
769
768
768
768
767
767
767
767
767
767
766
766
766
766
766
765
765
765
765
765
765
765
765
765
765
765
765
764
764
764
764
764
764
764
764
764
764
764
764
763
763
763
763
763
763
763
763
763
763
763
762
762
762
762
762
762
762
762
761
761
761
761
760
760
760
760
760
760
760
760
760
760
760
759
759
759
759
759
758
758
758
758
758
757
757
757
757
757
757
757
757
757
756
756
756
756
756
756
755
755
755
755
755
755
754
754
754
754
754
754
754
753
753
753
753
753
753
753
753
753
752
752
752
752
752
752
751
751
751
751
751
751
751
750
750
750
750
750
750
750
749
749
749
748
748
748
748
748
748
748
748
748
748
747
747
747
747
747
747
747
747
747
747
747
747
746
746
746
746
746
745
745
745
745
745
745
745
744
744
744
744
744
744
744
744
744
744
743
743
743
743
743
743
743
743
743
742
742
742
742
742
742
742
742
742
742
742
742
742
742
741
741
741
741
741
741
741
740
740
740
740
740
740
740
740
740
740
740
739
739
739
739
739
739
739
739
739
738
738
738
738
738
738
738
738
738
738
737
737
737
737
737
737
736
736
736
736
736
736
736
736
736
736
736
736
736
736
735
735
735
735
735
735
735
735
735
735
734
734
734
734
734
734
733
733
733
733
733
733
733
733
733
733
733
733
733
733
733
733
732
732
732
732
732
732
732
732
732
731
731
731
731
731
731
731
730
730
730
730
730
729
729
729
729
729
729
729
729
729
729
729
728
728
728
728
727
727
727
726
726
726
726
726
726
726
725
725
725
725
725
724
724
724
724
724
724
724
723
723
723
723
722
722
722
722
722
722
722
722
722
722
722
722
722
722
722
722
721
721
721
721
721
721
721
721
721
721
721
720
720
720
720
720
720
720
720
720
719
719
719
719
719
719
719
719
719
718
718
718
718
718
717
717
717
717
717
717
717
716
716
716
716
716
716
716
715
715
715
715
715
715
715
715
715
715
715
714
714
714
714
713
713
713
713
713
713
713
713
712
712
712
712
712
712
712
712
712
712
712
711
711
711
711
711
711
711
711
711
711
710
710
710
710
710
710
710
710
710
710
710
709
709
709
709
709
709
709
709
709
709
709
709
709
708
708
708
708
708
708
708
707
707
707
707
707
707
706
706
706
706
706
706
706
706
706
706
706
705
705
705
705
705
705
705
705
705
705
705
704
704
704
704
703
703
703
703
703
703
703
703
703
703
703
702
702
702
702
702
702
701
701
701
701
701
701
701
700
700
700
700
700
700
700
700
700
699
699
699
699
699
699
699
699
699
699
698
698
698
698
698
698
698
698
698
697
697
697
697
697
697
697
697
697
697
697
697
697
696
696
696
696
696
695
695
695
695
695
695
695
695
695
695
695
695
694
694
694
694
694
694
694
694
694
694
694
693
693
693
693
693
692
692
692
692
692
692
692
692
692
692
692
692
691
691
691
691
691
691
690
690
690
690
690
690
690
689
689
689
689
689
689
689
689
689
688
688
688
688
688
688
688
688
688
688
688
688
688
688
687
687
687
687
687
687
687
687
687
687
686
686
686
686
686
686
686
686
686
686
686
686
686
685
685
685
685
685
685
685
685
685
685
685
685
685
685
685
685
684
684
684
684
684
684
684
684
684
684
684
684
684
684
683
683
683
683
683
683
683
682
682
682
682
682
682
682
682
682
681
681
681
681
681
681
681
681
681
681
681
681
681
681
681
681
681
681
680
680
680
680
680
680
680
680
680
680
680
680
679
679
679
679
679
679
679
679
679
679
679
678
678
678
678
678
678
678
678
678
678
678
678
678
677
677
677
677
677
677
677
677
677
677
677
677
677
676
676
676
676
676
676
676
676
676
676
675
675
675
675
675
675
675
675
674
674
674
674
674
674
674
674
674
674
674
674
674
673
673
673
673
673
673
673
673
673
673
673
673
672
672
672
672
672
672
672
672
672
672
672
672
672
672
671
671
671
670
670
670
670
670
670
670
669
669
669
669
669
669
669
669
669
669
669
668
668
668
668
668
668
668
668
668
668
668
667
667
667
667
667
667
667
667
666
666
666
666
666
666
666
666
666
666
666
666
666
665
665
665
665
665
665
665
665
664
664
664
664
664
664
664
664
664
664
664
664
663
663
663
663
663
663
663
663
663
663
663
663
662
662
662
662
662
662
662
662
662
661
661
661
661
661
661
660
660
660
660
660
660
660
660
660
660
660
660
660
659
659
659
659
659
659
659
659
659
658
658
658
658
658
658
658
658
658
658
658
657
657
657
657
657
657
657
657
657
657
656
656
656
656
656
656
656
656
656
656
656
655
655
655
655
655
655
655
655
655
655
654
654
654
654
654
654
654
654
654
653
653
653
653
653
653
653
653
653
653
653
652
652
652
652
652
652
652
652
652
652
652
651
651
651
651
651
651
651
651
650
650
650
650
650
650
650
650
649
649
649
649
649
649
649
648
648
648
648
648
648
648
648
648
648
648
648
648
648
647
647
647
647
647
647
647
647
647
647
647
646
646
646
646
646
646
646
646
646
646
646
645
645
645
645
645
645
645
645
645
645
645
644
644
644
644
644
644
644
644
644
644
644
643
643
643
643
643
643
643
643
643
643
643
643
643
643
643
642
642
642
642
642
642
642
642
642
642
642
642
642
642
642
641
641
641
641
641
641
641
641
641
641
641
641
641
641
641
641
641
640
640
640
640
640
640
640
640
640
640
640
640
640
639
639
639
639
639
639
639
639
639
639
639
639
639
639
639
639
639
639
638
638
638
638
638
638
638
638
638
638
638
638
637
637
637
637
637
637
637
637
637
637
637
637
636
636
636
636
636
636
636
636
636
636
636
636
636
636
636
636
635
635
635
635
635
635
635
635
635
635
634
634
634
634
634
634
634
634
634
634
634
634
634
634
634
634
633
633
633
633
633
633
633
633
633
633
633
633
632
632
632
632
632
632
632
632
632
632
632
632
632
632
632
632
632
632
632
631
631
631
631
631
631
631
631
631
631
630
630
630
630
630
630
630
630
630
630
630
630
630
630
630
629
629
629
629
629
629
629
629
629
629
629
629
629
629
629
629
629
629
628
628
628
628
628
628
628
628
628
628
627
627
627
627
627
627
627
627
627
627
627
627
627
627
627
627
626
626
626
626
626
626
626
626
626
626
625
625
625
625
625
625
625
625
625
625
625
625
625
625
625
625
625
625
624
624
624
624
624
624
624
624
624
624
624
624
624
624
624
623
623
623
623
623
623
623
623
623
623
622
622
622
622
622
622
622
622
622
622
622
622
622
622
622
622
622
622
622
621
621
621
621
621
621
621
621
621
621
621
621
620
620
620
620
620
620
620
620
619
619
619
619
619
619
619
619
619
619
619
619
618
618
618
618
618
618
618
618
617
617
617
617
617
617
617
617
617
617
617
617
616
616
616
616
616
616
616
616
616
616
616
616
616
616
615
615
615
615
615
615
615
615
615
615
615
615
614
614
614
614
614
614
614
614
614
614
614
614
613
613
613
613
613
613
613
613
613
612
612
612
612
612
612
612
612
612
612
612
612
612
612
612
611
611
611
611
611
611
611
611
611
611
611
611
611
611
611
610
610
610
610
610
610
610
610
610
610
610
610
610
610
610
610
610
609
609
609
609
609
609
609
609
609
609
609
609
609
609
609
609
609
609
609
609
608
608
608
608
608
608
608
608
608
608
608
608
608
608
607
607
607
607
607
607
607
607
607
607
607
606
606
606
606
606
606
606
606
606
606
606
606
606
606
606
606
606
606
605
605
605
605
605
605
605
605
605
605
605
605
604
604
604
604
604
604
604
604
604
604
604
604
604
604
604
603
603
603
603
603
603
603
603
603
603
603
603
603
603
603
603
603
602
602
602
602
602
602
602
602
602
602
602
602
601
601
601
601
601
601
601
601
601
601
601
601
600
600
600
600
600
600
600
600
600
600
600
600
600
600
600
600
600
600
600
600
600
600
599
599
599
599
599
599
599
599
599
599
599
599
599
599
599
599
599
598
598
598
598
598
598
598
598
598
598
598
598
598
597
597
597
597
597
597
597
597
597
597
597
597
597
597
597
597
597
597
596
596
596
596
596
596
596
596
596
596
596
596
596
595
595
595
595
595
595
595
595
595
595
595
595
595
595
595
595
595
595
594
594
594
594
594
594
594
594
594
594
594
594
594
594
594
594
594
593
593
593
593
593
593
593
593
593
593
593
593
593
593
593
593
592
592
592
592
592
592
592
592
592
592
592
592
592
592
592
592
592
592
592
592
592
592
591
591
591
591
591
591
591
591
591
591
591
591
591
591
590
590
590
590
590
590
590
590
590
590
589
589
589
589
589
589
589
589
589
589
589
589
589
589
589
589
589
589
589
589
589
589
589
588
588
588
588
588
588
588
588
588
588
588
588
588
588
588
588
588
588
588
588
588
588
588
587
587
587
587
587
587
587
587
587
587
587
587
587
587
587
587
586
586
586
586
586
586
586
586
586
586
586
586
586
586
586
585
585
585
585
585
585
585
585
585
585
585
585
585
585
585
585
585
585
585
585
585
584
584
584
584
584
584
584
584
583
583
583
583
583
583
583
583
583
583
583
583
583
583
583
582
582
582
582
582
582
582
582
582
581
581
581
581
581
581
581
581
581
581
581
581
581
581
581
581
581
581
581
581
581
581
581
580
580
580
580
580
580
580
580
580
580
580
580
580
580
580
580
580
580
580
580
579
579
579
579
579
579
579
579
579
578
578
578
578
578
578
578
578
578
578
578
578
578
578
578
578
578
578
578
578
577
577
577
577
577
577
577
576
576
576
576
576
576
576
576
576
576
576
576
576
576
576
576
576
576
576
576
575
575
575
575
575
575
575
575
575
575
575
575
575
575
575
575
575
575
575
575
574
574
574
574
574
574
574
574
574
574
574
574
574
574
574
574
573
573
573
573
573
573
573
573
573
573
573
573
573
573
573
573
573
573
573
573
573
573
573
572
572
572
572
572
572
572
572
572
572
572
572
572
572
572
571
571
571
571
571
571
571
571
571
571
571
571
571
571
571
571
571
571
571
571
571
571
570
570
570
570
570
570
570
570
570
570
570
570
570
569
569
569
569
569
569
569
569
569
569
569
569
569
569
569
569
569
568
568
568
568
568
568
568
568
568
568
568
568
568
568
568
568
568
568
568
567
567
567
567
567
567
567
567
567
567
567
567
567
567
567
567
567
567
567
567
567
567
567
567
567
567
566
566
566
566
566
566
566
566
566
566
566
566
566
566
565
565
565
565
565
565
565
565
565
565
565
565
565
565
565
564
564
564
564
564
564
564
564
564
564
564
563
563
563
563
563
563
563
563
563
563
563
563
563
563
563
563
563
563
563
563
563
563
563
563
563
562
562
562
562
562
562
562
562
562
562
562
562
562
562
562
562
562
562
562
562
562
562
562
561
561
561
561
561
561
561
561
561
561
561
561
561
560
560
560
560
560
560
560
560
559
559
559
559
559
559
559
559
559
559
559
559
559
559
559
559
559
558
558
558
558
558
558
558
558
558
558
558
558
558
558
558
558
558
558
558
558
557
557
557
557
557
557
557
557
557
557
557
557
557
557
557
556
556
556
556
556
556
556
556
556
556
556
556
556
556
555
555
555
555
555
555
555
555
555
555
555
555
555
554
554
554
554
554
554
554
554
554
554
554
554
554
554
554
554
554
554
554
553
553
553
553
553
553
553
553
553
553
553
553
553
553
552
552
552
552
552
552
552
552
552
552
552
552
552
552
552
552
551
551
551
551
551
551
551
551
551
551
551
551
551
551
551
551
551
551
551
550
550
550
550
550
550
550
549
549
549
549
549
549
549
549
549
549
549
549
549
549
549
549
549
549
549
549
549
549
549
549
549
549
549
549
548
548
548
548
548
548
548
548
548
548
548
548
548
548
548
548
548
548
548
548
548
548
548
547
547
547
547
547
547
547
547
547
547
547
547
547
546
546
546
546
546
546
546
546
546
546
546
545
545
545
545
545
545
545
545
545
545
545
545
545
545
545
545
545
545
545
545
545
545
545
545
545
545
545
545
544
544
544
544
544
544
544
544
544
544
544
544
543
543
543
543
543
543
543
543
543
543
543
543
542
542
542
542
542
542
542
542
542
542
542
542
542
542
542
542
542
542
542
542
541
541
541
541
541
541
541
541
541
541
541
541
541
541
541
541
540
540
540
540
540
540
540
540
540
540
540
540
540
540
540
540
540
540
540
540
539
539
539
539
539
539
539
539
539
539
539
539
539
539
539
539
539
539
539
539
538
538
538
538
538
538
538
538
538
538
538
538
538
538
538
538
538
538
537
537
537
537
537
537
537
537
537
537
537
537
537
537
537
536
536
536
536
536
536
536
536
536
536
536
535
535
535
535
535
535
535
535
535
535
535
534
534
534
534
534
534
534
534
534
534
534
534
534
534
533
533
533
533
533
533
533
533
533
533
533
533
532
532
532
532
532
532
532
532
532
532
532
532
532
532
532
532
532
532
532
532
532
532
532
532
532
532
531
531
531
531
531
531
531
531
531
531
531
531
531
531
530
530
530
530
530
530
530
530
530
530
530
530
530
529
529
529
529
529
529
529
529
529
529
529
529
529
529
529
529
529
529
529
529
528
528
528
528
528
528
528
528
528
528
528
528
528
528
528
528
528
528
528
528
527
527
527
527
527
527
527
527
527
527
527
527
527
527
527
527
527
527
527
526
526
526
526
526
526
526
526
526
526
526
525
525
525
525
525
525
525
525
525
525
525
525
525
525
525
525
525
525
525
525
525
525
525
525
525
524
524
524
524
524
524
524
524
524
524
524
524
524
524
524
524
524
523
523
523
523
523
523
523
523
523
523
523
523
523
523
523
523
523
522
522
522
522
522
522
522
522
522
522
522
522
522
522
522
522
522
522
522
522
522
522
522
521
521
521
521
521
521
521
521
521
521
521
521
521
521
521
521
521
521
521
521
521
520
520
520
520
520
520
520
520
520
520
520
520
520
520
520
520
520
519
519
519
519
519
519
519
519
519
519
519
519
519
519
519
518
518
518
518
518
518
518
518
518
518
518
518
518
518
518
518
518
518
518
518
518
518
518
518
517
517
517
517
517
517
517
517
517
517
517
517
517
517
517
517
517
517
517
517
517
517
517
516
516
516
516
516
516
516
516
516
516
516
516
516
516
516
516
516
516
515
515
515
515
515
515
515
515
515
515
515
515
515
514
514
514
514
514
514
514
514
514
514
514
514
514
514
514
514
514
514
514
514
514
514
514
513
513
513
513
513
513
513
513
513
513
513
513
513
513
513
513
513
513
513
513
513
513
513
513
513
513
513
513
513
513
512
512
512
512
512
512
512
512
512
512
512
512
512
512
512
511
511
511
511
511
511
511
511
511
511
511
511
511
511
511
511
511
511
511
511
511
511
511
511
510
510
510
510
510
510
510
510
510
510
510
510
510
510
510
510
510
510
510
510
510
510
510
510
510
510
509
509
509
509
509
509
509
509
509
509
509
509
509
509
509
509
509
509
509
509
509
509
509
509
509
508
508
508
508
508
508
508
508
508
508
508
508
508
508
508
508
507
507
507
507
507
507
507
507
507
507
507
507
507
507
507
507
507
507
507
507
507
507
507
507
507
507
507
507
507
507
507
507
506
506
506
506
506
506
506
506
506
506
506
506
506
505
505
505
505
505
505
505
505
505
505
505
505
504
504
504
504
504
504
504
504
504
504
504
504
504
504
504
504
504
503
503
503
503
503
503
503
503
503
503
503
503
503
503
503
503
503
503
503
502
502
502
502
502
502
502
502
502
502
502
502
502
502
502
502
502
502
502
502
502
501
501
501
501
501
501
501
501
501
501
501
501
501
501
501
501
501
501
501
501
500
500
500
500
500
500
500
500
500
500
500
500
500
500
500
500
500
500
500
500
500
500
500
499
499
499
499
499
499
499
499
499
499
499
499
499
499
499
499
499
499
499
499
499
499
499
499
499
499
499
499
498
498
498
498
498
498
498
498
498
498
498
498
498
498
498
498
498
498
498
498
498
498
498
498
497
497
497
497
497
497
497
497
497
497
497
497
497
497
497
497
497
497
497
497
497
497
497
497
497
496
496
496
496
496
496
496
496
496
496
496
496
496
496
496
496
496
496
496
496
496
496
496
496
496
496
496
496
496
496
495
495
495
495
495
495
495
495
495
495
495
495
495
495
495
495
495
495
495
495
495
495
495
495
494
494
494
494
494
494
494
494
494
494
494
494
494
494
494
494
494
494
494
494
493
493
493
493
493
493
493
493
493
493
493
493
493
493
493
493
493
493
493
493
493
492
492
492
492
492
492
492
492
492
492
492
492
492
492
492
492
492
492
492
492
492
492
492
492
492
491
491
491
491
491
491
491
491
491
491
491
491
491
491
491
491
490
490
490
490
490
490
490
490
490
490
490
490
490
490
490
490
490
490
490
489
489
489
489
489
489
489
489
489
489
489
489
489
489
489
489
489
489
489
489
488
488
488
488
488
488
488
488
488
488
488
488
488
488
488
488
488
488
488
488
488
488
488
488
488
487
487
487
487
487
487
487
487
487
487
487
487
487
487
487
487
487
487
487
487
487
487
486
486
486
486
486
486
486
486
486
486
486
486
486
486
486
486
486
485
485
485
485
485
485
485
485
485
485
485
485
485
485
485
485
485
485
485
485
485
485
485
485
485
485
485
485
484
484
484
484
484
484
484
484
484
484
484
484
484
484
484
484
484
484
484
483
483
483
483
483
483
483
483
483
483
483
483
483
483
483
483
483
483
483
483
482
482
482
482
482
482
482
482
482
482
482
482
482
482
482
482
482
481
481
481
481
481
481
481
481
481
481
481
481
481
481
481
481
481
481
481
481
481
480
480
480
480
480
480
480
480
480
480
480
480
480
480
480
479
479
479
479
479
479
479
479
479
479
479
479
479
479
479
479
479
479
479
479
479
478
478
478
478
478
478
478
478
478
478
478
478
478
478
478
478
478
478
478
478
478
477
477
477
477
477
477
477
477
477
477
477
477
477
477
477
477
477
477
477
476
476
476
476
476
476
476
476
476
476
476
476
476
476
476
476
476
475
475
475
475
475
475
475
475
475
475
475
475
475
475
475
475
475
475
475
474
474
474
474
474
474
474
474
474
474
474
474
474
474
474
474
474
474
474
474
474
474
474
474
474
473
473
473
473
473
473
473
473
473
473
473
473
473
473
473
473
473
473
473
473
473
473
473
472
472
472
472
472
472
472
472
472
472
472
472
472
472
472
472
472
472
472
471
471
471
471
471
471
471
471
471
471
471
471
471
471
471
471
471
471
471
471
471
471
471
470
470
470
470
470
470
470
470
470
470
470
470
470
470
470
470
470
469
469
469
469
469
469
469
469
469
469
469
469
469
469
469
469
469
469
468
468
468
468
468
468
468
468
468
468
468
468
468
468
468
468
468
468
467
467
467
467
467
467
467
467
467
467
467
467
467
467
467
467
467
467
467
467
467
467
467
467
467
467
467
467
466
466
466
466
466
466
466
466
466
466
466
466
466
466
466
466
466
466
466
466
466
466
466
465
465
465
465
465
465
465
465
465
465
465
465
465
465
465
465
465
465
465
465
465
465
465
465
465
465
465
465
465
465
464
464
464
464
464
464
464
464
464
464
464
464
464
464
464
464
464
464
464
464
464
464
464
463
463
463
463
463
463
463
463
463
463
463
463
463
463
463
463
463
463
463
463
463
463
463
463
463
463
462
462
462
462
462
462
462
462
462
462
462
462
462
462
462
462
462
462
461
461
461
461
461
461
461
461
461
461
461
461
461
461
461
461
461
461
461
461
460
460
460
460
460
460
460
460
460
460
460
460
460
460
460
460
460
460
460
460
460
460
460
460
460
460
460
460
459
459
459
459
459
459
459
459
459
459
459
459
459
459
459
459
459
459
459
459
459
459
459
459
459
459
458
458
458
458
458
458
458
458
458
458
458
458
458
458
458
458
458
458
458
458
458
458
458
457
457
457
457
457
457
457
457
457
457
457
457
457
457
457
457
457
457
457
457
457
457
457
457
457
457
457
456
456
456
456
456
456
456
456
456
456
456
456
456
456
456
456
456
456
456
456
456
456
455
455
455
455
455
455
455
455
455
455
455
455
455
455
455
455
455
455
455
454
454
454
454
454
454
454
454
454
454
454
454
454
454
454
454
453
453
453
453
453
453
453
453
453
453
453
453
453
453
453
453
453
453
453
453
453
453
453
453
453
453
453
453
453
453
453
453
453
452
452
452
452
452
452
452
452
452
452
452
452
452
452
452
452
452
452
452
452
452
452
452
452
452
452
451
451
451
451
451
451
451
451
451
451
451
451
451
451
451
451
451
451
451
450
450
450
450
450
450
450
450
450
450
450
450
450
450
450
450
450
450
449
449
449
449
449
449
449
449
449
449
449
449
449
449
449
449
449
449
449
449
449
449
449
449
449
448
448
448
448
448
448
448
448
448
448
448
448
448
448
448
448
448
448
448
447
447
447
447
447
447
447
447
447
447
447
447
447
447
447
447
447
447
447
447
447
447
447
447
447
447
447
447
447
447
446
446
446
446
446
446
446
446
446
446
446
446
446
446
446
446
446
446
446
446
446
446
446
446
446
446
446
446
446
446
446
446
445
445
445
445
445
445
445
445
445
445
445
445
445
445
445
445
445
445
445
445
445
445
445
445
445
445
445
444
444
444
444
444
444
444
444
444
444
444
444
444
444
444
444
444
444
444
444
444
444
444
444
444
444
444
443
443
443
443
443
443
443
443
443
443
443
443
443
443
443
443
443
443
443
443
443
443
443
443
443
443
443
443
443
442
442
442
442
442
442
442
442
442
442
442
442
442
442
442
442
442
442
442
442
442
442
442
442
442
442
442
442
442
441
441
441
441
441
441
441
441
441
441
441
441
441
441
441
441
441
441
441
441
441
441
441
440
440
440
440
440
440
440
440
440
440
440
440
440
440
440
440
440
440
440
440
440
440
440
440
440
440
440
439
439
439
439
439
439
439
439
439
439
439
439
439
439
439
439
439
439
439
439
439
439
439
439
439
439
439
439
439
439
439
439
439
438
438
438
438
438
438
438
438
438
438
438
438
438
438
438
438
438
438
438
438
438
438
438
438
438
437
437
437
437
437
437
437
437
437
437
437
437
437
437
437
437
437
437
437
437
437
437
437
437
437
437
437
436
436
436
436
436
436
436
436
436
436
436
436
436
436
436
436
436
436
436
436
436
436
436
436
436
436
436
436
436
436
436
436
435
435
435
435
435
435
435
435
435
435
435
435
435
435
435
435
435
435
435
435
435
435
435
435
435
435
435
435
435
434
434
434
434
434
434
434
434
434
434
434
434
434
434
434
434
434
434
434
434
434
434
434
434
434
434
434
434
434
433
433
433
433
433
433
433
433
433
433
433
433
433
433
433
433
433
433
433
433
433
433
433
432
432
432
432
432
432
432
432
432
432
432
432
432
432
432
432
432
432
432
432
432
432
432
432
432
432
432
432
432
432
432
432
432
432
432
431
431
431
431
431
431
431
431
431
431
431
431
431
431
431
431
431
431
431
431
431
431
430
430
430
430
430
430
430
430
430
430
430
430
430
430
430
430
430
430
430
430
430
430
430
430
429
429
429
429
429
429
429
429
429
429
429
429
429
429
429
429
429
429
429
429
429
429
429
429
429
429
429
429
429
429
429
429
429
429
428
428
428
428
428
428
428
428
428
428
428
428
428
428
428
428
428
428
428
428
428
428
428
428
428
427
427
427
427
427
427
427
427
427
427
427
427
427
427
427
427
427
427
427
427
427
427
427
426
426
426
426
426
426
426
426
426
426
426
426
426
426
426
426
426
426
426
426
426
425
425
425
425
425
425
425
425
425
425
425
425
425
425
425
425
425
425
425
425
425
425
425
425
425
425
425
424
424
424
424
424
424
424
424
424
424
424
424
424
424
424
424
424
424
424
424
424
424
424
424
424
424
424
424
424
424
424
424
424
424
424
423
423
423
423
423
423
423
423
423
423
423
423
423
423
423
423
423
423
423
423
423
423
423
423
423
422
422
422
422
422
422
422
422
422
422
422
422
422
422
422
422
422
422
422
422
422
422
422
421
421
421
421
421
421
421
421
421
421
421
421
421
421
421
421
421
421
421
421
421
421
421
421
421
420
420
420
420
420
420
420
420
420
420
420
420
420
420
420
420
420
420
420
420
420
420
420
420
420
420
420
420
420
420
420
420
420
420
420
420
420
419
419
419
419
419
419
419
419
419
419
419
419
419
419
419
419
419
419
419
419
419
419
419
419
419
419
419
419
419
419
418
418
418
418
418
418
418
418
418
418
418
418
418
418
418
418
418
418
418
418
418
418
418
418
417
417
417
417
417
417
417
417
417
417
417
417
417
417
417
417
417
417
417
417
417
417
417
417
417
417
417
416
416
416
416
416
416
416
416
416
416
416
416
416
416
416
416
416
416
416
416
416
416
415
415
415
415
415
415
415
415
415
415
415
415
415
415
415
415
415
415
415
415
415
415
415
415
415
415
415
415
415
415
414
414
414
414
414
414
414
414
414
414
414
414
414
414
414
414
414
414
414
414
414
414
414
414
414
413
413
413
413
413
413
413
413
413
413
413
413
413
413
413
413
413
413
413
413
413
413
413
413
413
413
413
413
413
413
413
413
413
413
413
413
413
412
412
412
412
412
412
412
412
412
412
412
412
412
412
412
412
412
412
412
412
411
411
411
411
411
411
411
411
411
411
411
411
411
411
411
411
411
411
411
411
411
411
411
411
411
411
411
411
411
410
410
410
410
410
410
410
410
410
410
410
410
410
410
410
410
410
410
410
410
410
410
410
410
410
410
410
410
410
409
409
409
409
409
409
409
409
409
409
409
409
409
409
409
409
409
409
409
409
409
408
408
408
408
408
408
408
408
408
408
408
408
408
408
408
408
408
408
408
408
408
408
408
408
408
408
407
407
407
407
407
407
407
407
407
407
407
407
407
407
407
407
407
407
407
407
407
407
407
407
407
407
407
407
407
407
407
407
407
407
407
407
406
406
406
406
406
406
406
406
406
406
406
406
406
406
406
406
406
406
406
406
406
405
405
405
405
405
405
405
405
405
405
405
405
405
405
405
405
405
405
405
405
405
405
405
405
405
405
405
405
405
405
405
405
404
404
404
404
404
404
404
404
404
404
404
404
404
404
404
404
404
404
404
404
404
404
404
404
404
404
404
404
404
404
404
404
404
403
403
403
403
403
403
403
403
403
403
403
403
403
403
403
403
403
403
403
403
403
402
402
402
402
402
402
402
402
402
402
402
402
402
402
402
402
402
402
402
402
402
402
402
402
402
402
402
402
402
402
401
401
401
401
401
401
401
401
401
401
401
401
401
401
401
401
401
401
401
401
401
401
401
401
401
401
401
401
401
401
401
401
400
400
400
400
400
400
400
400
400
400
400
400
400
400
400
400
400
400
400
400
400
400
400
400
400
400
400
400
400
400
399
399
399
399
399
399
399
399
399
399
399
399
399
399
399
399
399
399
399
399
399
399
399
399
399
399
399
399
398
398
398
398
398
398
398
398
398
398
398
398
398
398
398
398
398
398
398
398
398
398
398
398
397
397
397
397
397
397
397
397
397
397
397
397
397
397
397
397
397
397
397
397
397
397
397
397
397
396
396
396
396
396
396
396
396
396
396
396
396
396
396
396
396
396
396
396
396
396
396
396
396
396
396
396
396
396
396
396
396
396
396
396
396
395
395
395
395
395
395
395
395
395
395
395
395
395
395
395
395
395
395
395
395
395
395
395
395
395
395
395
395
395
395
395
395
395
395
395
395
395
395
395
395
395
395
395
395
395
394
394
394
394
394
394
394
394
394
394
394
394
394
394
394
394
394
394
394
394
394
394
394
394
394
394
394
394
394
394
393
393
393
393
393
393
393
393
393
393
393
393
393
393
393
393
393
393
393
393
393
393
393
393
393
393
393
393
392
392
392
392
392
392
392
392
392
392
392
392
392
392
392
392
392
392
392
392
392
392
392
391
391
391
391
391
391
391
391
391
391
391
391
391
391
391
391
391
391
391
391
391
391
391
391
391
391
391
390
390
390
390
390
390
390
390
390
390
390
390
390
390
390
390
390
390
390
390
390
390
390
390
390
390
390
390
390
390
390
390
389
389
389
389
389
389
389
389
389
389
389
389
389
389
389
389
389
389
389
389
389
389
389
389
389
389
388
388
388
388
388
388
388
388
388
388
388
388
388
388
388
388
387
387
387
387
387
387
387
387
387
387
387
387
387
387
387
387
387
387
387
387
387
387
387
387
386
386
386
386
386
386
386
386
386
386
386
386
386
386
386
386
386
386
386
386
386
386
386
386
386
386
386
386
386
386
385
385
385
385
385
385
385
385
385
385
385
385
385
385
385
385
385
385
385
385
384
384
384
384
384
384
384
384
384
384
384
384
384
384
384
384
384
384
384
384
384
383
383
383
383
383
383
383
383
383
383
383
383
383
383
383
383
383
383
383
383
383
383
382
382
382
382
382
382
382
382
382
382
382
382
382
382
382
382
382
381
381
381
381
381
381
381
381
381
381
381
381
381
381
381
381
380
380
380
380
380
380
380
380
380
380
380
380
380
380
380
380
380
380
380
380
379
379
379
379
379
379
379
379
379
379
379
379
379
379
379
379
379
378
378
378
378
378
378
378
378
378
378
378
378
378
378
378
377
377
377
377
377
377
377
377
377
377
377
377
377
376
376
376
376
376
376
376
376
376
376
376
376
376
376
376
376
376
375
375
375
375
375
375
375
375
375
375
374
374
374
374
374
374
374
374
374
373
373
373
373
373
373
373
373
373
373
373
373
373
373
372
372
372
372
372
372
372
372
372
372
372
372
372
371
371
371
371
371
371
371
371
370
370
370
370
370
370
370
370
370
369
369
369
369
369
369
369
369
369
369
369
368
368
368
368
368
367
367
367
367
367
367
367
367
367
367
367
367
367
367
367
367
367
367
367
366
366
366
366
366
366
366
365
365
365
365
365
365
365
365
365
365
365
364
364
364
364
364
364
363
363
363
363
363
363
363
363
363
363
363
363
363
363
362
362
362
362
362
362
361
361
361
361
361
361
361
361
360
360
360
360
359
359
359
359
359
359
359
359
359
359
359
358
358
358
358
357
357
357
356
356
356
356
356
356
355
355
355
355
355
354
354
354
354
354
354
353
353
353
353
352
351
350
350
349
349
349
349
349
349
348
348
348
348
348
348
347
347
347
346
346
346
346
346
345
345
345
344
344
344
343
343
343
343
343
343
342
341
341
341
340
340
339
339
338
338
338
337
337
337
336
336
336
335
334
334
333
333
333
332
332
331
330
329
328
328
327
327
326
325
325
325
322
322
322
322
321
320
319
318
318
316
314
314
313
313
311
309
306
304
304
301
300
299
290
275
268
261
255
255
255
255
254
240
240
225
225
225
225
223
218
218
218
214
211
208
208
208
208
205
204
204
204
200
200
198
185
184
182
182
182
182
182
180
179
175
168
168
167
163
163
156
147
147
142
141
140
137
134
129
128
