12086
10004
9550
7979
7817
7794
7747
7674
7643
7558
7467
7387
7304
7255
7222
7206
7140
7122
7055
7047
7030
7028
7020
6963
6962
6953
6951
6873
6845
6842
6842
6830
6704
6671
6666
6658
6623
6602
6581
6570
6516
6515
6490
6487
6471
6468
6468
6456
6456
6445
6443
6439
6439
6396
6390
6386
6382
6363
6361
6358
6356
6356
6347
6343
6338
6338
6333
6329
6328
6325
6324
6315
6306
6287
6279
6278
6271
6263
6252
6250
6232
6210
6193
6187
6178
6174
6171
6165
6163
6147
6145
6133
6121
6111
6110
6106
6104
6101
6099
6094
6090
6087
6086
6085
6084
6082
6080
6075
6073
6071
6069
6066
6060
6057
6049
6047
6039
6036
6031
6029
6022
6021
6012
6005
5997
5997
5984
5980
5979
5978
5976
5971
5970
5968
5962
5953
5941
5939
5939
5936
5935
5935
5930
5926
5924
5924
5920
5917
5916
5913
5910
5908
5906
5901
5899
5898
5893
5891
5885
5876
5873
5872
5869
5868
5867
5866
5863
5862
5860
5860
5855
5852
5850
5848
5843
5839
5831
5827
5822
5818
5817
5808
5808
5799
5798
5795
5794
5793
5785
5781
5781
5781
5778
5773
5772
5772
5766
5765
5759
5758
5758
5754
5743
5740
5735
5730
5725
5722
5720
5717
5716
5716
5715
5714
5713
5713
5705
5705
5701
5701
5696
5685
5684
5681
5674
5670
5670
5668
5659
5648
5646
5643
5643
5637
5634
5632
5630
5620
5619
5619
5619
5618
5615
5614
5606
5591
5587
5583
5580
5580
5580
5579
5578
5576
5572
5571
5571
5570
5569
5566
5564
5559
5559
5557
5554
5554
5549
5548
5546
5543
5539
5537
5529
5527
5526
5523
5522
5522
5522
5520
5519
5517
5517
5516
5515
5512
5512
5511
5508
5505
5501
5500
5499
5498
5497
5497
5495
5494
5490
5490
5485
5484
5482
5477
5477
5473
5472
5464
5464
5463
5461
5461
5460
5457
5456
5456
5452
5451
5448
5443
5438
5431
5427
5424
5423
5422
5421
5421
5418
5418
5417
5416
5413
5412
5408
5408
5408
5406
5403
5399
5398
5397
5397
5395
5387
5385
5383
5380
5378
5374
5373
5372
5372
5369
5369
5369
5369
5368
5368
5366
5366
5358
5358
5358
5356
5355
5354
5353
5352
5351
5351
5350
5350
5350
5349
5346
5342
5341
5340
5340
5335
5333
5332
5329
5327
5326
5325
5322
5322
5321
5318
5317
5316
5315
5315
5313
5312
5308
5308
5308
5306
5304
5303
5301
5297
5296
5295
5293
5291
5290
5289
5281
5281
5278
5273
5272
5271
5271
5270
5269
5269
5262
5261
5260
5256
5256
5256
5255
5253
5249
5248
5248
5237
5235
5231
5229
5228
5228
5226
5225
5221
5220
5216
5214
5212
5209
5209
5207
5206
5204
5199
5199
5199
5198
5197
5192
5190
5190
5188
5185
5185
5181
5180
5179
5176
5172
5171
5167
5167
5167
5159
5158
5157
5157
5155
5154
5153
5149
5149
5148
5148
5146
5145
5145
5142
5139
5138
5135
5135
5134
5134
5132
5132
5131
5129
5126
5126
5125
5124
5123
5122
5120
5120
5119
5118
5115
5113
5108
5108
5108
5107
5105
5104
5101
5099
5098
5095
5095
5094
5094
5093
5092
5092
5090
5088
5085
5083
5080
5079
5078
5075
5073
5072
5071
5071
5069
5066
5065
5065
5063
5062
5062
5060
5060
5058
5057
5051
5049
5048
5045
5044
5042
5041
5038
5035
5029
5027
5026
5026
5023
5022
5020
5019
5018
5018
5016
5014
5013
5013
5011
5010
5009
5007
5006
5004
5003
5003
5003
5002
5002
4998
4994
4994
4990
4989
4989
4988
4984
4983
4983
4983
4983
4980
4977
4975
4975
4974
4973
4969
4967
4967
4966
4966
4965
4964
4964
4964
4964
4963
4960
4959
4959
4958
4952
4951
4947
4946
4946
4946
4943
4939
4939
4939
4938
4938
4937
4937
4937
4936
4935
4934
4933
4933
4929
4928
4926
4925
4925
4924
4923
4922
4922
4919
4917
4917
4916
4916
4915
4912
4912
4911
4909
4906
4905
4904
4903
4903
4903
4898
4897
4897
4896
4895
4894
4891
4890
4890
4889
4886
4886
4885
4884
4883
4883
4882
4880
4880
4879
4879
4878
4878
4876
4876
4873
4871
4870
4869
4869
4868
4868
4867
4864
4863
4862
4859
4858
4857
4854
4854
4853
4852
4851
4850
4850
4849
4848
4848
4842
4842
4841
4841
4840
4840
4839
4835
4834
4834
4832
4832
4830
4829
4828
4828
4826
4826
4826
4825
4825
4825
4825
4824
4824
4822
4819
4819
4819
4817
4816
4810
4805
4803
4803
4802
4800
4797
4797
4795
4794
4794
4789
4788
4788
4788
4788
4788
4788
4784
4783
4780
4780
4775
4775
4774
4772
4771
4770
4770
4766
4766
4765
4765
4764
4762
4761
4760
4757
4757
4754
4752
4751
4750
4749
4748
4748
4747
4747
4746
4743
4740
4739
4738
4738
4737
4736
4735
4733
4732
4730
4730
4730
4728
4727
4726
4724
4722
4714
4714
4713
4713
4712
4711
4711
4711
4710
4710
4709
4709
4709
4707
4707
4705
4704
4702
4702
4700
4697
4696
4692
4691
4689
4688
4687
4685
4684
4682
4681
4681
4680
4680
4679
4679
4679
4678
4676
4675
4675
4674
4674
4673
4673
4673
4673
4670
4669
4666
4666
4665
4663
4662
4662
4662
4661
4661
4661
4660
4660
4658
4656
4656
4655
4654
4652
4652
4649
4648
4646
4645
4644
4643
4642
4642
4641
4641
4641
4640
4640
4639
4639
4638
4637
4633
4629
4629
4627
4626
4625
4624
4623
4621
4620
4620
4618
4618
4616
4614
4610
4608
4608
4608
4606
4604
4602
4602
4600
4600
4599
4599
4598
4597
4593
4593
4591
4590
4589
4588
4582
4580
4577
4577
4576
4572
4570
4569
4568
4567
4566
4564
4564
4562
4560
4560
4558
4551
4548
4548
4547
4544
4543
4541
4541
4540
4540
4540
4540
4539
4536
4535
4535
4535
4535
4535
4535
4534
4533
4530
4529
4528
4527
4526
4525
4522
4521
4519
4518
4518
4518
4516
4516
4516
4515
4512
4510
4509
4509
4508
4508
4507
4507
4507
4506
4504
4504
4504
4503
4502
4502
4501
4500
4497
4497
4496
4496
4496
4495
4493
4491
4490
4488
4485
4485
4483
4481
4476
4475
4475
4472
4472
4471
4470
4467
4466
4466
4465
4461
4460
4459
4458
4455
4455
4453
4452
4452
4452
4450
4450
4446
4440
4440
4438
4434
4433
4432
4430
4429
4426
4425
4425
4424
4424
4424
4421
4418
4416
4415
4413
4411
4410
4409
4409
4408
4406
4406
4405
4403
4402
4401
4401
4395
4395
4394
4392
4392
4392
4391
4390
4390
4390
4389
4389
4388
4385
4384
4384
4383
4382
4381
4381
4379
4379
4378
4376
4374
4373
4370
4367
4366
4366
4365
4365
4363
4363
4360
4359
4358
4358
4357
4357
4356
4356
4355
4355
4354
4354
4352
4350
4348
4345
4345
4343
4342
4339
4336
4329
4327
4326
4325
4325
4325
4324
4323
4321
4318
4318
4315
4312
4312
4311
4310
4308
4307
4306
4305
4305
4302
4302
4302
4302
4301
4296
4296
4296
4295
4294
4292
4289
4289
4288
4288
4288
4287
4287
4286
4286
4286
4280
4279
4278
4278
4278
4276
4276
4274
4273
4270
4270
4269
4263
4263
4263
4262
4260
4259
4253
4253
4252
4251
4249
4248
4246
4244
4244
4244
4240
4240
4240
4239
4237
4236
4235
4235
4233
4232
4232
4232
4232
4231
4231
4230
4230
4229
4229
4228
4222
4221
4221
4220
4218
4216
4216
4213
4213
4212
4211
4211
4209
4208
4208
4208
4206
4205
4204
4204
4204
4202
4199
4196
4195
4195
4194
4190
4189
4188
4187
4185
4183
4182
4181
4181
4180
4180
4179
4175
4174
4172
4171
4171
4170
4168
4164
4163
4162
4161
4161
4158
4157
4157
4156
4156
4156
4153
4152
4152
4152
4150
4150
4146
4145
4144
4144
4143
4142
4140
4137
4136
4136
4134
4134
4133
4133
4132
4132
4128
4127
4125
4123
4123
4122
4122
4122
4117
4117
4117
4113
4112
4110
4108
4108
4108
4107
4107
4107
4106
4106
4105
4104
4102
4100
4100
4098
4098
4097
4097
4097
4095
4094
4094
4093
4093
4092
4091
4090
4088
4085
4085
4084
4084
4083
4082
4081
4081
4080
4078
4077
4076
4073
4073
4073
4069
4066
4066
4066
4066
4065
4064
4064
4064
4061
4058
4057
4057
4055
4055
4055
4052
4052
4052
4050
4049
4049
4048
4048
4048
4048
4047
4045
4042
4040
4040
4036
4035
4034
4029
4027
4027
4026
4024
4024
4024
4022
4022
4020
4018
4018
4015
4012
4011
4010
4008
4006
4006
4006
4003
4001
3997
3995
3995
3995
3991
3990
3987
3986
3986
3983
3981
3979
3978
3978
3977
3974
3972
3970
3970
3969
3967
3967
3965
3965
3964
3964
3962
3961
3960
3957
3956
3952
3951
3951
3947
3946
3945
3944
3943
3943
3943
3942
3941
3941
3941
3941
3939
3938
3937
3936
3935
3935
3930
3928
3927
3923
3923
3922
3921
3921
3918
3918
3915
3914
3913
3913
3912
3910
3909
3908
3906
3904
3901
3900
3898
3897
3896
3893
3893
3892
3891
3890
3890
3887
3887
3887
3886
3885
3883
3878
3878
3875
3872
3872
3868
3867
3866
3863
3861
3857
3857
3855
3854
3854
3854
3853
3852
3851
3849
3849
3848
3848
3847
3843
3843
3842
3841
3841
3839
3838
3838
3836
3835
3834
3834
3833
3833
3832
3830
3828
3827
3825
3823
3822
3814
3813
3813
3812
3812
3812
3811
3810
3808
3807
3807
3805
3802
3801
3800
3800
3796
3794
3794
3793
3791
3791
3791
3784
3784
3784
3782
3778
3777
3777
3775
3775
3775
3774
3771
3771
3770
3770
3769
3769
3767
3766
3765
3760
3759
3758
3757
3756
3755
3753
3752
3749
3749
3749
3748
3747
3747
3746
3744
3742
3742
3737
3733
3732
3732
3731
3730
3730
3729
3727
3727
3725
3725
3724
3719
3719
3718
3717
3715
3714
3713
3713
3712
3708
3703
3702
3700
3700
3698
3696
3695
3695
3693
3692
3690
3690
3686
3685
3685
3685
3684
3680
3677
3677
3676
3675
3667
3667
3667
3666
3666
3665
3665
3664
3664
3664
3662
3658
3658
3657
3651
3651
3651
3650
3649
3647
3647
3647
3644
3644
3643
3638
3636
3636
3635
3632
3631
3631
3628
3627
3627
3626
3625
3621
3620
3619
3619
3617
3617
3617
3615
3615
3614
3611
3607
3605
3601
3600
3600
3598
3596
3594
3594
3592
3590
3590
3589
3588
3580
3577
3575
3574
3573
3572
3569
3569
3566
3565
3564
3564
3563
3560
3555
3554
3551
3550
3547
3545
3535
3533
3533
3531
3530
3530
3530
3530
3529
3524
3523
3521
3518
3515
3515
3512
3512
3510
3507
3505
3503
3502
3501
3501
3499
3498
3497
3488
3486
3485
3481
3479
3477
3477
3476
3476
3475
3475
3471
3470
3470
3467
3467
3466
3466
3465
3464
3463
3463
3463
3462
3457
3456
3456
3455
3455
3454
3450
3449
3448
3447
3439
3438
3437
3434
3433
3433
3432
3427
3427
3426
3423
3420
3418
3417
3411
3411
3410
3407
3406
3405
3404
3402
3402
3401
3401
3400
3397
3396
3395
3395
3395
3390
3386
3384
3380
3379
3378
3376
3375
3374
3372
3370
3369
3368
3366
3365
3364
3364
3364
3360
3359
3356
3353
3353
3353
3352
3349
3348
3346
3345
3345
3345
3344
3344
3340
3338
3337
3337
3335
3326
3325
3323
3321
3321
3320
3320
3318
3317
3317
3313
3311
3308
3307
3306
3302
3302
3301
3297
3296
3294
3290
3290
3289
3287
3285
3284
3283
3282
3282
3278
3277
3275
3274
3273
3273
3270
3268
3267
3266
3265
3264
3264
3263
3263
3260
3258
3257
3256
3256
3254
3252
3252
3251
3250
3250
3247
3245
3243
3242
3241
3241
3240
3240
3239
3238
3238
3237
3236
3236
3235
3231
3230
3229
3227
3227
3227
3225
3223
3223
3223
3223
3223
3222
3222
3222
3218
3217
3217
3216
3216
3214
3212
3210
3209
3208
3207
3205
3204
3202
3198
3197
3197
3196
3195
3194
3194
3192
3192
3191
3185
3185
3183
3182
3180
3178
3177
3174
3173
3172
3171
3169
3165
3165
3164
3164
3157
3155
3155
3154
3154
3153
3153
3148
3146
3144
3143
3137
3136
3135
3134
3134
3134
3131
3131
3123
3119
3118
3117
3117
3117
3114
3114
3113
3112
3112
3111
3107
3105
3103
3102
3102
3101
3098
3098
3094
3093
3092
3091
3089
3088
3084
3079
3076
3076
3075
3075
3075
3074
3071
3060
3058
3058
3052
3050
3047
3045
3043
3043
3039
3037
3032
3031
3030
3030
3028
3025
3024
3022
3022
3020
3017
3015
3013
3009
3008
3007
3005
3005
3001
2998
2995
2993
2991
2991
2989
2984
2982
2980
2980
2980
2977
2975
2974
2974
2973
2973
2970
2970
2970
2969
2968
2965
2963
2962
2959
2955
2954
2954
2953
2951
2949
2946
2945
2945
2942
2941
2940
2940
2939
2937
2936
2934
2934
2933
2933
2930
2928
2925
2919
2918
2914
2910
2910
2910
2908
2905
2900
2900
2898
2897
2895
2895
2890
2890
2890
2889
2887
2885
2885
2884
2880
2879
2877
2877
2877
2875
2873
2873
2868
2865
2862
2861
2858
2858
2857
2856
2855
2854
2854
2852
2850
2848
2848
2845
2842
2842
2839
2838
2835
2835
2835
2833
2828
2827
2824
2822
2822
2820
2814
2814
2813
2812
2812
2810
2810
2809
2808
2806
2804
2803
2803
2800
2791
2790
2788
2782
2781
2781
2781
2780
2780
2780
2779
2778
2778
2777
2772
2772
2771
2770
2769
2763
2760
2759
2757
2756
2755
2751
2750
2749
2748
2748
2741
2739
2739
2738
2737
2735
2734
2734
2731
2730
2729
2728
2728
2721
2721
2721
2718
2717
2717
2714
2714
2711
2710
2710
2709
2708
2708
2708
2707
2706
2706
2705
2705
2703
2703
2702
2701
2701
2700
2700
2697
2697
2694
2692
2692
2690
2690
2689
2685
2685
2685
2685
2684
2683
2683
2680
2680
2676
2673
2673
2671
2669
2668
2666
2666
2660
2659
2659
2657
2657
2651
2649
2649
2644
2642
2641
2641
2640
2639
2638
2635
2635
2633
2632
2624
2623
2622
2621
2621
2619
2617
2615
2612
2608
2605
2602
2602
2600
2600
2600
2594
2593
2593
2588
2586
2585
2585
2581
2579
2579
2576
2576
2575
2570
2568
2566
2565
2565
2564
2564
2563
2563
2561
2560
2559
2556
2556
2556
2555
2554
2551
2551
2550
2550
2547
2547
2547
2543
2539
2537
2537
2537
2535
2534
2533
2533
2531
2528
2527
2524
2522
2517
2517
2515
2514
2513
2512
2509
2508
2505
2503
2503
2502
2502
2499
2499
2498
2497
2497
2493
2492
2490
2489
2485
2480
2475
2475
2470
2467
2462
2461
2461
2460
2459
2458
2454
2453
2453
2452
2451
2449
2448
2446
2445
2442
2442
2441
2441
2439
2438
2437
2431
2427
2427
2426
2426
2426
2426
2425
2425
2424
2424
2423
2420
2419
2418
2418
2418
2415
2414
2413
2411
2410
2409
2406
2405
2404
2404
2404
2402
2402
2401
2397
2395
2394
2393
2391
2391
2387
2386
2385
2385
2384
2381
2380
2379
2378
2376
2376
2372
2369
2369
2369
2368
2367
2363
2361
2359
2359
2355
2354
2354
2351
2351
2350
2349
2348
2347
2347
2343
2342
2342
2342
2341
2341
2341
2339
2338
2338
2335
2334
2334
2331
2331
2331
2329
2327
2322
2322
2321
2320
2315
2313
2311
2310
2305
2305
2301
2296
2296
2295
2293
2292
2289
2288
2284
2281
2280
2277
2276
2275
2275
2274
2274
2273
2271
2269
2269
2268
2267
2266
2264
2263
2262
2261
2259
2259
2258
2257
2253
2252
2249
2248
2248
2248
2243
2240
2239
2237
2234
2234
2233
2230
2228
2217
2216
2215
2211
2210
2207
2203
2202
2198
2197
2196
2196
2195
2195
2195
2194
2192
2191
2191
2190
2190
2186
2185
2183
2182
2178
2178
2177
2176
2176
2175
2172
2171
2167
2162
2159
2156
2156
2151
2150
2149
2146
2146
2142
2139
2137
2137
2133
2128
2127
2126
2124
2122
2120
2117
2116
2115
2114
2114
2114
2109
2109
2108
2108
2108
2108
2103
2102
2102
2100
2099
2097
2097
2094
2092
2091
2090
2087
2087
2085
2081
2081
2080
2080
2079
2075
2074
2069
2067
2066
2066
2065
2065
2063
2061
2060
2060
2058
2053
2052
2051
2051
2051
2050
2047
2046
2045
2044
2044
2042
2040
2038
2036
2034
2031
2031
2031
2031
2030
2027
2025
2023
2022
2022
2022
2022
2020
2018
2016
2015
2014
2014
2014
2013
2010
2009
2007
2007
2003
2002
2001
2001
2000
2000
1998
1998
1998
1997
1996
1996
1995
1995
1994
1994
1994
1993
1988
1988
1987
1986
1986
1985
1985
1981
1977
1976
1976
1974
1974
1974
1972
1972
1969
1969
1969
1966
1966
1964
1963
1963
1961
1961
1960
1960
1959
1958
1958
1955
1953
1952
1952
1950
1949
1948
1947
1946
1946
1945
1945
1945
1943
1942
1942
1941
1940
1938
1938
1934
1933
1932
1931
1931
1930
1930
1929
1927
1925
1925
1925
1924
1923
1923
1922
1920
1920
1918
1916
1915
1914
1913
1912
1908
1907
1907
1905
1902
1900
1900
1900
1899
1896
1896
1896
1895
1895
1894
1892
1891
1891
1890
1889
1889
1888
1888
1887
1885
1883
1881
1880
1878
1871
1870
1869
1868
1865
1865
1864
1864
1864
1863
1862
1862
1858
1858
1856
1856
1855
1855
1852
1852
1852
1852
1852
1850
1849
1848
1846
1845
1844
1842
1840
1840
1839
1838
1836
1836
1836
1835
1835
1833
1832
1830
1830
1829
1827
1826
1826
1823
1822
1821
1820
1817
1816
1816
1815
1812
1812
1811
1809
1806
1805
1803
1803
1799
1797
1797
1797
1797
1795
1794
1794
1794
1791
1791
1791
1790
1789
1788
1787
1786
1785
1785
1785
1780
1778
1777
1777
1775
1772
1771
1771
1770
1767
1764
1764
1764
1763
1762
1762
1761
1760
1760
1759
1758
1757
1756
1754
1752
1751
1751
1750
1749
1748
1747
1747
1742
1741
1741
1736
1736
1736
1736
1736
1735
1734
1733
1731
1730
1729
1729
1726
1724
1721
1721
1720
1720
1720
1719
1718
1718
1716
1716
1714
1712
1711
1711
1710
1709
1707
1707
1706
1704
1703
1703
1701
1699
1698
1698
1697
1697
1696
1696
1694
1694
1694
1694
1693
1693
1690
1689
1689
1688
1686
1686
1686
1684
1682
1682
1682
1678
1675
1675
1674
1671
1670
1668
1668
1664
1664
1663
1663
1661
1660
1658
1658
1658
1658
1655
1655
1655
1653
1653
1651
1651
1651
1650
1645
1643
1643
1639
1639
1639
1639
1639
1639
1637
1636
1636
1634
1634
1633
1632
1631
1631
1630
1628
1628
1628
1628
1627
1627
1626
1625
1624
1623
1622
1622
1621
1621
1620
1620
1618
1614
1613
1613
1611
1611
1611
1610
1608
1608
1608
1607
1606
1606
1606
1605
1605
1604
1604
1603
1603
1603
1601
1601
1600
1599
1597
1597
1597
1597
1596
1596
1594
1594
1594
1594
1593
1592
1592
1591
1590
1589
1588
1587
1587
1587
1586
1586
1586
1585
1585
1585
1584
1583
1582
1581
1580
1580
1577
1577
1577
1576
1575
1574
1574
1574
1573
1573
1571
1571
1570
1570
1569
1569
1569
1568
1567
1567
1567
1566
1561
1560
1560
1559
1558
1557
1557
1556
1555
1552
1552
1550
1549
1549
1549
1548
1548
1548
1548
1546
1546
1545
1545
1544
1542
1541
1540
1539
1536
1534
1533
1533
1533
1532
1531
1530
1530
1529
1528
1528
1527
1526
1526
1522
1520
1520
1520
1516
1515
1515
1515
1515
1514
1514
1513
1513
1512
1511
1510
1510
1509
1508
1507
1507
1507
1506
1505
1505
1504
1502
1502
1501
1501
1500
1500
1500
1498
1496
1496
1495
1495
1494
1492
1491
1491
1490
1490
1489
1489
1488
1486
1486
1484
1484
1484
1484
1483
1483
1483
1483
1482
1482
1482
1481
1481
1480
1480
1480
1479
1479
1477
1476
1476
1476
1475
1475
1475
1473
1473
1472
1471
1469
1469
1468
1468
1468
1466
1465
1463
1460
1458
1457
1457
1456
1456
1455
1454
1453
1452
1451
1450
1449
1449
1447
1447
1446
1444
1443
1443
1441
1441
1440
1439
1438
1438
1438
1436
1436
1435
1434
1433
1432
1430
1430
1429
1427
1425
1424
1424
1424
1423
1423
1422
1421
1420
1419
1418
1418
1417
1416
1416
1415
1415
1414
1413
1413
1413
1411
1411
1410
1410
1410
1409
1409
1408
1407
1407
1406
1405
1405
1405
1405
1405
1403
1402
1402
1402
1400
1399
1399
1398
1398
1397
1396
1396
1396
1396
1395
1395
1395
1393
1393
1393
1392
1391
1391
1391
1390
1389
1389
1389
1388
1388
1388
1387
1386
1386
1384
1384
1383
1383
1382
1382
1381
1381
1381
1380
1380
1380
1380
1380
1378
1375
1375
1375
1374
1373
1373
1373
1371
1371
1369
1369
1368
1367
1367
1366
1365
1365
1365
1365
1365
1365
1364
1363
1363
1363
1362
1362
1361
1361
1360
1359
1359
1359
1358
1358
1357
1357
1357
1356
1355
1355
1354
1353
1353
1353
1352
1351
1350
1349
1349
1349
1343
1343
1343
1342
1342
1341
1341
1341
1341
1339
1339
1339
1337
1337
1335
1335
1334
1334
1333
1332
1331
1331
1330
1328
1326
1326
1324
1324
1324
1324
1324
1324
1323
1322
1321
1320
1320
1319
1318
1318
1318
1317
1316
1316
1316
1314
1313
1313
1313
1312
1311
1311
1311
1311
1310
1310
1310
1309
1309
1309
1309
1308
1308
1308
1308
1308
1307
1305
1305
1304
1304
1304
1304
1304
1303
1303
1302
1302
1302
1301
1301
1300
1299
1299
1298
1298
1298
1298
1297
1297
1295
1294
1294
1293
1293
1292
1292
1291
1290
1290
1289
1289
1287
1286
1285
1284
1284
1284
1284
1283
1282
1282
1281
1281
1280
1278
1277
1276
1276
1276
1276
1275
1275
1275
1275
1275
1272
1271
1270
1270
1270
1269
1269
1269
1267
1266
1265
1265
1265
1264
1264
1264
1264
1263
1263
1261
1261
1260
1259
1259
1259
1259
1258
1258
1258
1258
1256
1256
1252
1252
1251
1250
1250
1250
1250
1249
1248
1248
1248
1248
1247
1247
1247
1247
1246
1246
1246
1245
1245
1245
1244
1243
1242
1242
1241
1241
1241
1241
1238
1237
1237
1237
1237
1237
1235
1235
1234
1233
1233
1233
1233
1232
1232
1232
1230
1230
1229
1227
1227
1226
1226
1226
1226
1226
1225
1224
1224
1224
1224
1224
1223
1223
1222
1222
1221
1221
1220
1220
1219
1219
1218
1218
1215
1215
1215
1215
1214
1214
1214
1212
1210
1209
1209
1209
1209
1208
1207
1207
1206
1204
1203
1203
1203
1203
1203
1202
1201
1200
1200
1200
1199
1198
1198
1197
1196
1196
1194
1194
1193
1193
1193
1192
1190
1189
1188
1188
1188
1188
1187
1187
1186
1186
1186
1185
1184
1184
1184
1183
1183
1183
1182
1181
1179
1178
1178
1178
1177
1177
1176
1176
1176
1175
1174
1174
1174
1173
1173
1173
1172
1172
1171
1170
1170
1170
1168
1168
1168
1167
1167
1166
1166
1166
1165
1165
1165
1165
1165
1164
1164
1163
1163
1162
1162
1162
1162
1160
1160
1160
1159
1158
1158
1158
1158
1157
1157
1157
1157
1156
1156
1156
1156
1156
1155
1155
1154
1154
1153
1152
1152
1151
1151
1150
1150
1149
1148
1148
1148
1148
1148
1148
1148
1148
1147
1147
1147
1146
1146
1146
1144
1144
1144
1143
1143
1142
1141
1141
1140
1140
1140
1139
1139
1138
1138
1137
1137
1137
1137
1136
1136
1135
1135
1135
1135
1134
1134
1133
1131
1131
1131
1131
1130
1130
1130
1129
1129
1129
1128
1128
1128
1127
1127
1127
1127
1127
1126
1126
1125
1125
1125
1125
1125
1125
1124
1124
1124
1124
1122
1122
1122
1122
1121
1121
1121
1120
1120
1119
1119
1119
1118
1118
1118
1117
1117
1117
1116
1116
1115
1114
1114
1114
1113
1113
1113
1112
1112
1112
1112
1111
1111
1110
1110
1110
1109
1109
1109
1108
1108
1107
1107
1107
1106
1106
1105
1105
1104
1104
1103
1102
1102
1100
1100
1100
1100
1100
1099
1099
1099
1099
1099
1098
1098
1098
1097
1097
1096
1095
1095
1095
1095
1094
1094
1094
1093
1093
1093
1093
1092
1091
1091
1091
1090
1090
1089
1088
1088
1088
1088
1087
1086
1086
1086
1085
1084
1084
1084
1083
1083
1083
1081
1080
1080
1079
1079
1079
1079
1079
1079
1078
1078
1078
1078
1077
1077
1076
1076
1076
1075
1075
1075
1074
1073
1073
1073
1072
1072
1072
1072
1071
1071
1071
1071
1071
1070
1070
1070
1069
1068
1067
1067
1067
1067
1066
1066
1066
1065
1065
1064
1064
1063
1063
1062
1062
1062
1061
1061
1061
1060
1060
1060
1059
1059
1059
1059
1058
1058
1058
1057
1055
1055
1055
1054
1054
1054
1054
1053
1052
1052
1052
1051
1051
1051
1050
1050
1050
1050
1050
1048
1048
1047
1046
1046
1046
1045
1045
1044
1044
1044
1044
1044
1043
1043
1042
1042
1042
1042
1041
1040
1039
1039
1039
1039
1039
1039
1038
1038
1038
1037
1037
1037
1037
1036
1035
1035
1035
1034
1034
1034
1033
1032
1031
1031
1031
1030
1030
1030
1028
1028
1028
1028
1028
1028
1027
1027
1025
1025
1025
1025
1024
1024
1024
1024
1023
1023
1023
1022
1022
1021
1021
1021
1020
1020
1019
1019
1018
1018
1018
1018
1017
1016
1016
1015
1015
1015
1014
1014
1014
1014
1013
1013
1012
1012
1011
1011
1011
1010
1010
1010
1010
1009
1009
1009
1008
1008
1006
1006
1006
1006
1006
1006
1006
1005
1005
1004
1004
1004
1003
1003
1002
1002
1002
1001
1001
1000
1000
1000
1000
999
999
999
999
999
999
998
998
997
997
996
996
995
995
995
994
994
994
994
993
993
993
993
993
993
992
992
992
991
991
991
991
991
991
991
991
991
990
990
990
990
990
988
988
988
988
988
988
988
987
987
987
987
987
987
987
987
986
986
986
986
985
985
985
984
984
984
984
984
984
983
982
982
982
982
981
981
981
981
980
979
979
978
978
978
977
977
977
977
977
977
976
976
975
975
975
974
974
973
973
972
972
972
972
971
971
971
971
970
970
970
970
969
969
968
968
968
968
968
967
967
967
967
966
966
965
965
964
964
964
963
963
962
962
962
961
961
961
961
960
960
960
959
959
959
958
958
957
957
957
956
956
956
955
955
955
955
955
954
954
954
953
953
953
953
953
953
953
952
951
951
951
949
949
948
948
948
948
948
947
947
947
947
947
946
946
946
946
945
945
945
944
944
943
943
943
943
943
942
942
942
942
941
941
941
940
940
940
940
940
939
939
939
939
938
938
938
937
937
937
937
936
936
936
936
936
935
935
935
935
935
934
934
934
934
934
933
933
933
933
933
932
932
932
932
932
932
931
931
931
931
930
930
930
930
930
930
929
929
929
929
929
929
929
929
929
928
928
928
927
927
927
927
927
926
926
926
926
926
925
925
925
925
925
925
925
924
924
924
924
923
923
923
922
922
922
922
922
921
921
921
921
921
921
920
920
919
919
919
918
918
918
918
916
916
916
915
915
914
914
914
914
913
913
913
912
912
912
912
912
911
911
911
911
911
910
910
910
910
909
909
908
908
907
907
907
907
907
906
906
906
906
906
906
905
905
905
905
905
904
904
904
904
904
904
903
903
903
902
902
902
902
902
901
901
901
900
900
899
899
899
899
898
898
897
897
897
896
896
896
896
895
895
895
895
895
895
895
895
894
894
893
893
893
893
893
893
892
891
891
889
889
888
888
888
888
888
888
887
887
887
887
886
886
886
885
885
885
885
885
885
885
884
884
884
884
884
884
884
883
883
883
882
882
882
881
881
881
881
880
880
880
879
879
879
879
879
879
878
878
878
878
878
877
876
876
876
876
876
875
875
875
875
875
875
874
874
874
874
874
873
873
873
873
872
872
872
871
871
871
870
870
870
870
870
869
869
869
869
868
868
867
867
867
866
866
866
866
866
865
865
865
864
864
864
864
864
864
863
863
863
863
863
862
862
862
862
862
862
862
861
861
861
861
861
860
860
860
860
860
860
860
860
860
859
859
859
858
858
858
858
858
857
857
857
857
857
857
857
857
856
856
856
856
856
856
856
855
855
854
854
854
854
854
854
853
853
853
853
853
852
852
852
852
852
851
851
851
851
851
851
850
850
850
850
850
850
850
850
850
850
850
849
849
849
849
849
849
848
848
848
848
848
847
847
847
847
847
847
847
846
846
846
846
845
845
845
845
845
844
844
844
844
844
844
844
844
844
843
843
843
843
843
843
842
842
842
842
841
841
841
841
840
840
840
840
839
839
839
838
838
838
838
838
837
837
837
837
837
837
837
836
836
835
835
835
835
835
835
834
834
834
833
833
832
832
832
832
832
831
831
830
830
830
830
830
830
829
829
829
829
829
828
828
827
827
827
827
827
826
826
826
826
826
825
825
825
825
825
825
825
824
824
824
823
823
823
823
823
823
822
822
822
821
821
821
821
821
820
820
820
820
820
819
819
819
819
819
819
819
819
819
818
818
818
818
818
818
818
818
817
817
817
817
817
816
816
815
815
814
814
813
813
813
813
813
813
813
812
812
812
812
811
811
810
810
810
810
810
809
809
809
809
809
809
808
808
808
808
808
808
808
807
807
807
807
807
807
807
807
807
806
806
806
805
805
805
805
805
804
804
804
804
804
804
804
803
803
803
803
803
803
802
802
802
802
802
802
801
801
801
801
801
801
801
801
801
800
800
800
800
800
800
800
799
799
799
799
799
799
798
798
798
798
797
797
797
797
797
796
796
796
796
796
796
796
796
795
795
795
795
795
795
794
794
794
794
794
794
794
794
794
793
793
793
793
792
792
792
792
792
792
791
791
791
791
791
791
791
791
791
790
790
790
789
789
789
789
789
789
788
788
788
788
788
787
787
787
787
786
786
786
786
785
785
785
785
785
784
784
784
784
783
783
783
783
783
783
782
782
782
782
782
782
782
782
781
781
781
781
781
781
781
781
780
780
780
780
780
780
780
779
779
779
779
779
779
779
779
779
779
778
778
778
778
778
778
778
778
778
778
778
778
777
777
777
777
777
777
777
776
776
776
775
775
775
775
775
775
774
774
774
774
774
774
774
774
774
774
773
773
772
772
772
772
772
772
772
772
772
771
771
771
771
771
771
771
771
771
770
770
770
770
770
770
770
770
770
769
769
769
769
769
769
769
769
769
769
769
768
768
768
768
768
767
767
767
767
767
767
767
767
767
767
766
766
766
766
766
765
765
765
765
765
765
765
765
765
764
764
764
764
764
764
764
763
763
763
763
763
763
762
762
762
762
762
762
762
762
762
762
761
761
761
761
761
761
761
761
761
761
760
760
760
760
760
760
760
760
760
759
759
759
759
759
759
758
758
758
757
757
757
757
756
756
756
756
756
756
756
756
756
755
755
755
755
755
755
754
754
754
754
754
754
754
754
754
753
753
753
753
753
753
752
752
752
752
752
752
752
752
752
752
751
751
751
751
751
751
750
750
750
750
750
750
750
750
749
749
749
749
749
749
748
748
748
747
747
747
747
747
747
747
747
747
746
746
746
746
746
746
746
745
745
745
745
745
744
744
744
744
744
743
743
743
743
742
742
742
742
742
742
742
742
741
741
741
741
741
741
741
741
741
741
740
740
740
740
739
739
739
739
738
738
738
738
738
738
737
737
737
737
737
737
737
737
737
737
737
737
736
736
736
736
736
736
736
736
736
735
735
735
735
734
734
734
734
734
733
733
732
732
732
732
732
732
731
731
731
731
731
731
731
731
731
730
730
730
730
730
730
730
729
729
729
729
729
729
729
729
729
729
729
729
729
728
728
728
728
728
728
727
727
727
727
727
727
727
726
726
726
726
726
726
726
725
725
725
725
725
725
725
724
724
724
724
724
724
724
724
723
723
723
723
723
723
722
722
722
722
722
722
722
721
721
721
721
720
720
720
720
720
720
719
719
719
719
719
719
719
719
719
719
718
718
718
718
718
718
717
717
717
717
717
717
717
717
717
717
717
716
716
716
716
716
716
715
715
715
715
715
715
715
715
715
715
715
715
715
714
714
714
714
714
714
714
714
713
713
713
713
713
713
713
713
713
713
713
712
712
712
712
712
712
711
711
711
711
711
711
711
711
711
710
710
710
710
710
710
710
710
709
709
709
709
709
708
708
708
708
708
707
707
707
706
706
706
706
705
705
705
705
705
705
705
705
705
705
705
705
704
704
704
704
704
704
704
703
703
703
703
703
703
702
702
702
702
702
702
702
702
702
701
701
701
701
701
701
700
700
700
700
700
700
700
698
698
698
698
698
698
698
698
698
697
697
697
697
697
697
697
697
697
697
697
697
696
696
696
695
695
695
695
695
695
695
695
695
694
694
694
694
694
694
694
694
694
694
694
694
694
693
693
693
693
693
693
693
693
693
693
693
693
693
692
692
692
692
692
692
692
692
691
691
691
691
690
690
690
690
690
689
689
689
689
689
689
689
689
689
689
688
688
688
688
688
688
687
687
687
687
687
687
687
687
687
687
686
686
686
686
686
686
686
685
685
685
685
685
685
685
684
684
684
684
684
684
684
684
684
683
683
683
683
683
683
683
683
682
682
682
682
682
682
682
681
681
681
681
681
681
681
681
681
680
680
680
680
680
680
680
680
680
679
679
679
679
679
679
679
679
678
678
678
678
678
678
678
678
678
678
678
678
678
678
677
677
677
677
676
676
676
676
676
676
676
676
676
675
675
675
675
675
674
674
674
674
674
674
674
674
674
674
674
674
674
674
674
673
673
673
673
673
673
673
673
673
673
673
672
672
672
672
672
672
672
672
671
671
671
671
671
670
670
670
670
670
670
670
669
669
669
669
669
669
669
669
669
669
668
668
668
668
668
668
668
668
668
668
668
667
667
667
667
667
667
667
667
667
667
667
666
666
666
666
666
666
666
666
666
666
665
665
665
665
665
665
665
665
665
665
665
664
664
664
664
664
664
664
664
663
663
663
663
663
663
663
663
663
663
663
663
663
662
662
662
662
662
662
662
662
661
661
661
661
661
661
660
660
660
660
660
659
659
659
659
659
659
659
659
658
658
658
658
658
658
658
658
658
658
658
658
658
657
657
657
657
657
657
657
657
656
656
656
656
656
656
656
656
656
656
656
655
655
655
655
655
655
655
655
655
655
654
654
654
654
654
653
653
653
653
653
653
653
652
652
652
652
652
652
652
652
652
652
652
652
652
652
651
651
651
651
651
651
651
651
651
651
651
650
650
650
650
650
650
650
649
649
649
649
649
649
649
649
648
648
648
648
648
648
648
648
648
648
648
647
647
647
647
647
647
647
647
647
647
647
647
647
647
647
647
646
646
646
646
646
646
645
645
645
645
645
645
645
645
645
645
645
645
645
644
644
644
644
644
644
644
644
644
644
644
644
644
643
643
643
643
643
643
643
643
643
642
642
642
642
642
642
642
642
642
642
642
642
642
642
642
641
641
641
641
641
641
641
640
640
640
640
640
640
640
640
640
640
640
640
640
640
640
640
639
639
639
639
639
639
639
639
639
639
639
639
639
639
638
638
638
638
638
637
637
637
637
637
637
636
636
636
636
636
636
635
635
635
635
635
635
635
635
635
635
635
635
635
634
634
634
634
634
634
634
634
634
634
634
633
633
633
633
633
633
633
633
633
633
632
632
632
632
632
631
631
631
631
631
631
631
631
631
631
631
631
631
631
631
631
631
630
630
630
630
630
630
630
630
630
630
630
630
630
630
630
629
629
629
629
629
629
629
629
629
629
628
628
628
628
628
628
628
628
628
628
628
628
628
628
628
628
627
627
627
627
627
627
627
627
627
627
627
627
626
626
626
626
626
626
626
626
626
626
626
626
626
626
626
626
626
625
625
625
625
625
625
625
625
625
625
625
625
625
625
625
625
625
624
624
624
624
624
624
624
624
624
624
624
624
624
624
624
624
624
624
623
623
623
623
623
623
623
623
623
623
622
622
622
622
622
622
622
622
621
621
621
621
621
621
621
620
620
620
620
620
620
620
620
620
620
620
620
620
619
619
619
619
619
619
619
619
619
619
619
619
619
618
618
618
618
618
618
618
618
618
618
618
618
618
617
617
617
617
617
617
617
617
616
616
616
616
616
616
615
615
615
615
615
615
615
615
615
615
614
614
614
614
614
614
614
614
614
614
614
614
614
614
614
613
613
613
613
613
613
613
613
613
613
613
613
613
613
613
613
612
612
612
612
612
612
612
612
612
612
612
612
611
611
611
611
611
611
611
611
611
610
610
610
610
610
610
610
610
610
610
610
610
610
610
610
610
609
609
609
609
609
609
609
609
609
609
609
608
608
608
608
608
608
607
607
607
607
607
607
607
607
607
607
607
607
606
606
606
606
606
606
606
606
606
606
605
605
605
605
605
605
605
605
605
605
605
605
605
604
604
604
604
604
604
604
604
604
604
604
604
603
603
603
603
603
603
603
603
603
603
603
603
603
603
603
603
603
602
602
602
602
602
602
602
601
601
601
601
601
601
601
601
601
601
601
601
600
600
600
600
600
600
599
599
599
599
599
599
599
599
599
598
598
598
598
598
598
598
598
598
598
598
598
598
598
598
597
597
597
597
597
597
597
597
597
597
597
597
597
597
597
596
596
596
596
596
596
596
596
596
595
595
595
595
595
595
595
595
595
595
595
594
594
594
594
594
593
593
593
593
593
593
593
593
593
593
593
593
592
592
592
592
592
592
592
592
592
592
592
592
591
591
591
591
591
591
591
591
591
591
591
590
590
590
590
590
590
590
590
590
590
590
590
590
590
590
590
590
590
590
590
589
589
589
589
589
589
589
589
588
588
588
588
588
588
588
588
588
588
588
587
587
587
587
587
587
587
587
587
587
586
586
586
586
586
586
586
586
586
586
586
585
585
585
585
585
585
585
585
585
585
585
585
585
584
584
584
584
584
584
584
584
584
584
584
584
584
583
583
583
583
583
583
583
583
583
583
583
583
582
582
582
582
582
582
582
582
582
582
582
582
581
581
581
581
581
581
581
581
581
581
580
580
580
580
580
580
580
580
580
580
580
580
579
579
579
579
579
579
579
579
579
579
578
578
578
578
578
578
578
578
578
578
578
577
577
577
577
577
577
577
577
577
577
577
576
576
576
576
576
576
576
576
576
576
575
575
575
575
575
575
575
575
575
575
575
575
575
574
574
574
574
574
574
574
574
574
574
574
574
574
574
573
573
573
573
573
573
573
573
573
573
573
573
573
573
572
572
572
572
572
572
572
572
572
572
572
572
572
572
571
571
571
571
571
571
571
571
571
571
571
571
571
571
571
571
571
571
570
570
570
570
570
570
570
570
570
570
570
570
570
570
570
570
570
570
570
570
569
569
569
569
569
569
569
569
569
569
569
568
568
568
568
568
568
568
568
568
568
568
568
568
567
567
567
567
567
567
567
567
567
567
567
567
567
567
567
567
567
566
566
566
566
566
566
566
566
566
566
565
565
565
565
565
565
565
565
565
565
565
565
565
564
564
564
564
564
564
564
564
564
564
564
564
564
564
564
563
563
563
563
563
563
563
563
563
563
563
563
563
563
563
562
562
562
562
562
562
562
562
562
562
562
562
562
562
561
561
561
561
561
561
561
561
561
561
561
561
561
561
561
561
560
560
560
560
560
560
560
560
560
560
560
560
560
559
559
559
559
559
559
559
559
559
559
559
559
559
559
558
558
558
558
558
558
558
558
558
558
558
558
558
558
558
558
558
557
557
557
557
557
557
557
557
557
557
557
557
557
556
556
556
556
556
556
556
556
556
556
556
556
556
556
556
556
556
556
555
555
555
555
555
555
555
555
555
555
555
555
555
555
555
554
554
554
554
554
554
554
554
554
554
554
554
554
553
553
553
553
553
553
553
553
553
553
553
553
553
553
553
552
552
552
552
552
552
552
552
552
552
552
552
551
551
551
551
551
551
551
551
551
551
551
551
551
551
551
551
550
550
550
550
550
550
550
550
550
550
550
549
549
549
549
549
549
549
549
549
549
549
549
549
549
549
549
549
549
549
549
549
549
548
548
548
548
548
548
548
548
548
548
548
548
548
548
548
548
547
547
547
547
547
547
547
547
547
547
547
547
547
547
547
547
547
547
547
546
546
546
546
546
546
546
546
546
546
546
546
546
545
545
545
545
545
545
545
545
545
545
545
545
545
545
545
545
545
544
544
544
544
544
544
544
544
544
544
544
544
544
543
543
543
543
543
543
543
543
543
543
543
543
543
543
543
543
542
542
542
542
542
542
542
542
542
542
542
542
542
542
542
541
541
541
541
541
541
541
541
541
541
541
541
541
541
541
540
540
540
540
540
540
540
540
540
540
540
540
540
540
540
540
540
540
540
540
539
539
539
539
539
539
539
539
539
539
539
539
539
539
539
538
538
538
538
538
538
538
538
538
538
538
538
538
537
537
537
537
537
537
537
537
537
537
537
537
537
537
537
537
537
537
537
536
536
536
536
536
536
536
536
536
536
536
536
536
536
535
535
535
535
535
535
535
535
535
535
535
535
535
535
535
535
535
535
535
535
535
535
534
534
534
534
534
534
534
534
534
534
534
534
533
533
533
533
533
533
533
533
533
532
532
532
532
532
532
532
532
532
532
531
531
531
531
531
531
531
531
531
531
531
531
531
531
531
531
530
530
530
530
530
530
530
530
530
530
530
530
530
530
529
529
529
529
529
529
529
529
529
529
529
529
528
528
528
528
528
528
528
528
528
528
528
528
528
528
528
528
527
527
527
527
527
527
527
527
527
527
527
527
527
527
527
527
526
526
526
526
526
526
526
526
526
526
526
526
526
526
526
526
525
525
525
525
525
525
525
525
525
525
525
524
524
524
524
524
524
524
524
524
524
524
524
524
524
524
524
524
524
524
524
524
523
523
523
523
523
523
523
523
523
523
523
523
523
523
523
523
523
523
523
523
522
522
522
522
522
522
522
522
522
522
522
522
522
522
522
521
521
521
521
521
521
521
521
521
521
521
521
521
521
521
521
521
521
521
521
521
520
520
520
520
520
520
520
520
520
520
520
520
520
520
520
519
519
519
519
519
519
519
519
519
519
519
519
519
519
519
519
519
519
519
519
519
519
518
518
518
518
518
518
518
518
518
518
518
518
518
518
518
518
518
517
517
517
517
517
517
517
517
517
517
517
517
517
517
517
517
517
517
517
517
516
516
516
516
516
516
516
516
516
516
516
515
515
515
515
515
515
515
515
515
515
515
515
515
515
515
515
515
515
515
515
515
514
514
514
514
514
514
514
514
514
514
514
514
513
513
513
513
513
513
513
513
513
513
513
513
513
513
512
512
512
512
512
512
512
512
512
512
512
512
512
512
512
511
511
511
511
511
511
511
511
511
511
511
511
511
511
511
511
510
510
510
510
510
510
510
510
510
510
510
510
509
509
509
509
509
509
509
509
509
509
509
509
509
509
509
509
509
509
509
509
508
508
508
508
508
508
508
508
508
508
508
508
508
508
508
508
508
508
508
508
507
507
507
507
507
507
507
507
507
507
507
507
507
507
507
507
507
507
507
507
507
507
507
507
507
507
507
506
506
506
506
506
506
506
506
505
505
505
505
505
505
505
505
505
505
505
505
505
505
505
505
505
505
505
505
505
505
504
504
504
504
504
504
504
504
504
504
504
504
504
504
504
504
503
503
503
503
503
503
503
503
503
503
503
503
503
502
502
502
502
502
502
502
502
502
502
502
502
501
501
501
501
501
501
501
501
501
501
501
501
501
501
501
501
501
501
501
501
501
501
500
500
500
500
500
500
500
500
500
500
500
500
500
500
500
500
499
499
499
499
499
499
499
499
499
499
499
499
499
499
498
498
498
498
498
498
498
498
498
498
498
498
498
498
498
498
498
498
498
498
498
498
497
497
497
497
497
497
497
497
497
497
497
497
497
497
497
497
497
497
496
496
496
496
496
496
496
496
496
496
496
496
496
496
496
495
495
495
495
495
495
495
495
495
495
495
495
495
494
494
494
494
494
494
494
494
494
494
494
494
494
493
493
493
493
493
493
493
493
493
493
493
493
493
493
493
493
493
493
493
493
492
492
492
492
492
492
492
492
492
492
492
492
492
491
491
491
491
491
491
491
491
491
491
491
491
491
491
491
491
491
491
491
491
491
491
491
491
491
491
490
490
490
490
490
490
490
490
490
490
490
490
490
490
490
490
489
489
489
489
489
489
489
489
489
489
489
489
489
489
489
489
489
489
489
489
489
489
489
489
489
488
488
488
488
488
488
488
488
488
488
488
488
488
488
488
488
488
488
488
488
488
487
487
487
487
487
487
487
487
487
487
487
487
487
487
487
487
487
487
487
487
486
486
486
486
486
486
486
486
486
486
486
486
486
486
486
486
486
486
486
486
486
485
485
485
485
485
485
485
485
485
485
485
485
485
485
485
485
484
484
484
484
484
484
484
484
484
484
484
484
484
484
484
484
484
484
484
483
483
483
483
483
483
483
483
483
483
483
483
483
483
483
483
483
483
483
483
483
483
482
482
482
482
482
482
482
482
482
482
482
482
482
482
482
482
482
482
482
482
482
482
481
481
481
481
481
481
481
481
481
481
481
481
481
481
481
481
481
481
481
481
481
480
480
480
480
480
480
480
480
480
480
480
480
480
480
480
480
480
480
479
479
479
479
479
479
479
479
479
479
479
479
479
479
479
479
479
479
478
478
478
478
478
478
478
478
478
478
478
478
478
478
478
478
478
478
478
478
478
477
477
477
477
477
477
477
477
477
477
477
477
477
477
477
477
476
476
476
476
476
476
476
476
476
476
476
476
476
476
476
476
476
475
475
475
475
475
475
475
475
475
475
475
475
475
475
475
475
475
475
475
475
475
475
475
475
475
475
474
474
474
474
474
474
474
474
474
473
473
473
473
473
473
473
473
473
473
473
473
473
473
473
473
472
472
472
472
472
472
472
472
472
472
472
472
472
472
472
472
472
472
472
472
472
472
472
472
472
471
471
471
471
471
471
471
471
471
471
471
471
471
471
471
471
471
471
471
471
470
470
470
470
470
470
470
470
470
470
470
470
470
470
470
470
470
470
470
470
470
470
470
470
470
470
470
470
470
470
469
469
469
469
469
469
469
469
469
469
469
469
469
468
468
468
468
468
468
468
468
468
468
468
468
468
468
468
468
468
468
468
468
468
468
467
467
467
467
467
467
467
467
467
467
467
467
467
467
467
467
467
467
467
467
467
467
467
467
466
466
466
466
466
466
466
466
466
466
466
466
466
466
466
466
466
466
466
466
466
465
465
465
465
465
465
465
465
465
465
465
465
465
465
465
465
465
465
465
465
465
465
464
464
464
464
464
464
464
464
464
464
464
464
464
464
464
464
464
464
464
464
464
464
463
463
463
463
463
463
463
463
463
463
463
463
463
463
463
463
463
463
463
463
462
462
462
462
462
462
462
462
462
462
462
462
462
462
462
462
462
462
461
461
461
461
461
461
461
461
461
461
461
461
461
461
461
461
461
461
460
460
460
460
460
460
460
460
460
460
460
460
460
460
460
460
460
460
460
460
459
459
459
459
459
459
459
459
459
459
459
459
459
459
459
459
459
459
458
458
458
458
458
458
458
458
458
458
458
458
458
458
458
458
458
458
457
457
457
457
457
457
457
457
457
457
457
457
457
457
457
457
457
457
457
457
457
457
457
457
457
456
456
456
456
456
456
456
456
456
456
456
456
456
456
456
456
456
456
456
456
456
456
456
456
456
455
455
455
455
455
455
455
455
455
455
455
455
455
455
455
455
455
455
455
455
454
454
454
454
454
454
454
454
454
454
454
454
454
454
454
454
454
454
454
453
453
453
453
453
453
453
453
453
453
453
453
453
453
453
453
453
453
453
453
452
452
452
452
452
452
452
452
452
452
452
452
452
452
452
452
452
452
452
452
452
452
452
452
451
451
451
451
451
451
451
451
451
451
451
451
451
451
451
451
451
451
451
451
451
451
451
451
451
451
451
451
451
450
450
450
450
450
450
450
450
450
450
450
450
450
450
450
450
450
450
450
450
450
450
450
449
449
449
449
449
449
449
449
449
449
449
449
449
448
448
448
448
448
448
448
448
448
448
448
448
448
448
448
448
448
448
448
448
448
448
448
448
448
447
447
447
447
447
447
447
447
447
447
447
447
447
447
447
447
447
447
447
447
446
446
446
446
446
446
446
446
446
446
446
446
446
446
446
446
446
446
446
446
446
446
445
445
445
445
445
445
445
445
445
445
445
445
445
445
445
445
445
445
445
445
445
445
445
445
445
445
444
444
444
444
444
444
444
444
444
444
444
444
444
444
444
444
444
444
444
444
444
444
444
444
444
444
443
443
443
443
443
443
443
443
443
443
443
443
443
443
443
443
443
443
443
442
442
442
442
442
442
442
442
442
442
442
442
442
442
442
442
442
442
442
441
441
441
441
441
441
441
441
441
441
441
441
441
441
441
441
441
441
441
441
441
441
441
441
441
441
441
441
440
440
440
440
440
440
440
440
440
440
440
440
440
440
440
440
440
440
439
439
439
439
439
439
439
439
439
439
439
439
439
439
439
439
439
439
438
438
438
438
438
438
438
438
438
438
438
438
438
438
438
438
438
438
438
438
438
438
438
438
438
437
437
437
437
437
437
437
437
437
437
437
437
437
437
437
437
437
437
437
437
437
437
437
436
436
436
436
436
436
436
436
436
436
436
436
436
436
436
436
436
436
436
436
436
436
435
435
435
435
435
435
435
435
435
435
435
435
435
435
435
435
435
435
435
435
435
435
435
434
434
434
434
434
434
434
434
434
434
434
434
434
434
434
434
434
434
434
434
434
434
434
434
434
434
434
434
434
434
433
433
433
433
433
433
433
433
433
433
433
433
433
433
433
433
433
433
433
433
433
433
433
433
433
433
432
432
432
432
432
432
432
432
432
432
432
432
432
432
432
432
432
432
432
431
431
431
431
431
431
431
431
431
431
431
431
431
431
431
431
431
431
431
431
431
431
430
430
430
430
430
430
430
430
430
430
430
430
430
430
430
430
430
430
430
430
430
430
430
430
430
430
430
430
429
429
429
429
429
429
429
429
429
429
429
429
429
429
429
429
429
429
429
429
429
429
429
428
428
428
428
428
428
428
428
428
428
428
428
428
428
428
428
428
428
428
428
428
427
427
427
427
427
427
427
427
427
427
427
427
427
427
427
427
427
427
427
427
427
427
427
427
427
427
427
427
427
427
426
426
426
426
426
426
426
426
426
426
426
426
426
426
426
426
426
426
426
426
426
426
426
426
426
426
426
426
426
426
426
425
425
425
425
425
425
425
425
425
425
425
425
425
425
425
425
425
425
425
425
425
425
425
425
425
425
425
425
425
424
424
424
424
424
424
424
424
424
424
424
424
424
424
424
424
424
424
424
424
424
424
424
423
423
423
423
423
423
423
423
423
423
423
423
423
423
423
423
423
423
423
423
423
423
423
423
423
423
423
423
423
422
422
422
422
422
422
422
422
422
422
422
422
422
422
422
422
422
422
422
422
422
422
422
422
422
421
421
421
421
421
421
421
421
421
421
421
421
421
421
421
421
421
421
421
421
421
421
421
421
421
421
420
420
420
420
420
420
420
420
420
420
420
420
420
420
420
420
420
420
420
420
420
420
420
420
420
419
419
419
419
419
419
419
419
419
419
419
419
419
419
419
419
419
418
418
418
418
418
418
418
418
418
418
418
418
418
418
418
418
418
418
418
418
418
418
418
418
418
418
418
418
418
418
418
418
417
417
417
417
417
417
417
417
417
417
417
417
417
417
417
417
417
417
417
417
417
417
417
417
416
416
416
416
416
416
416
416
416
416
416
416
416
416
416
416
416
416
416
416
416
416
416
415
415
415
415
415
415
415
415
415
415
415
415
415
415
415
415
415
415
415
415
415
415
415
414
414
414
414
414
414
414
414
414
414
414
414
414
414
414
414
414
414
414
414
414
414
414
414
414
414
414
414
414
414
414
413
413
413
413
413
413
413
413
413
413
413
413
413
413
413
413
413
413
413
413
413
413
413
413
412
412
412
412
412
412
412
412
412
412
412
412
412
412
412
412
412
412
412
412
412
412
412
412
412
412
412
412
412
411
411
411
411
411
411
411
411
411
411
411
411
411
411
411
411
411
411
411
411
411
411
411
411
410
410
410
410
410
410
410
410
410
410
410
410
410
410
410
410
410
410
410
410
410
410
410
409
409
409
409
409
409
409
409
409
409
409
409
409
409
409
409
409
409
409
409
409
409
409
409
409
409
409
409
409
409
408
408
408
408
408
408
408
408
408
408
408
408
408
408
408
408
408
408
408
408
408
408
408
408
408
408
408
408
408
408
407
407
407
407
407
407
407
407
407
407
407
407
407
407
407
407
407
407
407
407
406
406
406
406
406
406
406
406
406
406
406
406
406
406
406
406
406
406
406
406
406
406
406
406
406
406
406
406
406
406
406
406
406
405
405
405
405
405
405
405
405
405
405
405
405
405
405
405
405
405
405
405
405
405
405
405
405
405
404
404
404
404
404
404
404
404
404
404
404
404
404
404
404
404
404
404
404
404
404
404
404
404
404
404
404
404
403
403
403
403
403
403
403
403
403
403
403
403
403
403
403
403
403
403
403
403
403
403
403
403
403
403
402
402
402
402
402
402
402
402
402
402
402
402
402
402
402
402
402
402
402
402
402
402
402
402
401
401
401
401
401
401
401
401
401
401
401
401
401
401
401
401
401
401
401
401
401
400
400
400
400
400
400
400
400
400
400
400
400
400
400
400
400
400
400
400
400
400
400
400
400
399
399
399
399
399
399
399
399
399
399
399
399
399
399
399
399
399
399
399
399
399
399
399
399
398
398
398
398
398
398
398
398
398
398
398
398
398
398
398
398
398
398
398
398
397
397
397
397
397
397
397
397
397
397
397
397
397
397
397
397
397
397
397
397
397
396
396
396
396
396
396
396
396
396
396
396
396
396
396
396
396
396
396
396
396
396
396
396
396
396
396
396
396
396
396
396
396
396
396
396
395
395
395
395
395
395
395
395
395
395
395
395
395
395
395
395
395
395
395
395
395
394
394
394
394
394
394
394
394
394
394
394
394
394
394
394
394
394
394
394
394
394
394
394
394
394
394
394
394
394
394
393
393
393
393
393
393
393
393
393
393
393
393
393
393
393
393
393
393
393
393
393
393
393
393
393
393
393
393
393
392
392
392
392
392
392
392
392
392
392
392
392
392
392
392
392
392
392
392
392
392
392
392
392
392
391
391
391
391
391
391
391
391
391
391
391
391
391
391
391
391
391
391
391
391
391
391
391
391
391
391
391
391
391
391
391
391
391
391
390
390
390
390
390
390
390
390
390
390
390
390
390
390
390
390
390
390
390
390
390
390
390
390
390
390
390
390
390
389
389
389
389
389
389
389
389
389
389
389
389
389
389
389
389
389
389
389
389
389
389
389
389
389
389
389
389
389
389
389
389
389
388
388
388
388
388
388
388
388
388
388
388
388
388
388
388
388
388
388
388
388
388
388
387
387
387
387
387
387
387
387
387
387
387
387
387
387
387
387
387
387
387
387
387
387
386
386
386
386
386
386
386
386
386
386
386
386
386
386
386
386
386
386
386
386
386
386
386
385
385
385
385
385
385
385
385
385
385
385
385
385
385
385
385
385
385
385
385
385
385
385
384
384
384
384
384
384
384
384
384
384
384
384
384
384
384
384
384
383
383
383
383
383
383
383
383
383
383
383
383
383
383
383
383
383
383
383
383
383
383
383
383
383
383
383
383
383
383
383
382
382
382
382
382
382
382
382
382
382
382
382
382
382
381
381
381
381
381
381
381
381
381
381
381
381
381
381
381
381
381
381
381
381
381
381
381
380
380
380
380
380
380
380
380
380
380
380
380
380
380
380
380
380
380
380
379
379
379
379
379
379
379
379
379
379
379
379
379
379
379
379
379
378
378
378
378
378
378
378
378
378
378
378
378
378
378
378
378
378
378
378
378
377
377
377
377
377
377
377
377
377
377
377
376
376
376
376
376
376
376
376
376
376
376
376
376
376
376
376
375
375
375
375
375
375
375
375
375
375
374
374
374
374
374
374
374
374
374
374
374
374
374
374
374
374
374
373
373
373
373
373
372
372
372
372
372
372
371
371
371
371
371
371
371
370
370
370
370
370
369
369
369
369
369
369
369
369
369
369
368
368
368
368
368
368
368
367
367
367
367
367
367
367
367
367
366
366
366
366
366
366
365
365
364
364
364
363
363
363
363
363
363
363
363
362
362
362
362
362
362
361
361
360
360
359
359
359
359
359
359
359
358
358
358
358
357
357
356
356
356
355
355
354
353
353
353
352
352
352
352
352
352
350
350
349
349
349
348
348
348
348
348
347
345
344
344
344
344
344
344
344
343
342
342
342
341
341
341
341
340
340
340
338
338
338
336
335
335
334
333
333
332
332
331
330
328
327
325
324
319
317
315
312
311
309
307
303
303
302
291
289
287
287
286
272
260
255
254
246
246
240
236
234
226
220
212
208
208
207
207
197
191
189
189
182
174
167
158
154
150
148
148
148
147
145
139
134
128
128
128
128
128
