9972
9268
8026
7352
7183
6977
6942
6936
6719
6714
6587
6489
6446
6388
6373
6365
6353
6353
6334
6294
6288
6246
6204
6198
6198
6182
6162
6158
6156
6146
6113
6110
6082
6078
6068
6057
6047
6046
6036
6035
6016
5998
5995
5976
5946
5944
5942
5926
5904
5891
5885
5883
5880
5875
5873
5872
5869
5862
5862
5848
5846
5836
5818
5805
5802
5786
5780
5780
5778
5772
5762
5759
5746
5746
5737
5736
5733
5709
5708
5706
5697
5695
5693
5690
5688
5686
5674
5667
5659
5655
5653
5651
5648
5637
5636
5633
5629
5626
5613
5608
5606
5601
5596
5595
5588
5580
5571
5565
5560
5559
5559
5554
5549
5534
5534
5532
5531
5530
5527
5514
5511
5510
5508
5498
5496
5491
5486
5475
5474
5468
5465
5464
5461
5456
5451
5451
5449
5439
5429
5424
5424
5411
5406
5405
5395
5395
5391
5387
5383
5371
5366
5364
5364
5364
5359
5355
5352
5348
5338
5338
5335
5335
5335
5332
5332
5321
5314
5304
5300
5298
5296
5290
5286
5285
5284
5283
5279
5277
5275
5275
5274
5271
5266
5261
5260
5259
5259
5256
5254
5252
5247
5244
5238
5236
5236
5235
5226
5225
5225
5225
5223
5223
5219
5218
5214
5211
5210
5210
5209
5207
5200
5196
5194
5193
5191
5188
5181
5180
5174
5165
5162
5155
5155
5152
5147
5145
5144
5141
5135
5133
5132
5130
5129
5129
5127
5126
5126
5126
5124
5123
5123
5121
5116
5112
5108
5105
5103
5096
5094
5093
5092
5086
5079
5076
5075
5073
5072
5072
5064
5058
5058
5057
5055
5054
5047
5045
5045
5044
5041
5038
5038
5038
5037
5037
5033
5029
5026
5022
5021
5016
5016
5005
5003
4996
4994
4992
4991
4985
4982
4982
4981
4979
4978
4977
4977
4970
4969
4966
4958
4957
4953
4953
4952
4952
4946
4941
4940
4939
4937
4934
4933
4930
4927
4925
4923
4923
4921
4917
4917
4913
4912
4911
4911
4910
4906
4901
4900
4900
4898
4898
4895
4893
4891
4891
4884
4883
4882
4880
4879
4878
4878
4877
4877
4875
4871
4870
4869
4869
4865
4863
4863
4852
4852
4848
4847
4846
4846
4846
4844
4843
4841
4831
4830
4829
4829
4821
4818
4815
4810
4808
4804
4800
4793
4791
4791
4791
4790
4789
4787
4787
4783
4783
4783
4781
4779
4777
4773
4773
4772
4771
4765
4765
4762
4760
4760
4759
4758
4754
4753
4753
4752
4752
4750
4749
4749
4748
4748
4748
4747
4746
4745
4744
4739
4738
4737
4736
4731
4730
4729
4728
4727
4721
4721
4721
4721
4720
4720
4717
4715
4714
4714
4713
4712
4711
4707
4706
4703
4700
4698
4695
4694
4693
4689
4689
4683
4680
4680
4679
4677
4674
4670
4669
4669
4669
4663
4663
4662
4661
4661
4659
4657
4657
4655
4649
4648
4647
4646
4644
4640
4637
4636
4631
4630
4630
4626
4624
4621
4619
4618
4618
4617
4617
4617
4616
4616
4613
4613
4612
4611
4611
4611
4610
4609
4603
4601
4599
4598
4597
4596
4596
4593
4590
4588
4585
4584
4581
4576
4576
4575
4575
4574
4572
4571
4571
4568
4565
4563
4563
4562
4558
4558
4556
4555
4546
4546
4544
4543
4542
4542
4540
4538
4537
4534
4533
4531
4530
4526
4525
4525
4525
4520
4511
4510
4510
4502
4501
4499
4498
4497
4496
4491
4489
4487
4487
4484
4482
4480
4475
4474
4471
4470
4469
4468
4468
4466
4461
4460
4459
4455
4453
4453
4447
4447
4446
4446
4444
4444
4441
4438
4437
4435
4434
4433
4433
4432
4432
4429
4427
4427
4425
4420
4416
4413
4412
4412
4411
4409
4407
4407
4406
4405
4405
4402
4402
4402
4402
4402
4401
4400
4400
4398
4398
4398
4396
4394
4393
4391
4390
4389
4389
4388
4388
4387
4386
4386
4385
4384
4379
4377
4376
4372
4372
4371
4369
4368
4367
4366
4364
4363
4361
4360
4360
4357
4356
4353
4353
4349
4349
4348
4347
4344
4343
4343
4343
4342
4340
4338
4336
4335
4334
4334
4333
4332
4331
4328
4327
4325
4323
4318
4317
4310
4308
4307
4307
4306
4303
4302
4302
4301
4300
4298
4296
4296
4295
4294
4291
4289
4289
4289
4285
4285
4280
4276
4275
4274
4273
4272
4271
4270
4270
4269
4263
4259
4259
4258
4258
4257
4256
4256
4254
4252
4251
4250
4249
4249
4248
4248
4243
4241
4241
4239
4238
4233
4232
4231
4230
4230
4230
4226
4225
4225
4225
4225
4224
4223
4220
4218
4217
4215
4214
4213
4212
4212
4211
4208
4207
4206
4205
4204
4204
4202
4201
4201
4197
4194
4193
4192
4191
4190
4187
4187
4186
4183
4182
4181
4180
4179
4179
4177
4177
4175
4174
4174
4173
4173
4172
4167
4162
4159
4156
4154
4151
4149
4148
4146
4145
4142
4141
4140
4135
4134
4133
4131
4130
4130
4128
4126
4126
4125
4124
4122
4122
4121
4121
4119
4114
4114
4108
4107
4107
4106
4105
4105
4104
4101
4099
4099
4094
4091
4091
4088
4087
4085
4085
4084
4082
4076
4076
4075
4073
4073
4073
4072
4070
4068
4068
4067
4065
4061
4059
4058
4058
4058
4057
4051
4051
4047
4046
4045
4044
4043
4038
4036
4032
4031
4031
4029
4028
4028
4025
4021
4016
4013
4009
4008
4007
4004
4003
4002
4000
3997
3996
3996
3995
3995
3995
3995
3992
3990
3989
3986
3986
3986
3986
3986
3983
3983
3982
3980
3980
3978
3978
3978
3976
3975
3975
3974
3974
3973
3973
3971
3970
3966
3965
3959
3956
3955
3952
3950
3950
3948
3948
3947
3943
3941
3941
3941
3937
3937
3937
3937
3936
3936
3932
3932
3932
3932
3930
3929
3928
3927
3926
3926
3926
3925
3922
3921
3921
3917
3917
3915
3913
3912
3908
3908
3907
3906
3904
3904
3903
3901
3899
3895
3894
3894
3893
3893
3891
3889
3888
3888
3886
3884
3880
3879
3878
3877
3876
3874
3871
3869
3869
3867
3863
3863
3861
3861
3859
3857
3856
3852
3851
3849
3849
3847
3844
3843
3837
3836
3832
3829
3829
3825
3824
3821
3821
3820
3818
3818
3817
3815
3815
3815
3815
3814
3814
3812
3811
3809
3807
3805
3804
3803
3801
3798
3798
3797
3797
3795
3795
3794
3793
3792
3792
3792
3791
3790
3787
3786
3783
3781
3778
3777
3776
3776
3776
3775
3773
3772
3772
3771
3770
3768
3766
3764
3763
3762
3761
3761
3760
3760
3759
3759
3758
3756
3753
3751
3751
3750
3749
3748
3747
3745
3745
3742
3741
3738
3738
3738
3736
3734
3732
3732
3730
3725
3725
3724
3722
3722
3721
3720
3720
3720
3720
3717
3717
3715
3715
3715
3711
3710
3710
3710
3708
3708
3707
3705
3704
3701
3701
3701
3699
3696
3695
3695
3695
3693
3692
3691
3691
3691
3689
3688
3688
3687
3685
3684
3684
3684
3683
3683
3682
3681
3681
3679
3678
3677
3676
3676
3673
3672
3671
3671
3667
3666
3665
3664
3659
3658
3657
3655
3654
3653
3653
3651
3650
3648
3648
3647
3645
3645
3644
3642
3641
3639
3636
3632
3631
3630
3629
3629
3627
3622
3622
3620
3620
3620
3617
3614
3614
3613
3608
3604
3603
3602
3602
3602
3602
3600
3598
3597
3594
3592
3592
3591
3587
3585
3584
3582
3581
3580
3580
3578
3575
3573
3572
3569
3568
3567
3566
3563
3562
3562
3560
3557
3551
3551
3547
3546
3545
3541
3540
3538
3538
3538
3536
3535
3535
3535
3534
3534
3532
3532
3528
3528
3526
3525
3522
3521
3517
3516
3514
3510
3510
3510
3509
3508
3508
3508
3505
3504
3500
3500
3496
3492
3491
3488
3488
3486
3477
3477
3475
3474
3473
3468
3468
3467
3467
3467
3463
3463
3463
3462
3455
3454
3454
3454
3452
3452
3451
3450
3446
3445
3443
3441
3441
3434
3432
3432
3431
3427
3424
3422
3421
3421
3418
3416
3416
3415
3415
3414
3412
3412
3410
3404
3402
3401
3399
3399
3396
3393
3392
3391
3390
3390
3389
3389
3387
3385
3384
3383
3380
3380
3379
3378
3376
3372
3364
3364
3363
3362
3359
3358
3358
3357
3356
3355
3353
3351
3348
3347
3346
3344
3343
3343
3337
3334
3333
3333
3332
3331
3330
3330
3324
3324
3323
3321
3319
3318
3317
3315
3315
3314
3313
3313
3311
3311
3308
3308
3307
3307
3305
3304
3303
3302
3301
3301
3297
3297
3297
3293
3292
3290
3289
3289
3288
3286
3284
3283
3282
3280
3280
3280
3279
3275
3273
3273
3272
3269
3266
3265
3265
3264
3263
3262
3262
3260
3258
3257
3256
3256
3253
3251
3251
3250
3250
3249
3249
3249
3247
3246
3239
3238
3237
3236
3234
3234
3234
3233
3232
3231
3231
3230
3227
3225
3225
3225
3223
3219
3214
3213
3209
3205
3198
3197
3197
3194
3194
3193
3193
3193
3192
3191
3191
3191
3187
3185
3182
3182
3182
3181
3180
3178
3177
3175
3174
3173
3173
3170
3169
3168
3166
3166
3166
3159
3158
3158
3158
3156
3155
3153
3149
3145
3144
3144
3141
3139
3139
3134
3134
3133
3131
3130
3128
3128
3120
3112
3111
3110
3110
3109
3106
3106
3105
3105
3104
3103
3096
3095
3094
3094
3090
3090
3087
3085
3084
3083
3079
3079
3077
3074
3072
3071
3070
3070
3068
3067
3065
3064
3063
3057
3057
3056
3054
3052
3050
3047
3047
3045
3041
3032
3027
3027
3022
3021
3012
3008
3006
3004
3004
2997
2993
2992
2992
2990
2990
2986
2985
2985
2981
2980
2977
2976
2976
2976
2974
2973
2973
2970
2968
2968
2966
2965
2963
2962
2961
2956
2954
2954
2950
2948
2944
2941
2940
2934
2933
2932
2931
2931
2929
2929
2928
2927
2925
2922
2919
2917
2916
2911
2909
2905
2902
2898
2897
2895
2894
2891
2890
2888
2888
2886
2886
2882
2881
2880
2880
2880
2878
2876
2872
2872
2867
2866
2865
2863
2862
2862
2860
2860
2858
2857
2857
2853
2851
2847
2845
2845
2843
2838
2830
2829
2828
2822
2820
2819
2817
2814
2813
2811
2809
2808
2807
2806
2805
2804
2804
2804
2804
2804
2802
2799
2793
2792
2791
2789
2788
2787
2779
2777
2776
2767
2767
2765
2762
2757
2756
2755
2749
2749
2748
2744
2743
2740
2740
2739
2739
2731
2728
2728
2727
2721
2718
2717
2716
2713
2712
2705
2703
2702
2693
2693
2692
2690
2689
2681
2675
2673
2667
2661
2653
2652
2645
2634
2630
2628
2626
2626
2625
2625
2624
2623
2621
2621
2621
2619
2614
2612
2611
2606
2600
2592
2590
2586
2586
2579
2578
2576
2575
2575
2574
2573
2573
2573
2570
2570
2566
2565
2565
2564
2562
2560
2557
2555
2552
2550
2550
2549
2549
2546
2543
2543
2537
2533
2532
2526
2526
2522
2521
2521
2520
2518
2509
2505
2505
2504
2502
2500
2489
2488
2488
2487
2485
2483
2483
2479
2474
2474
2472
2470
2468
2468
2468
2466
2464
2461
2459
2459
2457
2454
2452
2450
2447
2447
2445
2427
2424
2424
2419
2410
2406
2403
2401
2399
2395
2392
2389
2383
2383
2382
2381
2379
2379
2369
2365
2362
2361
2361
2357
2353
2352
2351
2351
2350
2338
2336
2336
2331
2325
2317
2313
2303
2301
2299
2297
2296
2292
2288
2288
2287
2285
2283
2280
2277
2277
2274
2273
2271
2270
2269
2268
2265
2260
2260
2257
2253
2252
2249
2248
2245
2245
2244
2241
2241
2236
2234
2233
2231
2231
2230
2229
2228
2225
2224
2223
2222
2220
2217
2213
2212
2212
2210
2210
2209
2205
2199
2197
2195
2189
2187
2183
2180
2173
2172
2171
2170
2169
2168
2168
2166
2166
2165
2165
2163
2162
2161
2161
2159
2156
2155
2147
2147
2144
2142
2141
2139
2134
2133
2132
2132
2132
2129
2124
2120
2118
2118
2115
2113
2110
2109
2107
2107
2105
2099
2097
2096
2096
2094
2094
2088
2088
2087
2085
2084
2084
2081
2073
2069
2069
2069
2068
2067
2066
2063
2062
2060
2056
2055
2054
2053
2050
2048
2047
2046
2046
2045
2042
2041
2040
2040
2040
2040
2040
2037
2037
2036
2034
2032
2031
2031
2030
2028
2027
2027
2025
2025
2023
2023
2016
2015
2014
2013
2008
2004
2004
2004
2003
2001
1998
1998
1998
1986
1983
1981
1979
1978
1972
1971
1971
1970
1969
1969
1963
1961
1954
1952
1951
1943
1943
1942
1939
1936
1936
1935
1935
1928
1928
1924
1924
1918
1917
1915
1913
1909
1907
1907
1904
1904
1904
1896
1895
1895
1894
1888
1885
1884
1882
1881
1877
1874
1873
1872
1870
1870
1869
1867
1866
1863
1863
1862
1861
1860
1855
1854
1852
1851
1850
1849
1849
1849
1848
1844
1843
1843
1840
1837
1836
1835
1834
1833
1833
1833
1832
1832
1829
1828
1827
1827
1824
1819
1819
1819
1819
1818
1816
1814
1811
1810
1809
1808
1803
1802
1802
1801
1800
1800
1799
1798
1792
1791
1791
1790
1789
1788
1787
1787
1787
1787
1780
1780
1779
1775
1770
1770
1770
1765
1762
1761
1761
1761
1759
1759
1758
1757
1757
1756
1755
1754
1754
1753
1751
1750
1746
1745
1744
1744
1741
1741
1738
1738
1738
1736
1736
1735
1732
1732
1730
1730
1727
1724
1724
1724
1724
1722
1720
1720
1720
1718
1716
1714
1709
1706
1705
1700
1699
1696
1693
1693
1692
1689
1689
1688
1687
1687
1683
1682
1681
1681
1679
1678
1677
1673
1671
1671
1669
1666
1665
1664
1663
1662
1660
1660
1660
1657
1656
1655
1654
1653
1652
1651
1650
1649
1648
1648
1647
1645
1644
1639
1637
1635
1632
1632
1631
1631
1630
1629
1628
1628
1625
1623
1622
1621
1620
1619
1615
1614
1613
1611
1611
1610
1607
1604
1604
1604
1604
1602
1601
1599
1599
1598
1596
1594
1593
1593
1591
1590
1590
1590
1589
1589
1585
1583
1581
1580
1580
1576
1576
1575
1575
1574
1571
1569
1567
1567
1567
1564
1558
1556
1555
1552
1552
1551
1549
1549
1549
1548
1545
1544
1540
1539
1538
1537
1536
1535
1535
1534
1531
1531
1529
1529
1529
1528
1528
1523
1523
1523
1521
1520
1516
1515
1511
1511
1511
1511
1510
1510
1507
1505
1505
1504
1502
1501
1501
1500
1500
1499
1499
1499
1497
1492
1490
1487
1487
1484
1483
1483
1481
1481
1481
1479
1479
1476
1474
1473
1472
1472
1469
1466
1466
1466
1464
1463
1462
1459
1459
1458
1457
1457
1451
1451
1449
1447
1447
1446
1446
1445
1445
1441
1440
1440
1439
1438
1438
1438
1435
1435
1435
1431
1430
1430
1429
1428
1428
1426
1424
1424
1422
1418
1415
1411
1411
1409
1409
1404
1404
1404
1402
1400
1399
1397
1396
1396
1395
1394
1392
1391
1391
1389
1388
1384
1384
1381
1381
1380
1378
1378
1377
1375
1372
1371
1371
1369
1368
1364
1364
1363
1357
1356
1355
1351
1350
1349
1349
1348
1348
1347
1346
1344
1344
1344
1344
1343
1343
1341
1340
1339
1337
1336
1335
1335
1334
1333
1332
1332
1332
1332
1328
1326
1326
1325
1324
1324
1323
1321
1319
1319
1319
1318
1318
1314
1312
1309
1304
1304
1302
1300
1299
1299
1298
1298
1298
1298
1298
1297
1297
1296
1294
1293
1291
1289
1288
1287
1283
1283
1282
1281
1280
1278
1278
1275
1274
1274
1273
1269
1269
1267
1266
1266
1265
1264
1264
1263
1262
1261
1259
1259
1259
1257
1257
1256
1256
1255
1254
1252
1252
1251
1251
1251
1250
1250
1249
1248
1247
1247
1246
1246
1246
1244
1242
1242
1240
1239
1239
1239
1238
1237
1236
1236
1233
1233
1233
1228
1228
1227
1227
1226
1225
1224
1221
1220
1220
1213
1213
1212
1211
1210
1209
1209
1207
1207
1207
1206
1206
1206
1206
1206
1205
1204
1203
1200
1199
1199
1195
1190
1189
1188
1187
1187
1186
1186
1184
1183
1183
1182
1182
1180
1179
1179
1177
1177
1176
1174
1173
1172
1171
1170
1169
1168
1167
1166
1165
1165
1164
1164
1164
1163
1162
1161
1161
1161
1160
1159
1156
1155
1155
1154
1153
1153
1152
1151
1149
1148
1147
1146
1145
1144
1143
1143
1142
1142
1141
1140
1140
1140
1140
1140
1137
1135
1135
1134
1134
1134
1133
1133
1133
1132
1132
1131
1130
1130
1128
1127
1126
1126
1125
1125
1124
1124
1123
1123
1122
1122
1121
1120
1119
1118
1117
1117
1117
1114
1112
1112
1111
1111
1110
1108
1107
1107
1107
1107
1107
1107
1105
1105
1104
1104
1103
1102
1102
1102
1101
1100
1100
1100
1099
1097
1096
1096
1096
1093
1093
1092
1092
1091
1091
1090
1090
1090
1088
1087
1087
1085
1085
1085
1085
1085
1084
1084
1083
1082
1081
1079
1079
1079
1078
1078
1077
1077
1075
1075
1075
1075
1074
1074
1074
1074
1074
1073
1072
1072
1068
1068
1067
1067
1065
1065
1064
1064
1063
1060
1060
1059
1059
1059
1059
1059
1058
1057
1057
1057
1056
1055
1053
1053
1052
1052
1051
1050
1049
1049
1049
1048
1047
1047
1046
1046
1044
1044
1043
1043
1043
1043
1042
1042
1042
1041
1041
1040
1040
1039
1038
1038
1038
1038
1038
1037
1036
1036
1036
1033
1032
1032
1032
1030
1030
1030
1029
1028
1027
1025
1024
1023
1022
1021
1021
1021
1021
1021
1021
1020
1020
1020
1018
1018
1017
1017
1015
1015
1015
1014
1014
1014
1013
1013
1010
1010
1008
1008
1007
1007
1007
1007
1007
1006
1005
1005
1004
1004
1003
1003
1003
1003
1002
1002
1002
1002
1001
1001
1001
1000
1000
1000
999
999
999
999
998
998
997
997
996
996
995
994
994
994
993
993
992
992
991
991
991
991
990
990
989
989
989
989
989
988
988
988
987
987
987
987
987
987
986
986
986
985
985
984
984
982
982
982
982
982
981
981
981
981
980
979
979
979
978
978
978
977
974
974
972
972
971
971
970
970
970
970
969
968
967
967
967
966
966
966
966
965
965
964
964
962
961
961
961
961
961
960
959
959
959
958
958
957
957
956
956
956
954
954
953
952
952
952
951
951
950
950
949
949
949
949
949
949
948
947
946
946
946
945
945
945
945
945
944
944
944
944
943
943
943
942
941
940
939
939
939
938
938
937
937
935
935
935
935
934
934
933
933
933
932
932
931
931
930
929
928
928
927
927
926
926
925
925
925
925
925
925
924
924
924
923
922
921
921
920
920
920
920
919
919
918
918
918
916
916
914
914
913
913
912
912
912
911
911
910
910
909
909
909
909
908
907
906
906
906
905
905
904
904
904
904
903
903
903
902
902
901
901
901
901
901
900
900
899
899
899
899
899
899
898
898
898
897
897
896
896
896
895
895
894
894
893
892
892
892
890
890
888
886
885
885
884
884
884
884
883
883
882
882
881
881
881
881
881
879
879
878
878
877
876
875
875
875
875
874
873
873
872
872
872
871
871
871
871
871
871
870
870
870
870
869
868
867
867
867
866
866
865
865
864
864
864
864
864
864
864
864
864
863
862
862
862
861
861
860
860
860
859
858
858
858
858
857
856
856
856
856
856
854
853
852
851
850
850
849
849
849
848
848
848
848
848
847
847
846
846
845
845
845
844
844
843
842
842
842
842
841
841
840
840
840
840
839
838
838
838
837
837
837
837
837
836
836
836
835
835
834
833
833
832
832
831
831
831
831
830
830
829
829
829
829
829
829
829
829
829
828
828
827
827
826
825
825
825
825
824
824
824
823
823
822
822
822
821
821
821
821
820
820
820
820
819
818
818
818
817
817
817
816
816
816
816
815
815
815
814
814
814
813
813
813
813
813
812
812
812
812
811
811
811
811
810
809
809
809
809
808
808
808
807
807
807
807
806
806
805
805
805
805
804
804
804
804
804
804
803
803
803
803
803
802
802
802
802
802
801
801
801
801
801
800
800
800
800
799
799
799
799
799
798
798
798
797
797
797
797
797
796
796
796
796
796
796
796
796
796
795
795
795
795
795
795
794
794
793
793
792
792
792
792
791
791
791
791
791
790
790
789
789
789
789
789
788
788
787
787
786
785
785
785
784
784
784
784
784
784
784
783
783
783
783
783
783
782
782
782
782
781
781
781
780
780
779
778
778
778
778
777
777
777
777
777
777
777
776
776
776
776
776
776
776
775
775
775
774
774
774
774
774
773
773
773
773
773
773
773
773
773
772
772
772
772
772
771
771
771
771
771
771
770
770
770
770
770
769
767
767
767
767
767
766
766
766
765
765
765
763
763
763
762
762
762
762
761
761
761
761
761
759
759
759
759
758
758
758
758
757
757
757
757
755
755
755
755
755
754
754
753
753
752
752
751
751
751
751
751
751
751
750
750
749
749
749
749
749
749
749
749
748
748
748
748
748
748
748
748
748
747
747
747
747
747
746
746
746
746
746
745
745
745
745
745
745
745
745
744
744
743
743
743
743
743
743
743
743
742
742
742
742
742
742
741
741
741
740
740
740
740
740
740
739
739
739
739
738
738
738
738
738
738
737
737
736
736
736
736
736
735
735
735
735
735
735
735
734
734
734
734
734
733
733
733
733
732
732
732
732
731
731
731
730
730
730
730
729
729
729
729
729
729
728
728
728
728
727
727
727
727
727
726
726
726
725
725
725
725
723
723
723
723
723
722
722
721
721
721
721
720
720
720
719
719
719
719
718
718
718
718
718
717
717
717
717
717
717
716
716
716
715
715
715
715
715
715
715
714
714
714
714
714
714
714
713
713
713
713
712
712
712
711
711
711
711
711
711
711
710
710
710
710
710
710
709
709
709
708
708
708
708
708
707
707
707
707
707
706
706
706
705
705
705
705
705
705
704
704
704
704
704
704
704
703
703
703
703
703
703
703
703
702
702
702
702
702
702
702
701
701
701
701
700
700
699
699
699
699
699
699
698
698
698
698
697
697
697
697
697
696
696
696
696
695
695
695
694
694
694
694
693
693
693
692
692
692
691
691
691
690
690
690
689
689
689
688
688
687
687
687
687
687
686
686
686
686
686
685
685
685
685
685
684
684
684
684
684
684
683
683
683
683
683
683
682
682
682
682
682
682
681
681
681
681
681
681
681
680
680
680
679
679
679
679
679
679
678
678
678
678
678
678
677
677
677
677
677
676
676
676
676
676
676
675
675
675
675
675
675
674
674
674
674
674
673
673
672
672
672
672
672
671
671
671
671
670
670
670
670
670
670
670
670
669
669
669
669
669
669
668
668
668
668
667
667
666
666
666
666
666
666
666
666
666
665
665
665
665
665
664
664
664
664
664
664
664
664
663
663
663
663
663
663
663
662
662
662
662
662
662
662
661
661
661
661
661
661
660
660
660
660
660
660
659
659
659
659
659
659
658
658
657
657
657
657
656
656
656
656
656
656
656
655
655
655
655
655
655
655
655
655
654
654
653
653
653
653
653
653
653
653
652
652
652
652
651
651
651
650
650
650
650
650
650
649
649
649
649
649
649
648
648
648
648
648
648
648
648
648
647
647
647
647
647
647
646
646
646
646
646
645
645
645
645
645
644
644
644
644
644
644
644
644
643
643
643
643
643
642
641
641
641
641
641
641
641
640
640
640
640
640
640
640
639
639
639
639
638
638
638
638
638
638
637
637
637
637
637
637
636
636
636
636
636
636
636
636
636
636
636
636
636
635
635
635
635
635
635
634
634
634
634
634
634
633
633
633
633
632
632
632
632
632
632
632
631
631
631
631
631
631
630
630
630
630
629
629
629
629
629
629
629
629
629
629
629
628
628
628
628
628
627
627
627
627
627
627
627
627
627
627
626
626
626
626
626
626
626
626
626
626
626
626
625
625
625
625
625
625
625
625
625
625
625
625
624
624
624
624
623
623
623
623
623
623
623
622
622
622
621
621
621
621
621
621
620
620
620
619
619
619
619
619
619
618
618
618
618
618
618
618
618
618
617
617
617
617
617
617
617
617
616
616
616
616
616
616
616
616
616
616
616
615
615
615
615
615
615
615
615
615
615
614
614
614
614
614
614
613
613
613
613
613
613
613
613
613
613
613
612
612
612
612
612
612
611
611
611
611
611
610
610
610
610
610
610
610
610
609
609
609
608
608
608
608
608
608
608
608
607
607
607
607
606
606
605
605
605
605
605
605
605
605
604
604
604
604
604
604
604
604
603
603
603
603
603
603
602
602
602
602
601
601
601
601
601
601
600
600
600
600
600
600
600
600
600
600
600
599
599
599
599
599
599
599
599
599
599
598
598
598
598
598
598
598
597
597
597
597
597
597
597
597
597
596
596
596
596
596
596
596
596
595
595
595
595
594
594
594
594
594
594
594
594
593
593
593
593
593
593
593
592
592
592
592
592
592
592
592
592
592
592
591
591
591
591
591
591
591
591
591
591
591
590
590
590
590
590
590
589
589
589
589
589
589
589
589
589
589
589
589
588
588
588
588
588
588
587
587
587
587
586
586
586
586
586
586
585
585
585
585
585
585
585
585
584
584
584
584
584
584
584
583
583
583
582
582
582
582
582
582
582
582
582
581
581
581
581
581
581
581
580
580
580
580
580
580
580
580
580
580
579
579
579
579
579
579
579
579
579
579
578
578
578
578
578
578
578
578
578
578
578
578
577
577
577
577
577
577
577
577
577
577
576
576
576
576
576
576
576
576
576
576
575
575
575
575
575
575
574
574
574
574
573
573
573
573
573
573
573
573
573
573
573
572
572
572
572
572
572
572
572
572
572
572
572
572
571
571
571
571
571
571
571
571
570
570
570
570
570
570
569
569
569
569
569
569
569
568
568
568
568
568
568
568
567
567
567
567
567
567
567
567
567
566
566
566
566
566
566
566
566
566
566
566
566
566
565
565
565
565
565
565
565
564
564
564
564
563
563
563
563
563
563
563
563
562
562
561
561
561
561
561
561
561
561
561
561
560
560
560
560
560
560
560
560
560
560
559
559
559
559
559
559
558
558
558
558
558
558
558
558
558
558
558
557
557
557
557
557
557
557
557
557
557
557
556
556
556
556
556
556
556
556
556
556
555
555
555
555
555
555
555
555
554
554
554
554
554
554
554
554
554
554
553
553
553
553
553
552
552
552
552
552
552
552
552
552
551
551
551
551
551
551
551
550
550
550
550
550
550
550
550
550
550
549
549
549
549
549
549
549
549
549
549
549
549
549
548
548
548
548
548
548
548
548
548
548
547
547
547
547
547
547
547
547
547
547
547
547
547
546
546
546
546
546
546
546
546
546
545
545
545
545
545
545
545
545
545
544
544
544
544
544
544
544
543
543
543
543
543
543
543
543
543
543
543
543
543
543
543
543
542
542
542
542
542
541
541
541
541
541
541
541
541
541
541
540
540
540
540
540
540
540
540
540
540
540
539
539
539
539
539
539
539
539
539
539
538
538
538
538
538
538
538
538
538
537
537
537
537
537
537
537
537
536
536
536
536
536
536
536
536
536
536
536
536
535
535
535
535
535
535
535
535
535
535
534
534
534
534
534
534
534
534
534
534
533
533
533
533
533
533
533
532
532
532
532
532
532
532
532
532
532
532
532
532
532
531
531
531
531
531
531
531
531
531
531
530
530
530
530
530
529
529
529
529
529
529
528
528
528
528
527
527
527
527
527
527
527
527
527
527
527
527
527
526
526
526
526
526
526
526
525
525
525
525
525
525
524
524
524
524
524
524
524
524
524
524
523
523
523
523
523
523
523
523
523
523
523
522
522
522
522
522
522
522
522
522
522
521
521
521
521
521
521
521
521
521
520
520
520
520
520
520
519
519
519
519
519
519
519
519
519
519
519
519
519
518
518
518
518
518
518
518
518
518
517
517
517
517
517
517
517
517
517
517
517
517
517
517
517
517
517
516
516
516
516
516
516
516
516
516
516
515
515
515
515
515
515
515
515
515
515
515
514
514
514
514
513
513
513
513
513
513
513
513
513
513
513
513
512
512
512
512
512
512
512
512
512
511
511
511
511
511
511
511
510
510
510
510
510
510
509
509
509
509
509
509
509
509
509
509
508
508
508
508
508
508
508
508
508
507
507
507
507
507
507
507
507
507
506
506
506
506
506
506
506
505
505
505
505
505
505
505
505
505
505
504
504
504
504
504
504
504
504
504
504
504
504
504
504
503
503
503
503
503
503
503
503
503
503
503
503
503
503
502
502
502
502
502
502
502
502
502
502
502
502
501
501
501
501
501
501
501
501
501
501
501
501
501
501
501
500
500
500
500
500
500
500
500
500
499
499
499
499
499
499
499
499
499
499
499
499
499
499
498
498
498
498
498
498
498
498
498
498
498
498
497
497
497
497
497
497
496
496
496
496
496
496
496
496
496
496
496
496
496
496
496
496
496
495
495
495
495
495
495
495
495
495
495
495
495
495
495
495
495
495
495
495
495
495
495
494
494
494
494
494
494
494
494
494
494
493
493
493
493
493
493
493
493
493
493
493
493
493
493
493
492
492
492
492
492
492
492
492
492
492
492
492
491
491
491
491
491
490
490
490
490
490
490
490
490
490
490
490
490
490
490
489
489
489
489
489
489
489
489
489
489
489
489
489
488
488
488
488
488
488
488
488
488
488
488
488
488
488
488
488
488
488
487
487
487
487
487
487
487
487
487
487
487
487
487
487
487
487
486
486
486
486
486
486
486
486
486
485
485
485
485
485
485
485
485
484
484
484
484
484
484
484
484
483
483
483
483
483
483
483
483
483
482
482
482
482
482
482
482
482
482
482
482
482
482
481
481
481
481
481
481
481
480
480
480
480
480
480
480
480
480
480
480
480
480
480
480
479
479
479
479
479
479
479
479
479
479
479
479
479
479
478
478
478
478
478
478
478
478
478
478
478
478
478
477
477
477
477
477
477
477
477
477
477
477
477
476
476
476
476
476
476
476
475
475
475
475
475
475
475
475
475
474
474
474
474
474
474
474
473
473
473
473
473
473
473
473
473
473
473
473
473
473
472
472
472
472
472
472
472
472
472
472
472
472
472
471
471
471
471
471
471
471
471
471
471
471
471
471
471
470
470
470
470
470
470
470
470
470
470
470
469
469
469
469
469
469
469
469
469
468
468
468
468
468
468
468
468
468
468
468
468
468
468
468
468
468
467
467
467
467
467
467
467
467
467
467
467
467
467
467
467
467
467
466
466
466
466
466
466
466
466
466
466
465
465
465
465
465
465
465
465
465
465
465
465
465
465
465
465
465
465
465
464
464
464
464
464
464
464
464
464
464
463
463
463
463
463
463
463
462
462
462
462
462
462
462
462
462
462
462
462
462
462
462
462
462
461
461
461
461
461
461
461
461
461
461
461
460
460
460
460
460
460
460
460
460
460
460
460
460
460
459
459
459
459
459
459
459
459
459
459
459
459
459
459
459
459
458
458
458
458
458
458
458
458
458
458
458
458
458
458
458
458
458
458
458
458
458
458
457
457
457
457
457
457
457
457
457
457
457
457
456
456
456
456
456
456
456
456
456
456
456
455
455
455
455
455
455
455
454
454
454
454
454
454
454
454
454
454
454
454
454
454
454
454
454
454
454
453
453
453
453
453
453
453
453
453
453
453
453
453
452
452
452
452
452
452
452
452
452
452
452
452
452
452
452
452
452
452
452
452
451
451
451
451
451
451
451
451
451
451
450
450
450
450
450
450
450
450
450
450
450
450
450
450
450
449
449
449
449
449
449
449
449
449
449
449
449
449
449
448
448
448
448
448
448
448
448
448
448
448
448
448
448
447
447
447
447
447
447
447
447
447
447
447
447
446
446
446
446
446
446
446
446
446
446
446
446
446
446
446
446
446
446
445
445
445
445
445
445
445
445
445
445
445
445
445
445
444
444
444
444
444
444
444
444
444
444
444
444
444
444
444
443
443
443
443
443
443
443
443
443
443
443
443
442
442
442
442
442
442
442
442
442
442
442
442
442
442
442
442
442
441
441
441
441
441
441
441
441
441
441
441
441
441
441
441
441
441
441
441
441
441
440
440
440
440
440
440
440
440
440
440
440
440
440
440
440
440
440
439
439
439
439
439
439
439
439
439
439
439
439
439
439
438
438
438
438
438
438
438
438
438
438
438
438
438
438
438
438
438
437
437
437
437
437
437
437
437
437
437
437
437
437
437
437
437
437
437
436
436
436
436
436
436
436
436
436
436
436
436
436
436
436
436
436
436
436
435
435
435
435
435
435
435
435
435
435
435
435
435
435
435
435
435
435
435
435
435
434
434
434
434
434
434
434
434
434
434
434
434
434
434
434
433
433
433
433
433
433
433
433
433
432
432
432
432
432
432
432
432
432
432
432
431
431
431
431
431
431
431
431
431
431
431
431
431
431
431
431
431
431
430
430
430
430
430
430
430
430
430
430
430
430
430
430
430
430
430
429
429
429
429
429
429
429
429
429
429
429
429
429
429
429
429
429
429
429
429
428
428
428
428
428
428
428
428
428
428
428
428
428
428
428
428
428
428
427
427
427
427
427
427
427
427
427
427
427
427
426
426
426
426
426
426
426
426
426
426
426
426
426
426
426
426
426
426
425
425
425
425
425
425
425
425
425
425
425
424
424
424
424
424
424
424
424
424
424
424
424
424
424
423
423
423
423
423
423
423
423
423
423
423
422
422
422
422
422
422
422
422
422
421
421
421
421
421
421
421
421
421
421
421
421
421
420
420
420
420
420
420
420
420
420
420
420
420
420
420
420
420
420
420
420
420
420
420
420
420
419
419
419
419
419
419
419
419
419
419
419
419
419
419
419
419
418
418
418
418
418
418
418
418
418
418
418
418
418
418
417
417
417
417
417
417
417
417
417
416
416
416
416
416
416
416
416
416
416
415
415
415
415
415
415
415
415
415
415
415
415
415
415
415
415
415
415
415
415
415
414
414
414
414
414
414
414
414
414
414
414
414
414
414
414
414
414
414
414
414
414
414
413
413
413
413
413
413
413
413
413
413
413
413
413
413
413
413
413
412
412
412
412
412
412
412
412
412
412
412
412
411
411
411
411
411
411
411
411
411
411
411
411
411
411
411
411
411
411
411
410
410
410
410
410
410
410
410
410
410
410
410
409
409
409
409
409
409
409
409
409
409
409
409
409
409
409
409
409
408
408
408
408
408
408
408
408
408
408
408
408
408
408
408
408
407
407
407
407
407
407
407
407
407
407
407
407
407
407
407
407
407
406
406
406
406
406
406
406
406
406
406
406
406
406
406
406
406
406
406
406
406
406
405
405
405
405
405
405
405
405
405
405
405
405
405
405
405
405
405
405
405
405
405
405
404
404
404
404
404
404
404
404
404
404
404
404
404
404
404
404
404
404
404
404
404
403
403
403
403
403
403
403
403
403
403
403
403
403
403
403
403
403
402
402
402
402
402
402
402
402
402
402
402
402
402
402
402
402
402
402
401
401
401
401
401
401
401
401
401
400
400
400
400
400
400
400
400
400
400
400
399
399
399
399
399
399
399
399
399
399
399
399
399
399
399
399
399
399
399
399
398
398
398
398
398
398
398
398
398
398
398
398
398
398
398
398
398
398
398
398
398
398
397
397
397
397
397
397
397
397
397
397
397
397
397
397
397
396
396
396
396
396
396
396
396
396
396
396
396
396
396
396
396
396
396
396
396
396
396
396
396
396
395
395
395
395
395
395
395
395
395
395
395
395
395
395
395
395
395
395
395
394
394
394
394
394
394
394
394
394
394
394
394
394
394
393
393
393
393
393
393
393
393
393
393
393
393
393
393
393
393
393
393
393
393
393
393
393
392
392
392
392
392
392
392
392
392
392
392
392
392
392
392
392
392
392
392
392
391
391
391
391
391
391
391
391
391
391
391
391
391
391
391
391
391
390
390
390
390
390
390
390
390
390
390
390
390
390
390
390
390
390
390
390
390
390
390
390
390
390
390
389
389
389
389
389
389
389
389
389
389
389
389
389
389
388
388
388
388
388
388
388
388
388
388
388
388
388
388
388
388
388
388
388
388
388
388
388
388
388
388
387
387
387
387
387
387
387
386
386
386
386
386
386
386
386
386
386
386
386
386
386
386
386
385
385
385
385
385
385
385
385
385
385
385
385
385
384
384
384
384
384
384
384
384
384
384
384
384
384
384
384
384
383
383
383
383
383
383
383
383
383
383
383
383
383
382
382
382
382
382
382
382
382
382
382
382
381
381
381
381
381
381
381
381
381
381
381
381
380
380
380
380
380
380
380
380
380
380
380
380
380
379
379
379
379
379
379
379
379
379
379
378
378
378
378
378
378
378
378
378
378
378
378
377
377
377
377
377
377
377
377
376
376
376
376
376
376
375
375
375
375
375
375
375
374
374
374
374
374
373
373
373
373
373
373
373
372
372
372
372
372
371
371
371
370
370
370
369
369
369
369
369
369
369
368
368
368
368
368
367
367
367
367
366
366
366
366
366
366
366
366
365
365
365
365
365
364
364
363
363
363
363
363
363
362
362
362
362
362
362
361
361
360
360
360
360
359
359
359
359
359
359
359
359
358
357
357
356
356
356
356
355
355
355
355
354
353
353
353
352
352
351
351
351
351
351
351
349
347
346
345
344
343
342
341
340
340
340
338
338
336
336
335
335
335
334
333
330
329
328
327
326
325
325
324
313
312
310
303
300
284
276
260
240
223
221
212
204
204
196
188
186
179
174
172
169
168
157
155
155
152
150
148
144
143
141
130
128
128
128
