12468
9682
7646
7535
7535
7419
7085
7061
6970
6788
6751
6661
6642
6642
6619
6608
6565
6556
6556
6465
6462
6460
6455
6451
6451
6436
6429
6424
6418
6418
6413
6406
6382
6377
6377
6375
6356
6356
6352
6352
6347
6347
6337
6337
6336
6326
6325
6321
6308
6308
6292
6287
6284
6253
6237
6223
6219
6219
6217
6217
6215
6205
6205
6205
6164
6150
6140
6126
6126
6123
6108
6108
6097
6094
6094
6094
6094
6067
6067
6054
6054
6054
6051
6043
6040
6037
6035
6035
6031
6030
6025
6025
6007
6007
5970
5960
5948
5948
5929
5916
5916
5901
5897
5896
5891
5885
5878
5871
5871
5871
5870
5860
5859
5858
5858
5849
5849
5842
5842
5829
5829
5824
5823
5816
5810
5808
5805
5805
5803
5802
5800
5795
5795
5791
5790
5780
5778
5778
5777
5773
5772
5766
5766
5765
5755
5755
5752
5742
5741
5738
5733
5733
5732
5732
5732
5731
5731
5730
5725
5723
5721
5714
5714
5709
5705
5697
5695
5691
5691
5689
5677
5677
5676
5671
5670
5670
5670
5662
5661
5654
5652
5652
5652
5651
5650
5650
5649
5649
5646
5646
5642
5642
5639
5637
5637
5637
5637
5637
5635
5631
5627
5625
5622
5619
5618
5611
5611
5608
5608
5605
5605
5599
5598
5598
5595
5594
5592
5583
5583
5580
5578
5575
5574
5574
5569
5569
5569
5560
5560
5557
5555
5555
5550
5550
5549
5543
5543
5540
5531
5531
5523
5521
5519
5518
5518
5517
5517
5517
5517
5517
5516
5516
5515
5515
5513
5511
5509
5509
5509
5508
5507
5505
5504
5501
5500
5499
5499
5499
5499
5497
5496
5495
5493
5493
5493
5489
5489
5488
5488
5485
5482
5481
5480
5476
5476
5476
5476
5476
5474
5474
5467
5459
5455
5454
5454
5452
5452
5446
5446
5444
5444
5443
5440
5437
5437
5434
5430
5427
5427
5426
5425
5421
5420
5420
5420
5418
5418
5418
5413
5409
5409
5404
5403
5401
5397
5395
5395
5392
5392
5388
5375
5375
5375
5375
5374
5370
5369
5364
5363
5363
5360
5360
5360
5360
5357
5357
5357
5354
5353
5353
5351
5351
5350
5347
5347
5347
5346
5345
5345
5345
5344
5344
5339
5339
5339
5336
5334
5330
5329
5327
5325
5323
5323
5323
5321
5318
5318
5317
5317
5317
5315
5315
5310
5310
5310
5310
5310
5309
5308
5308
5308
5307
5307
5305
5305
5297
5297
5296
5295
5294
5293
5288
5288
5287
5287
5286
5277
5277
5274
5269
5268
5268
5266
5266
5262
5260
5260
5260
5253
5244
5244
5243
5242
5237
5237
5235
5235
5235
5235
5234
5234
5231
5231
5226
5225
5224
5221
5221
5219
5219
5217
5215
5215
5215
5214
5211
5211
5209
5208
5208
5206
5205
5201
5198
5198
5198
5198
5192
5192
5191
5189
5187
5184
5182
5181
5181
5180
5180
5180
5179
5179
5175
5172
5167
5167
5167
5166
5166
5165
5165
5165
5164
5163
5163
5163
5163
5163
5162
5161
5157
5156
5154
5153
5152
5146
5145
5142
5140
5138
5134
5132
5132
5132
5132
5132
5131
5130
5128
5125
5125
5122
5120
5116
5115
5114
5113
5112
5111
5111
5111
5109
5109
5108
5105
5101
5101
5101
5101
5098
5097
5096
5091
5090
5090
5087
5085
5085
5081
5081
5081
5080
5080
5079
5079
5072
5072
5068
5066
5066
5065
5065
5064
5063
5063
5062
5062
5062
5061
5060
5060
5060
5058
5056
5053
5053
5053
5053
5047
5047
5046
5045
5045
5044
5044
5043
5043
5043
5042
5042
5040
5039
5039
5039
5039
5038
5038
5035
5034
5032
5029
5029
5029
5029
5029
5028
5026
5026
5026
5026
5024
5024
5023
5022
5022
5022
5021
5020
5020
5017
5017
5012
5012
5012
5008
5001
4995
4993
4989
4986
4984
4983
4979
4979
4979
4964
4964
4964
4959
4959
4959
4951
4951
4950
4950
4948
4948
4948
4946
4946
4946
4946
4945
4944
4944
4943
4943
4943
4943
4943
4942
4942
4942
4941
4941
4940
4940
4937
4937
4937
4937
4937
4936
4933
4929
4929
4927
4926
4926
4926
4926
4926
4925
4925
4921
4918
4918
4917
4915
4914
4913
4912
4912
4912
4906
4905
4905
4903
4903
4902
4902
4902
4902
4900
4900
4897
4897
4892
4891
4891
4891
4889
4889
4888
4888
4888
4887
4886
4886
4885
4885
4885
4885
4885
4885
4883
4883
4881
4881
4880
4880
4879
4879
4878
4878
4878
4878
4875
4875
4874
4873
4873
4873
4872
4871
4871
4871
4869
4866
4865
4865
4863
4860
4860
4860
4859
4859
4857
4856
4854
4850
4850
4850
4849
4849
4845
4840
4838
4838
4838
4836
4833
4833
4833
4833
4832
4829
4829
4827
4827
4827
4827
4825
4825
4825
4825
4825
4825
4823
4823
4821
4820
4819
4818
4817
4815
4815
4815
4815
4813
4813
4813
4812
4812
4812
4811
4811
4808
4807
4807
4806
4806
4805
4805
4805
4805
4804
4804
4804
4803
4802
4802
4802
4802
4802
4802
4801
4800
4798
4797
4796
4796
4795
4794
4794
4794
4793
4793
4793
4793
4789
4789
4788
4787
4787
4787
4786
4786
4786
4785
4783
4781
4781
4780
4779
4779
4779
4778
4778
4776
4776
4775
4774
4774
4774
4773
4773
4771
4771
4771
4770
4770
4770
4768
4768
4767
4767
4766
4766
4766
4765
4765
4764
4762
4761
4760
4759
4758
4758
4756
4755
4755
4755
4755
4753
4753
4752
4752
4751
4747
4741
4741
4741
4739
4739
4739
4738
4738
4737
4735
4732
4732
4732
4731
4731
4729
4729
4729
4729
4727
4727
4727
4727
4726
4726
4724
4724
4723
4723
4722
4722
4719
4718
4717
4717
4716
4716
4714
4713
4713
4713
4712
4712
4709
4708
4707
4705
4705
4704
4704
4704
4704
4702
4702
4702
4700
4700
4700
4699
4699
4698
4696
4696
4696
4696
4696
4695
4695
4695
4694
4692
4690
4685
4685
4684
4684
4683
4683
4682
4682
4682
4681
4680
4680
4679
4678
4676
4676
4675
4675
4674
4674
4674
4672
4672
4672
4670
4670
4670
4669
4669
4669
4668
4668
4668
4668
4665
4662
4662
4661
4657
4657
4657
4657
4656
4656
4655
4655
4655
4652
4652
4652
4651
4651
4650
4650
4650
4647
4647
4647
4647
4647
4646
4646
4645
4645
4645
4645
4644
4644
4644
4642
4642
4641
4638
4638
4638
4638
4638
4637
4637
4637
4637
4636
4636
4636
4635
4635
4631
4631
4631
4629
4629
4629
4628
4628
4628
4628
4627
4627
4625
4625
4625
4621
4621
4621
4621
4621
4619
4618
4618
4618
4617
4617
4616
4611
4611
4611
4609
4609
4609
4609
4609
4609
4608
4608
4607
4607
4606
4605
4604
4603
4603
4601
4601
4600
4600
4599
4599
4596
4594
4594
4590
4589
4588
4584
4583
4583
4582
4582
4581
4580
4580
4580
4580
4580
4580
4580
4579
4578
4578
4576
4576
4575
4575
4575
4573
4573
4573
4573
4572
4572
4571
4570
4569
4569
4569
4569
4566
4565
4565
4564
4564
4564
4561
4559
4559
4559
4557
4557
4557
4557
4555
4555
4554
4553
4552
4551
4551
4551
4550
4550
4546
4546
4546
4544
4543
4543
4543
4543
4543
4543
4543
4543
4541
4540
4540
4539
4537
4537
4534
4532
4531
4531
4531
4530
4529
4529
4529
4529
4529
4528
4528
4527
4526
4525
4525
4525
4525
4524
4524
4524
4523
4523
4523
4521
4521
4521
4519
4517
4516
4516
4516
4516
4515
4514
4513
4513
4513
4512
4512
4511
4511
4511
4510
4510
4509
4509
4509
4509
4505
4502
4502
4502
4501
4500
4500
4498
4498
4498
4497
4497
4496
4495
4495
4494
4493
4493
4493
4492
4491
4491
4491
4491
4491
4491
4491
4490
4490
4489
4489
4488
4487
4484
4484
4482
4482
4481
4481
4480
4480
4480
4480
4478
4475
4474
4473
4472
4471
4470
4470
4470
4469
4468
4467
4467
4466
4465
4465
4465
4465
4465
4464
4463
4462
4462
4462
4462
4461
4461
4461
4461
4460
4458
4457
4456
4456
4456
4456
4454
4454
4454
4454
4454
4453
4448
4447
4446
4445
4445
4445
4443
4443
4443
4442
4442
4442
4442
4441
4441
4441
4441
4440
4439
4434
4434
4434
4434
4432
4432
4432
4429
4429
4429
4428
4427
4425
4424
4424
4424
4424
4424
4424
4423
4421
4421
4421
4418
4418
4417
4416
4414
4412
4410
4410
4409
4408
4408
4407
4406
4406
4406
4405
4404
4404
4404
4404
4403
4402
4402
4401
4401
4400
4400
4398
4398
4398
4397
4396
4394
4394
4394
4391
4390
4390
4389
4389
4389
4388
4387
4387
4387
4387
4387
4387
4387
4387
4386
4384
4384
4384
4383
4383
4383
4381
4381
4381
4379
4378
4377
4377
4376
4375
4375
4374
4374
4374
4373
4372
4372
4371
4371
4371
4371
4370
4370
4370
4370
4369
4369
4369
4368
4368
4367
4367
4367
4366
4365
4365
4365
4365
4364
4363
4362
4361
4361
4360
4358
4357
4357
4354
4354
4354
4352
4352
4351
4350
4349
4349
4349
4346
4346
4346
4344
4343
4343
4343
4342
4342
4341
4340
4340
4340
4339
4339
4338
4338
4338
4337
4337
4336
4335
4335
4335
4335
4335
4334
4334
4333
4333
4331
4330
4330
4329
4328
4327
4327
4327
4326
4325
4321
4321
4320
4320
4320
4319
4318
4317
4316
4316
4316
4316
4316
4316
4315
4315
4315
4315
4313
4313
4312
4311
4311
4308
4308
4308
4308
4308
4308
4306
4304
4303
4302
4302
4301
4301
4298
4297
4296
4296
4295
4295
4294
4294
4294
4293
4292
4292
4292
4291
4291
4291
4291
4291
4290
4290
4290
4288
4288
4287
4285
4283
4282
4282
4282
4282
4281
4281
4280
4280
4278
4278
4278
4277
4277
4277
4276
4276
4276
4274
4273
4273
4273
4272
4272
4271
4270
4269
4269
4269
4269
4269
4269
4268
4268
4268
4268
4267
4267
4267
4266
4266
4266
4266
4265
4264
4264
4263
4263
4263
4259
4259
4259
4259
4257
4257
4257
4257
4257
4257
4256
4255
4255
4255
4255
4254
4254
4252
4252
4251
4251
4250
4248
4247
4246
4245
4244
4244
4244
4243
4243
4242
4242
4242
4241
4241
4241
4237
4237
4237
4237
4237
4236
4236
4235
4235
4233
4233
4232
4232
4231
4231
4231
4231
4231
4229
4229
4229
4228
4227
4227
4227
4225
4225
4221
4221
4221
4220
4219
4218
4217
4217
4217
4217
4217
4217
4216
4215
4215
4213
4212
4212
4211
4210
4210
4209
4208
4208
4207
4207
4207
4207
4207
4207
4206
4206
4206
4206
4206
4205
4202
4201
4198
4197
4197
4197
4196
4195
4195
4192
4192
4192
4192
4191
4191
4191
4191
4191
4191
4189
4189
4189
4189
4188
4187
4187
4184
4184
4183
4183
4183
4183
4182
4182
4182
4181
4181
4181
4181
4180
4180
4180
4179
4179
4179
4178
4176
4176
4176
4176
4176
4175
4174
4173
4172
4172
4171
4171
4170
4170
4170
4170
4170
4170
4169
4169
4169
4168
4167
4167
4167
4167
4167
4166
4166
4165
4164
4164
4164
4162
4162
4161
4161
4161
4159
4158
4155
4154
4154
4154
4152
4152
4150
4149
4149
4147
4146
4145
4145
4145
4145
4145
4145
4144
4143
4141
4141
4141
4141
4140
4140
4140
4140
4140
4140
4140
4139
4139
4139
4139
4139
4138
4137
4135
4134
4134
4134
4134
4133
4133
4132
4132
4132
4132
4132
4132
4131
4131
4131
4131
4129
4129
4129
4128
4128
4127
4127
4125
4125
4125
4124
4124
4124
4123
4123
4121
4121
4119
4119
4118
4118
4117
4117
4117
4117
4117
4116
4116
4116
4116
4116
4115
4115
4115
4114
4114
4113
4112
4112
4112
4110
4109
4109
4108
4108
4105
4104
4103
4102
4102
4102
4101
4101
4101
4100
4100
4100
4100
4100
4099
4099
4099
4098
4098
4097
4097
4097
4097
4096
4094
4094
4093
4093
4093
4093
4092
4091
4091
4090
4090
4089
4087
4087
4086
4084
4084
4083
4083
4083
4083
4082
4082
4082
4082
4082
4081
4080
4080
4079
4077
4076
4075
4075
4075
4074
4074
4073
4073
4073
4073
4073
4071
4071
4069
4069
4069
4069
4069
4068
4068
4068
4067
4067
4067
4067
4067
4067
4066
4066
4066
4066
4065
4065
4065
4064
4063
4063
4062
4062
4061
4061
4061
4059
4058
4057
4056
4056
4056
4056
4055
4054
4054
4054
4053
4051
4051
4051
4051
4050
4049
4049
4049
4049
4048
4048
4047
4047
4046
4045
4045
4045
4045
4043
4043
4043
4043
4042
4042
4042
4042
4042
4041
4040
4038
4038
4038
4037
4037
4037
4037
4036
4036
4035
4035
4034
4033
4033
4031
4031
4031
4031
4031
4030
4029
4029
4029
4025
4025
4024
4024
4024
4023
4023
4023
4022
4022
4020
4020
4020
4020
4019
4019
4018
4017
4016
4016
4016
4016
4016
4016
4014
4014
4013
4013
4013
4013
4012
4010
4010
4009
4008
4008
4007
4007
4007
4006
4006
4005
4005
4003
4003
4003
4003
4002
4001
4001
4001
3999
3999
3999
3999
3997
3997
3996
3996
3995
3995
3994
3993
3993
3993
3992
3992
3992
3991
3991
3991
3990
3990
3990
3990
3988
3988
3988
3986
3986
3986
3986
3985
3985
3985
3984
3984
3983
3981
3980
3980
3980
3979
3979
3978
3978
3977
3976
3975
3975
3974
3973
3973
3973
3973
3972
3971
3971
3970
3968
3967
3964
3964
3963
3963
3963
3963
3963
3962
3961
3961
3961
3959
3959
3959
3957
3957
3955
3955
3955
3954
3953
3953
3953
3953
3952
3951
3951
3951
3950
3950
3950
3950
3949
3948
3948
3948
3948
3947
3947
3947
3946
3945
3944
3944
3942
3942
3942
3942
3940
3939
3939
3937
3936
3935
3931
3930
3930
3930
3929
3929
3928
3928
3928
3927
3926
3926
3925
3925
3923
3923
3923
3923
3921
3921
3921
3920
3920
3918
3918
3917
3917
3916
3916
3916
3916
3915
3915
3915
3915
3913
3913
3912
3911
3911
3910
3908
3908
3908
3907
3907
3907
3907
3907
3906
3906
3906
3905
3905
3905
3905
3904
3904
3903
3902
3901
3901
3897
3897
3897
3896
3895
3895
3895
3894
3894
3893
3893
3892
3892
3892
3892
3891
3890
3890
3889
3889
3889
3888
3888
3888
3888
3888
3888
3886
3884
3884
3884
3882
3882
3881
3881
3880
3879
3876
3874
3873
3873
3873
3873
3872
3870
3869
3869
3869
3868
3868
3867
3867
3866
3866
3866
3866
3866
3864
3864
3863
3859
3856
3856
3855
3855
3853
3853
3850
3850
3850
3850
3850
3849
3846
3845
3845
3845
3845
3844
3844
3842
3842
3842
3841
3841
3840
3840
3840
3840
3840
3840
3839
3837
3837
3837
3836
3836
3836
3835
3835
3833
3833
3833
3833
3832
3832
3831
3831
3828
3828
3828
3827
3827
3827
3827
3826
3824
3824
3824
3824
3823
3820
3820
3820
3819
3819
3818
3818
3817
3817
3817
3817
3817
3816
3815
3814
3814
3813
3813
3813
3812
3812
3811
3811
3811
3811
3811
3810
3810
3809
3807
3807
3807
3806
3806
3806
3804
3804
3804
3803
3803
3803
3803
3803
3801
3800
3800
3800
3800
3800
3799
3798
3797
3797
3796
3796
3796
3795
3795
3795
3795
3795
3795
3794
3794
3794
3794
3793
3793
3792
3792
3789
3788
3788
3788
3787
3787
3786
3786
3786
3786
3785
3784
3784
3783
3783
3781
3781
3781
3781
3779
3779
3779
3779
3779
3779
3777
3776
3776
3776
3775
3775
3775
3774
3774
3770
3769
3769
3769
3768
3767
3767
3767
3766
3766
3765
3764
3763
3763
3763
3762
3762
3762
3761
3761
3759
3758
3757
3756
3756
3756
3756
3756
3755
3755
3755
3754
3753
3753
3753
3753
3753
3753
3751
3751
3751
3751
3751
3748
3747
3747
3747
3746
3745
3744
3744
3743
3743
3743
3743
3742
3742
3742
3741
3741
3737
3737
3735
3734
3734
3733
3733
3731
3731
3731
3728
3728
3728
3727
3727
3727
3727
3725
3724
3724
3724
3723
3723
3723
3723
3721
3720
3719
3719
3719
3719
3719
3718
3717
3717
3715
3713
3713
3712
3712
3711
3711
3710
3710
3709
3709
3708
3707
3706
3705
3705
3704
3704
3704
3703
3703
3703
3703
3700
3700
3699
3698
3698
3698
3696
3695
3695
3694
3692
3692
3690
3690
3689
3689
3688
3688
3688
3688
3686
3686
3686
3686
3685
3685
3685
3685
3683
3683
3683
3682
3682
3682
3680
3680
3679
3679
3679
3679
3679
3675
3675
3674
3674
3674
3674
3674
3673
3673
3673
3673
3673
3672
3669
3669
3669
3669
3669
3668
3667
3667
3666
3666
3666
3666
3664
3664
3664
3663
3663
3662
3661
3661
3661
3661
3660
3660
3660
3659
3658
3658
3657
3656
3655
3655
3655
3655
3654
3649
3649
3648
3648
3647
3645
3645
3645
3644
3641
3640
3639
3639
3638
3637
3636
3635
3634
3633
3633
3633
3633
3630
3630
3629
3629
3627
3626
3626
3625
3625
3624
3624
3623
3621
3621
3620
3620
3620
3620
3620
3620
3619
3619
3618
3617
3616
3616
3614
3613
3613
3613
3613
3613
3613
3613
3613
3612
3612
3612
3612
3609
3609
3608
3608
3607
3607
3607
3606
3604
3604
3604
3602
3600
3600
3600
3599
3598
3598
3597
3597
3597
3597
3596
3596
3595
3595
3595
3595
3595
3594
3594
3593
3593
3591
3591
3591
3591
3591
3589
3588
3588
3587
3587
3586
3586
3586
3585
3584
3584
3582
3581
3581
3580
3580
3580
3580
3580
3578
3578
3578
3577
3577
3577
3576
3576
3575
3575
3574
3574
3572
3572
3572
3568
3568
3568
3565
3565
3564
3563
3561
3561
3560
3560
3560
3557
3556
3555
3555
3554
3553
3552
3552
3552
3551
3551
3549
3548
3546
3545
3545
3545
3544
3544
3543
3542
3542
3541
3541
3541
3540
3540
3540
3539
3539
3539
3538
3538
3538
3537
3536
3534
3533
3529
3529
3528
3527
3527
3526
3523
3522
3521
3519
3517
3516
3516
3516
3514
3513
3512
3511
3511
3509
3509
3508
3508
3508
3507
3505
3504
3504
3503
3503
3503
3503
3502
3502
3502
3502
3502
3501
3500
3500
3500
3500
3498
3498
3498
3498
3498
3497
3497
3496
3495
3495
3495
3494
3494
3494
3494
3493
3492
3491
3491
3491
3490
3490
3489
3489
3489
3489
3487
3485
3485
3484
3483
3483
3483
3483
3483
3482
3482
3482
3482
3482
3482
3481
3481
3481
3481
3481
3481
3481
3481
3481
3479
3479
3477
3477
3476
3476
3475
3474
3474
3474
3473
3471
3471
3470
3469
3469
3467
3467
3466
3465
3463
3463
3463
3463
3463
3463
3463
3462
3462
3462
3461
3459
3459
3458
3457
3456
3456
3455
3455
3455
3455
3454
3453
3453
3453
3453
3450
3448
3447
3447
3447
3444
3444
3441
3439
3438
3438
3438
3438
3436
3436
3436
3435
3434
3433
3433
3432
3431
3431
3431
3428
3426
3426
3426
3425
3425
3425
3424
3424
3424
3422
3422
3422
3419
3419
3419
3418
3418
3418
3416
3416
3416
3415
3415
3414
3414
3414
3413
3413
3412
3411
3411
3410
3409
3408
3408
3407
3407
3407
3406
3406
3405
3405
3405
3405
3404
3404
3404
3404
3402
3400
3399
3399
3398
3397
3396
3396
3396
3396
3396
3396
3394
3393
3391
3390
3390
3389
3389
3389
3387
3387
3386
3386
3386
3386
3385
3385
3385
3383
3382
3382
3382
3379
3379
3379
3379
3378
3378
3377
3377
3377
3376
3376
3376
3376
3374
3374
3374
3372
3372
3371
3371
3369
3368
3367
3367
3366
3366
3365
3365
3365
3364
3364
3363
3363
3362
3362
3362
3362
3362
3359
3359
3359
3358
3357
3357
3355
3355
3354
3354
3354
3354
3353
3353
3352
3351
3351
3350
3350
3349
3349
3348
3348
3348
3348
3348
3347
3347
3344
3343
3343
3343
3343
3342
3340
3339
3337
3336
3334
3334
3333
3333
3333
3333
3333
3332
3332
3332
3332
3332
3330
3330
3330
3330
3329
3329
3328
3327
3327
3326
3324
3324
3321
3321
3317
3317
3316
3314
3314
3314
3313
3313
3311
3311
3311
3311
3311
3309
3309
3309
3307
3307
3307
3306
3304
3304
3303
3303
3302
3301
3299
3299
3299
3297
3297
3294
3294
3294
3293
3293
3293
3293
3293
3293
3290
3289
3288
3287
3287
3287
3286
3283
3280
3279
3279
3278
3278
3277
3274
3274
3273
3272
3271
3268
3268
3268
3268
3266
3266
3266
3265
3265
3264
3263
3263
3263
3262
3262
3262
3261
3259
3259
3258
3258
3258
3258
3258
3257
3257
3256
3256
3256
3255
3255
3255
3255
3253
3252
3252
3251
3251
3250
3250
3248
3245
3245
3245
3244
3243
3243
3242
3242
3240
3240
3239
3239
3238
3238
3238
3236
3236
3235
3235
3235
3235
3235
3235
3232
3232
3232
3231
3231
3231
3230
3230
3230
3226
3225
3225
3225
3224
3224
3223
3223
3223
3223
3223
3220
3219
3218
3216
3216
3215
3215
3215
3214
3214
3212
3212
3212
3211
3211
3210
3210
3207
3207
3207
3207
3201
3200
3200
3199
3199
3199
3198
3197
3196
3196
3195
3195
3194
3194
3188
3188
3188
3188
3187
3187
3186
3183
3183
3182
3182
3180
3177
3176
3175
3175
3175
3174
3173
3173
3173
3173
3172
3172
3170
3170
3170
3170
3170
3167
3166
3166
3165
3165
3165
3160
3159
3158
3158
3157
3157
3157
3157
3155
3155
3154
3153
3153
3153
3151
3151
3151
3151
3148
3147
3145
3143
3143
3143
3142
3142
3140
3140
3140
3137
3137
3135
3135
3135
3130
3130
3130
3129
3128
3128
3128
3128
3128
3127
3127
3127
3125
3124
3124
3124
3124
3121
3121
3120
3120
3119
3118
3116
3115
3113
3113
3112
3110
3110
3110
3110
3110
3110
3110
3107
3106
3105
3105
3105
3104
3104
3103
3102
3100
3100
3100
3100
3099
3099
3099
3095
3095
3095
3093
3092
3092
3091
3091
3090
3090
3090
3089
3088
3085
3084
3082
3082
3082
3082
3081
3081
3080
3080
3079
3078
3077
3077
3077
3077
3075
3075
3072
3072
3072
3072
3066
3063
3063
3063
3063
3063
3060
3059
3059
3058
3054
3053
3051
3051
3048
3046
3046
3040
3040
3039
3038
3038
3038
3036
3035
3035
3035
3033
3033
3033
3033
3031
3031
3031
3031
3030
3030
3029
3029
3029
3029
3028
3028
3028
3028
3027
3025
3025
3024
3023
3023
3023
3022
3019
3019
3016
3013
3012
3012
3010
3010
3009
3009
3009
3008
3008
3007
3007
3007
3005
3005
3003
3002
3002
3001
2999
2999
2999
2998
2998
2998
2998
2998
2997
2996
2995
2994
2994
2989
2989
2989
2989
2989
2988
2988
2987
2987
2987
2987
2987
2987
2986
2985
2985
2985
2985
2984
2984
2982
2981
2981
2980
2979
2979
2979
2979
2978
2978
2978
2978
2977
2976
2976
2976
2976
2976
2974
2974
2973
2973
2973
2973
2972
2971
2970
2969
2968
2968
2968
2967
2967
2966
2966
2964
2964
2962
2961
2961
2958
2956
2955
2954
2953
2953
2952
2952
2951
2951
2951
2947
2944
2944
2943
2943
2939
2939
2939
2939
2939
2938
2937
2936
2936
2935
2934
2934
2933
2933
2933
2933
2932
2931
2931
2930
2930
2929
2929
2929
2929
2928
2926
2925
2925
2923
2922
2922
2921
2921
2921
2921
2921
2921
2920
2919
2917
2917
2915
2914
2914
2913
2912
2912
2910
2909
2909
2907
2906
2906
2906
2905
2905
2905
2905
2905
2903
2902
2900
2900
2899
2898
2897
2895
2893
2893
2893
2893
2892
2892
2892
2889
2889
2888
2888
2887
2886
2886
2884
2884
2882
2882
2881
2880
2879
2879
2879
2879
2879
2878
2877
2876
2876
2876
2876
2876
2875
2875
2871
2871
2871
2869
2867
2867
2867
2866
2865
2865
2865
2864
2864
2863
2863
2863
2863
2862
2862
2861
2861
2861
2861
2858
2855
2855
2855
2854
2854
2854
2853
2853
2852
2852
2850
2850
2846
2846
2846
2846
2846
2845
2845
2844
2844
2844
2843
2843
2842
2841
2841
2841
2841
2841
2840
2838
2838
2838
2837
2837
2836
2836
2836
2836
2835
2835
2832
2829
2829
2828
2827
2827
2827
2826
2826
2826
2824
2823
2821
2821
2820
2820
2820
2818
2818
2816
2815
2815
2814
2813
2813
2813
2812
2811
2811
2811
2810
2810
2809
2808
2808
2808
2808
2807
2807
2806
2805
2804
2802
2802
2802
2798
2798
2798
2798
2797
2796
2794
2794
2792
2792
2791
2791
2790
2789
2789
2788
2788
2788
2788
2786
2785
2785
2780
2777
2777
2774
2774
2774
2774
2774
2774
2769
2769
2769
2765
2763
2762
2759
2759
2758
2757
2757
2755
2754
2752
2752
2752
2752
2752
2751
2750
2749
2747
2747
2747
2743
2743
2743
2743
2743
2741
2741
2740
2739
2738
2737
2737
2737
2737
2737
2736
2735
2735
2735
2733
2732
2732
2731
2729
2729
2729
2729
2728
2727
2726
2722
2722
2722
2721
2720
2717
2717
2717
2717
2716
2716
2714
2713
2712
2709
2709
2708
2708
2708
2708
2706
2706
2705
2705
2704
2704
2703
2703
2703
2703
2702
2701
2701
2698
2698
2698
2698
2697
2697
2697
2696
2696
2696
2694
2694
2694
2693
2692
2692
2691
2691
2689
2689
2688
2686
2685
2683
2683
2683
2683
2683
2683
2682
2681
2680
2680
2679
2677
2677
2677
2677
2676
2674
2674
2673
2673
2671
2669
2668
2668
2668
2668
2667
2666
2666
2666
2666
2666
2664
2663
2663
2663
2662
2662
2661
2658
2658
2657
2653
2653
2650
2650
2649
2646
2646
2645
2645
2644
2644
2642
2642
2642
2642
2642
2641
2641
2638
2638
2637
2637
2634
2634
2633
2633
2632
2631
2631
2630
2628
2626
2625
2625
2625
2625
2625
2625
2624
2623
2622
2622
2622
2621
2621
2620
2620
2619
2618
2618
2617
2615
2613
2613
2609
2607
2606
2606
2606
2605
2602
2600
2600
2599
2597
2597
2593
2593
2592
2592
2591
2591
2591
2591
2591
2591
2590
2590
2588
2588
2587
2587
2587
2587
2587
2587
2586
2586
2586
2586
2585
2585
2583
2582
2581
2578
2577
2577
2576
2576
2575
2574
2574
2574
2574
2574
2574
2574
2573
2573
2573
2573
2573
2572
2572
2571
2571
2571
2570
2569
2569
2568
2567
2567
2566
2565
2563
2563
2563
2563
2563
2562
2561
2561
2561
2560
2560
2559
2557
2557
2556
2554
2553
2551
2548
2547
2544
2542
2542
2539
2537
2535
2535
2534
2533
2532
2532
2532
2532
2532
2526
2524
2523
2523
2522
2521
2520
2520
2519
2518
2518
2518
2518
2517
2517
2515
2514
2511
2510
2510
2509
2509
2509
2508
2507
2507
2507
2506
2504
2504
2499
2498
2498
2497
2497
2496
2496
2496
2496
2495
2492
2492
2492
2492
2491
2491
2491
2491
2490
2489
2488
2488
2487
2487
2486
2485
2485
2485
2482
2481
2481
2480
2480
2479
2479
2479
2478
2477
2477
2475
2475
2474
2472
2472
2471
2471
2471
2471
2469
2465
2465
2463
2463
2462
2461
2458
2458
2457
2457
2457
2454
2452
2452
2452
2442
2442
2437
2437
2437
2436
2432
2430
2430
2427
2427
2426
2426
2426
2424
2419
2418
2418
2417
2416
2416
2416
2415
2415
2414
2414
2414
2413
2413
2411
2410
2410
2410
2409
2408
2408
2408
2407
2407
2406
2406
2406
2405
2405
2405
2405
2404
2404
2403
2403
2401
2398
2398
2397
2395
2395
2395
2394
2393
2391
2391
2384
2384
2383
2380
2380
2379
2378
2378
2376
2376
2376
2375
2375
2375
2374
2373
2372
2372
2372
2371
2370
2367
2365
2365
2365
2365
2364
2364
2364
2364
2364
2363
2358
2357
2357
2357
2357
2357
2355
2353
2350
2350
2350
2350
2349
2349
2349
2346
2343
2343
2342
2339
2337
2336
2336
2336
2331
2331
2330
2328
2327
2326
2325
2324
2320
2317
2317
2317
2315
2313
2313
2313
2310
2310
2309
2309
2306
2306
2303
2300
2300
2297
2296
2296
2294
2293
2293
2292
2291
2291
2289
2289
2289
2289
2288
2288
2286
2286
2284
2284
2282
2281
2277
2277
2277
2275
2273
2273
2273
2273
2273
2272
2269
2266
2265
2265
2265
2263
2263
2263
2262
2258
2258
2257
2256
2254
2254
2251
2251
2250
2250
2250
2248
2247
2247
2247
2245
2245
2243
2242
2242
2241
2239
2238
2237
2236
2236
2236
2235
2234
2233
2232
2232
2232
2231
2230
2228
2227
2226
2224
2223
2223
2220
2218
2216
2215
2213
2213
2212
2212
2212
2211
2211
2211
2211
2207
2206
2205
2205
2204
2204
2203
2202
2200
2200
2199
2199
2199
2198
2197
2197
2197
2197
2197
2197
2195
2195
2192
2192
2192
2188
2188
2188
2188
2185
2183
2183
2182
2181
2180
2180
2180
2180
2178
2177
2177
2176
2176
2175
2175
2175
2174
2169
2168
2168
2167
2166
2165
2165
2164
2163
2162
2162
2161
2161
2160
2160
2160
2160
2159
2158
2158
2157
2157
2157
2157
2155
2153
2153
2153
2152
2150
2149
2149
2149
2149
2146
2146
2146
2145
2144
2144
2144
2143
2143
2139
2139
2136
2135
2133
2129
2128
2127
2126
2126
2126
2126
2125
2125
2124
2124
2124
2124
2123
2123
2122
2122
2121
2121
2121
2121
2119
2119
2119
2118
2118
2118
2118
2118
2118
2117
2117
2114
2114
2113
2113
2113
2113
2113
2112
2112
2111
2110
2109
2109
2109
2109
2108
2108
2108
2106
2103
2101
2097
2095
2093
2092
2089
2089
2089
2088
2087
2087
2087
2087
2086
2086
2080
2080
2079
2079
2079
2078
2078
2076
2076
2076
2076
2075
2074
2072
2071
2070
2070
2070
2069
2069
2065
2064
2064
2063
2062
2059
2059
2059
2058
2058
2058
2057
2057
2057
2056
2056
2055
2052
2051
2051
2051
2049
2049
2049
2049
2048
2048
2048
2047
2047
2047
2047
2047
2046
2046
2045
2045
2044
2043
2043
2043
2042
2041
2040
2040
2040
2039
2037
2035
2035
2034
2034
2034
2033
2033
2032
2031
2031
2031
2029
2029
2027
2027
2026
2026
2026
2026
2025
2024
2024
2024
2024
2024
2023
2023
2023
2022
2022
2022
2021
2021
2020
2020
2018
2017
2017
2015
2015
2014
2013
2013
2013
2007
2007
2007
2007
2007
2006
2005
2004
2004
2002
2001
2000
2000
2000
2000
1999
1998
1993
1993
1992
1991
1991
1990
1990
1988
1988
1988
1988
1988
1988
1986
1984
1982
1982
1982
1981
1980
1978
1978
1978
1978
1978
1977
1972
1971
1971
1971
1970
1969
1969
1968
1967
1966
1966
1966
1965
1965
1965
1963
1959
1959
1959
1958
1957
1957
1956
1955
1955
1955
1953
1953
1953
1953
1952
1952
1949
1948
1947
1946
1946
1944
1943
1943
1942
1942
1942
1942
1940
1940
1939
1938
1937
1937
1935
1935
1932
1931
1931
1930
1928
1927
1927
1927
1926
1926
1926
1926
1926
1924
1924
1923
1923
1923
1921
1920
1919
1919
1918
1918
1917
1916
1916
1916
1915
1913
1913
1912
1912
1912
1910
1910
1909
1909
1909
1908
1907
1907
1907
1906
1905
1903
1902
1902
1901
1901
1900
1900
1900
1898
1898
1898
1898
1898
1897
1897
1896
1896
1894
1894
1894
1894
1894
1893
1892
1891
1891
1891
1891
1890
1889
1889
1887
1885
1885
1885
1884
1884
1884
1884
1884
1884
1883
1883
1881
1879
1879
1879
1878
1876
1875
1875
1875
1873
1872
1872
1872
1872
1870
1870
1870
1868
1868
1868
1867
1866
1866
1866
1865
1864
1863
1863
1862
1860
1860
1859
1856
1856
1856
1856
1855
1855
1854
1852
1851
1847
1847
1847
1845
1844
1844
1844
1843
1843
1842
1842
1842
1841
1841
1838
1838
1838
1838
1836
1836
1835
1835
1835
1834
1833
1833
1831
1831
1830
1830
1824
1824
1824
1824
1823
1823
1822
1822
1821
1819
1819
1819
1819
1818
1818
1818
1818
1817
1817
1816
1816
1816
1816
1815
1815
1815
1814
1814
1814
1813
1813
1813
1813
1813
1812
1812
1810
1810
1809
1809
1808
1805
1804
1803
1802
1802
1802
1801
1800
1799
1799
1797
1796
1796
1796
1793
1793
1791
1791
1791
1791
1789
1789
1789
1788
1785
1785
1783
1783
1783
1783
1783
1782
1781
1781
1781
1781
1779
1778
1778
1778
1778
1778
1777
1777
1777
1777
1775
1774
1774
1774
1773
1773
1772
1769
1769
1768
1768
1768
1767
1767
1767
1766
1765
1764
1764
1764
1763
1763
1763
1763
1762
1761
1761
1760
1760
1758
1758
1757
1756
1755
1755
1755
1754
1754
1753
1753
1753
1753
1752
1752
1752
1751
1751
1751
1746
1746
1745
1745
1743
1742
1741
1741
1739
1739
1738
1737
1736
1736
1736
1736
1734
1734
1733
1733
1732
1732
1732
1731
1730
1729
1727
1727
1726
1726
1724
1724
1723
1722
1721
1721
1718
1718
1718
1718
1716
1716
1715
1713
1712
1712
1712
1712
1711
1711
1711
1711
1711
1711
1709
1709
1709
1709
1704
1704
1703
1702
1702
1702
1701
1698
1697
1697
1697
1697
1697
1697
1697
1697
1696
1695
1693
1693
1693
1693
1692
1691
1691
1691
1690
1688
1688
1686
1686
1685
1685
1685
1685
1684
1684
1684
1683
1683
1681
1681
1680
1680
1680
1679
1678
1678
1677
1676
1676
1676
1675
1675
1674
1672
1671
1671
1670
1670
1670
1669
1669
1668
1668
1667
1667
1667
1667
1666
1666
1666
1666
1666
1666
1664
1663
1663
1663
1663
1662
1662
1662
1661
1661
1661
1660
1656
1656
1655
1655
1654
1654
1653
1651
1651
1651
1651
1651
1650
1650
1650
1647
1647
1647
1645
1645
1645
1645
1645
1645
1644
1643
1641
1640
1640
1640
1638
1638
1638
1637
1637
1634
1634
1633
1633
1628
1628
1627
1626
1626
1626
1626
1626
1625
1625
1625
1625
1625
1622
1622
1620
1620
1619
1619
1619
1619
1618
1618
1617
1617
1617
1616
1616
1616
1615
1615
1615
1615
1614
1613
1613
1613
1612
1612
1612
1612
1611
1610
1610
1609
1609
1609
1608
1608
1608
1608
1608
1606
1605
1601
1600
1600
1600
1600
1600
1599
1599
1599
1598
1598
1598
1597
1596
1596
1596
1596
1594
1593
1593
1593
1592
1590
1590
1590
1590
1590
1589
1588
1588
1588
1588
1588
1587
1587
1587
1586
1586
1584
1584
1583
1583
1581
1578
1578
1578
1578
1576
1576
1576
1575
1575
1575
1575
1575
1574
1572
1572
1572
1572
1570
1569
1569
1569
1568
1568
1566
1565
1565
1565
1564
1564
1564
1561
1561
1559
1557
1557
1557
1556
1556
1556
1555
1554
1554
1554
1553
1553
1553
1552
1551
1547
1546
1546
1545
1544
1544
1544
1543
1542
1541
1540
1540
1538
1537
1537
1536
1536
1535
1535
1535
1534
1534
1534
1533
1532
1532
1532
1532
1532
1531
1530
1530
1529
1529
1529
1529
1528
1528
1528
1528
1528
1528
1528
1528
1527
1527
1527
1526
1525
1525
1525
1525
1525
1525
1524
1524
1521
1521
1521
1521
1521
1521
1519
1516
1514
1514
1513
1512
1512
1512
1512
1509
1509
1509
1509
1508
1508
1507
1507
1506
1506
1505
1505
1505
1504
1504
1504
1504
1503
1503
1503
1502
1502
1502
1502
1502
1500
1499
1499
1499
1494
1494
1494
1494
1493
1493
1493
1492
1491
1491
1489
1489
1489
1489
1487
1487
1487
1487
1487
1487
1486
1485
1485
1484
1484
1484
1483
1483
1482
1482
1482
1482
1482
1482
1481
1481
1481
1481
1481
1480
1480
1480
1479
1479
1478
1478
1477
1477
1476
1475
1475
1472
1472
1468
1467
1467
1467
1467
1466
1465
1465
1465
1465
1464
1463
1463
1463
1463
1463
1463
1462
1462
1462
1462
1462
1460
1460
1459
1459
1459
1459
1458
1458
1458
1457
1456
1456
1456
1456
1456
1456
1456
1455
1455
1454
1454
1454
1453
1453
1452
1450
1450
1450
1450
1449
1448
1448
1448
1447
1447
1447
1447
1445
1445
1445
1445
1445
1444
1444
1442
1442
1442
1441
1441
1441
1440
1440
1439
1438
1438
1437
1437
1437
1437
1436
1436
1435
1435
1434
1434
1434
1434
1434
1434
1433
1432
1431
1431
1431
1429
1429
1428
1428
1428
1428
1428
1427
1427
1427
1426
1426
1425
1425
1424
1424
1423
1422
1422
1422
1421
1420
1419
1419
1418
1418
1417
1417
1415
1415
1414
1413
1413
1412
1412
1412
1412
1411
1411
1411
1411
1411
1410
1410
1410
1410
1409
1409
1409
1407
1407
1407
1406
1404
1404
1403
1403
1402
1402
1402
1402
1401
1398
1398
1397
1397
1395
1395
1395
1394
1394
1394
1394
1393
1393
1393
1393
1393
1393
1391
1391
1391
1391
1388
1387
1386
1386
1386
1385
1385
1384
1384
1384
1384
1383
1382
1382
1381
1381
1381
1380
1380
1380
1380
1379
1379
1379
1379
1378
1378
1378
1378
1377
1377
1377
1377
1377
1376
1376
1373
1373
1372
1372
1372
1372
1372
1371
1371
1371
1371
1371
1371
1371
1369
1368
1368
1366
1366
1366
1364
1364
1364
1362
1360
1360
1360
1360
1360
1359
1359
1359
1359
1358
1358
1357
1356
1356
1356
1355
1354
1354
1354
1353
1352
1352
1351
1351
1351
1351
1351
1351
1350
1350
1350
1348
1348
1348
1348
1347
1347
1346
1345
1344
1344
1344
1344
1344
1343
1343
1343
1343
1342
1342
1342
1341
1341
1341
1340
1340
1339
1339
1338
1337
1336
1336
1336
1336
1335
1335
1335
1335
1335
1335
1334
1334
1333
1333
1332
1332
1331
1330
1330
1329
1328
1327
1327
1327
1327
1326
1325
1325
1324
1324
1323
1323
1323
1323
1323
1323
1321
1321
1321
1321
1320
1320
1320
1319
1319
1319
1318
1317
1317
1317
1316
1316
1316
1316
1315
1315
1315
1315
1314
1314
1313
1313
1312
1312
1312
1311
1311
1310
1308
1308
1308
1307
1307
1307
1307
1307
1306
1305
1305
1305
1304
1304
1304
1303
1303
1303
1303
1302
1302
1300
1300
1300
1300
1300
1300
1300
1300
1300
1299
1299
1299
1298
1298
1298
1298
1298
1298
1298
1297
1297
1297
1296
1295
1295
1294
1294
1294
1293
1293
1293
1292
1292
1291
1291
1290
1290
1290
1289
1289
1289
1289
1289
1289
1287
1287
1287
1286
1286
1285
1284
1283
1283
1282
1282
1279
1279
1279
1278
1278
1278
1278
1277
1277
1277
1276
1276
1276
1276
1275
1275
1275
1275
1275
1275
1275
1275
1274
1274
1274
1274
1274
1273
1273
1273
1273
1273
1273
1272
1271
1271
1271
1270
1270
1268
1268
1268
1267
1267
1267
1267
1267
1267
1265
1265
1264
1264
1263
1262
1261
1261
1261
1260
1259
1258
1257
1257
1257
1256
1255
1255
1255
1255
1255
1255
1254
1254
1254
1253
1253
1252
1252
1252
1250
1248
1248
1247
1247
1247
1245
1245
1245
1245
1245
1244
1244
1243
1243
1243
1243
1243
1242
1242
1242
1241
1241
1241
1241
1240
1240
1239
1239
1239
1238
1238
1238
1238
1237
1237
1237
1237
1237
1237
1237
1236
1236
1236
1236
1236
1236
1236
1235
1234
1234
1234
1233
1233
1233
1233
1233
1232
1232
1232
1232
1232
1232
1230
1229
1229
1229
1229
1228
1228
1228
1228
1228
1227
1227
1227
1227
1227
1227
1226
1226
1225
1225
1225
1225
1224
1224
1224
1223
1223
1222
1221
1220
1220
1220
1220
1219
1218
1218
1217
1217
1217
1217
1217
1216
1216
1216
1216
1215
1215
1215
1214
1214
1213
1213
1212
1212
1211
1211
1211
1211
1211
1211
1211
1210
1210
1210
1210
1210
1209
1209
1209
1209
1208
1207
1207
1207
1206
1205
1205
1205
1205
1203
1203
1203
1203
1203
1203
1203
1203
1202
1202
1202
1200
1200
1200
1200
1199
1199
1198
1198
1195
1195
1195
1194
1194
1194
1193
1192
1192
1192
1191
1191
1191
1191
1191
1191
1191
1189
1189
1189
1188
1188
1188
1188
1188
1188
1187
1187
1187
1187
1186
1186
1186
1186
1185
1185
1185
1185
1185
1185
1185
1184
1184
1183
1183
1183
1182
1182
1182
1182
1182
1181
1181
1181
1181
1181
1180
1180
1179
1178
1178
1178
1178
1178
1177
1177
1177
1176
1176
1176
1176
1176
1175
1175
1175
1175
1175
1175
1175
1174
1174
1174
1174
1174
1174
1173
1173
1172
1172
1171
1171
1171
1171
1171
1170
1170
1170
1170
1170
1170
1170
1169
1169
1168
1168
1167
1167
1167
1167
1167
1166
1166
1166
1165
1165
1165
1165
1164
1163
1163
1163
1162
1162
1161
1161
1161
1161
1161
1161
1160
1160
1160
1160
1160
1160
1158
1158
1157
1157
1157
1157
1156
1156
1156
1155
1154
1154
1154
1153
1153
1153
1152
1152
1152
1152
1152
1152
1151
1151
1151
1150
1150
1150
1150
1150
1150
1150
1150
1149
1149
1149
1149
1148
1148
1148
1148
1148
1147
1147
1147
1147
1146
1145
1144
1144
1143
1143
1143
1143
1143
1142
1142
1141
1141
1140
1140
1140
1140
1139
1138
1138
1138
1138
1138
1137
1137
1137
1137
1137
1137
1137
1137
1137
1137
1136
1136
1135
1134
1134
1134
1134
1133
1133
1133
1133
1133
1132
1131
1131
1131
1130
1130
1130
1130
1130
1130
1129
1128
1128
1128
1128
1127
1127
1127
1127
1127
1126
1126
1126
1126
1126
1126
1126
1125
1125
1125
1125
1125
1125
1124
1124
1124
1123
1123
1123
1123
1123
1123
1123
1121
1121
1121
1121
1121
1119
1119
1118
1118
1118
1118
1118
1118
1118
1118
1117
1117
1117
1117
1117
1116
1116
1116
1116
1116
1116
1116
1116
1115
1115
1115
1115
1114
1114
1114
1113
1113
1113
1112
1112
1112
1112
1111
1111
1111
1111
1111
1111
1111
1111
1110
1110
1110
1109
1109
1108
1108
1108
1107
1107
1106
1106
1106
1105
1105
1105
1105
1105
1105
1105
1105
1105
1104
1104
1103
1103
1103
1102
1102
1100
1100
1100
1100
1100
1099
1099
1099
1099
1099
1099
1098
1098
1098
1098
1098
1097
1097
1097
1097
1097
1097
1097
1097
1097
1097
1096
1096
1096
1096
1096
1096
1096
1095
1095
1095
1095
1095
1094
1094
1094
1094
1094
1094
1094
1094
1093
1093
1092
1091
1091
1090
1090
1090
1089
1087
1087
1086
1086
1086
1086
1086
1086
1085
1085
1085
1085
1085
1084
1084
1084
1084
1084
1084
1084
1084
1084
1084
1083
1083
1082
1082
1081
1081
1081
1080
1080
1080
1080
1080
1080
1080
1080
1079
1079
1079
1078
1078
1078
1078
1078
1078
1078
1078
1078
1077
1077
1076
1076
1076
1076
1076
1076
1076
1075
1075
1075
1075
1075
1075
1075
1075
1074
1074
1074
1074
1074
1074
1074
1073
1072
1071
1071
1071
1071
1070
1070
1070
1070
1070
1069
1069
1069
1069
1069
1068
1068
1068
1067
1067
1067
1067
1067
1066
1066
1065
1065
1065
1065
1064
1064
1064
1064
1064
1064
1063
1063
1063
1062
1062
1062
1062
1062
1061
1061
1061
1059
1059
1059
1059
1059
1059
1059
1059
1059
1059
1058
1058
1058
1058
1057
1057
1057
1057
1057
1057
1057
1057
1056
1056
1055
1055
1055
1055
1055
1055
1055
1055
1055
1055
1055
1054
1054
1054
1054
1053
1053
1053
1053
1052
1052
1052
1052
1051
1051
1051
1051
1051
1050
1050
1050
1050
1050
1049
1049
1049
1049
1049
1048
1048
1048
1048
1048
1048
1048
1047
1046
1046
1046
1046
1046
1046
1045
1045
1045
1045
1045
1045
1045
1045
1045
1045
1044
1044
1044
1044
1044
1044
1044
1044
1044
1043
1043
1043
1043
1043
1043
1043
1042
1042
1042
1042
1042
1042
1041
1041
1041
1041
1041
1040
1040
1040
1040
1040
1040
1039
1039
1039
1039
1039
1039
1038
1038
1037
1037
1037
1037
1037
1036
1036
1035
1034
1034
1034
1034
1034
1034
1034
1033
1033
1033
1032
1032
1032
1031
1031
1031
1030
1030
1030
1030
1030
1030
1029
1028
1027
1027
1027
1027
1026
1026
1026
1026
1026
1026
1026
1025
1025
1025
1025
1025
1025
1025
1025
1023
1023
1023
1023
1023
1022
1022
1022
1022
1022
1022
1022
1021
1021
1020
1020
1020
1020
1020
1020
1020
1020
1019
1019
1019
1019
1018
1018
1018
1018
1018
1018
1017
1017
1017
1017
1017
1016
1015
1015
1015
1015
1015
1014
1014
1014
1013
1013
1013
1013
1013
1012
1012
1012
1012
1012
1011
1011
1011
1011
1010
1010
1010
1010
1010
1010
1010
1010
1010
1009
1008
1008
1007
1007
1007
1006
1006
1006
1006
1006
1006
1006
1005
1004
1004
1004
1004
1003
1002
1002
1002
1001
1001
1001
1001
1001
1001
1000
1000
1000
999
999
998
998
997
997
997
996
995
995
995
994
994
994
994
994
993
993
993
993
992
992
992
992
992
992
992
992
992
992
992
991
991
991
990
990
990
990
989
989
989
988
988
988
988
988
988
988
987
987
987
987
987
987
987
986
986
986
985
985
985
984
984
984
984
984
984
984
983
982
982
982
981
981
981
981
980
980
980
979
979
979
979
979
979
978
978
978
977
977
977
977
977
977
976
976
976
976
976
976
976
976
976
976
976
976
975
975
974
974
974
974
974
974
974
974
974
973
973
973
973
973
973
972
972
972
972
972
972
972
971
971
971
971
971
970
970
970
970
970
970
969
969
969
969
969
969
969
969
968
968
968
967
967
967
967
966
966
965
965
965
965
965
965
965
965
964
964
963
963
963
963
963
962
962
962
962
961
961
961
961
961
961
961
961
961
961
960
960
960
960
959
959
959
959
959
959
959
959
959
959
958
958
958
957
957
957
957
956
956
955
955
955
955
955
955
955
955
955
954
954
954
954
954
953
953
953
953
953
951
951
951
951
951
951
951
950
949
949
949
949
949
948
948
947
947
947
946
946
946
946
946
945
945
945
945
945
945
945
944
944
944
944
944
944
944
944
944
943
943
943
943
943
943
943
943
943
943
943
943
942
942
942
942
942
942
942
941
941
941
941
941
941
941
940
940
940
940
940
940
940
940
940
939
939
938
938
938
938
937
937
936
936
936
935
935
935
935
934
934
934
933
933
932
932
932
932
931
931
931
931
931
931
931
930
930
930
930
930
930
930
930
930
929
929
929
929
929
928
928
928
928
928
928
928
927
927
927
927
926
926
926
926
926
926
926
926
925
925
925
925
925
924
923
923
923
923
923
922
922
922
922
921
921
921
921
920
920
920
920
920
919
919
919
919
919
919
919
918
918
918
918
918
918
917
917
917
917
917
916
916
916
916
916
916
916
916
916
916
915
915
915
915
915
914
914
914
914
914
913
913
913
913
913
912
912
912
912
912
912
912
911
911
911
911
911
910
910
910
910
910
910
910
910
910
910
909
909
909
909
909
909
909
909
909
908
908
908
908
908
908
907
907
907
907
907
907
907
907
906
906
906
906
906
906
906
906
905
905
905
905
905
905
905
905
905
905
905
905
905
905
904
904
904
904
904
904
904
904
904
904
904
903
903
903
903
903
903
903
903
902
902
902
902
902
901
901
901
901
901
901
901
901
901
901
901
901
901
900
900
900
900
900
900
900
899
899
899
899
899
899
899
899
898
898
898
898
898
898
897
897
897
897
897
897
897
896
896
896
896
896
896
896
896
896
896
896
896
895
895
895
894
894
894
894
894
894
893
893
893
893
893
893
893
893
893
892
891
891
891
891
891
891
891
891
891
891
891
890
890
890
890
890
890
890
890
890
889
889
889
889
888
888
888
888
887
887
887
887
887
887
887
887
887
887
887
887
887
886
886
886
886
886
886
886
886
886
886
886
886
885
885
885
884
884
884
884
884
884
884
884
884
884
884
883
883
883
883
883
883
883
883
883
882
882
882
882
882
882
882
882
882
881
881
881
881
881
881
881
880
880
880
880
880
880
880
880
880
880
880
879
879
879
879
879
879
878
878
878
878
878
878
878
878
878
878
878
877
877
877
877
876
876
876
876
876
876
876
876
876
876
876
875
875
875
875
875
875
875
875
875
875
874
874
874
873
873
873
873
873
873
873
873
873
872
872
872
872
872
872
872
871
871
871
871
871
871
870
870
870
870
870
870
870
870
869
869
869
869
869
869
869
869
869
869
869
869
868
868
868
868
868
868
868
868
868
868
868
867
867
867
867
867
867
867
867
867
867
867
867
866
866
866
866
866
866
866
865
865
865
865
865
865
865
865
865
865
865
865
864
864
864
864
864
863
863
863
863
863
863
863
863
862
862
862
862
862
862
862
862
862
862
862
862
861
861
861
861
861
861
861
861
861
861
861
861
861
861
861
860
860
860
860
860
859
859
859
859
859
859
859
859
859
859
859
859
859
859
859
858
858
858
858
858
858
858
857
857
857
857
856
856
856
856
856
856
856
856
855
855
855
855
855
855
855
855
855
855
855
855
854
854
854
854
854
854
854
854
854
854
853
853
853
853
853
853
852
852
852
852
852
852
852
852
851
851
851
851
851
851
850
850
850
850
850
850
849
849
849
849
849
849
849
849
849
848
848
848
848
848
848
848
848
848
847
847
847
847
847
847
847
847
847
846
846
846
846
846
846
846
846
846
845
845
845
845
845
845
845
845
845
845
844
844
844
844
844
844
844
844
844
844
844
844
843
843
843
843
843
843
843
843
843
842
842
842
842
842
842
842
841
841
841
841
841
841
841
841
840
840
840
840
840
840
840
840
840
840
839
839
839
839
839
839
839
839
839
839
839
838
838
837
837
837
837
837
837
836
836
836
836
835
835
835
835
835
835
835
835
835
835
835
834
834
834
834
834
834
834
833
833
833
833
833
833
833
833
833
833
833
833
833
833
832
832
832
832
832
832
831
831
831
831
830
830
830
830
830
830
830
830
830
830
830
830
830
830
829
829
829
829
828
828
828
828
828
828
828
827
827
826
826
826
826
826
826
826
826
825
825
825
824
824
824
824
824
824
824
824
824
824
823
823
823
823
823
823
823
823
823
822
822
822
822
822
822
821
821
821
821
820
820
820
820
820
820
820
820
820
819
819
819
818
818
818
818
818
818
818
818
818
818
817
817
817
817
816
816
816
816
816
815
815
815
815
815
815
815
815
815
815
815
814
814
814
814
814
814
814
814
814
814
814
814
814
814
813
813
813
813
813
813
813
812
812
812
812
812
812
812
812
812
812
811
811
811
811
811
811
811
811
810
810
810
810
810
810
810
810
809
809
809
809
809
809
809
809
809
809
809
809
809
809
808
808
808
808
807
807
807
807
807
807
807
807
807
807
807
807
807
806
806
806
806
806
806
806
806
806
806
806
806
805
805
805
805
805
805
805
805
805
804
804
804
804
804
803
803
803
803
803
803
803
803
803
803
803
802
802
802
802
802
802
802
802
802
802
802
801
801
801
801
801
801
801
801
801
801
801
801
801
801
801
801
800
800
800
800
800
800
800
800
800
800
799
799
799
799
798
798
798
798
798
798
798
797
797
797
797
797
797
797
797
797
797
797
797
797
796
796
796
796
796
795
795
795
795
795
795
795
795
794
794
794
794
793
793
793
793
793
792
792
792
792
792
792
792
792
792
791
791
791
791
791
791
791
791
791
791
791
791
790
790
790
790
790
789
789
789
789
789
789
789
789
789
788
788
788
788
788
788
787
787
786
786
786
786
785
785
785
785
785
784
784
784
784
784
784
784
784
784
784
784
784
783
783
783
783
783
783
783
783
783
783
783
782
782
782
782
782
782
782
782
782
782
781
781
781
781
781
781
781
781
781
781
781
780
780
780
780
780
780
780
780
780
780
779
779
779
779
779
779
779
779
779
779
778
778
778
778
778
778
778
778
778
778
778
777
777
777
777
777
777
777
777
776
776
776
776
776
776
776
776
776
776
776
776
776
775
775
775
775
774
774
774
774
774
774
773
773
773
773
773
773
773
773
772
772
772
772
772
772
772
772
772
772
772
772
772
772
772
772
772
772
772
772
771
771
771
771
771
771
771
771
771
771
771
771
771
771
771
770
770
770
770
770
770
770
770
770
770
769
769
769
769
769
769
769
769
769
769
769
769
769
769
769
769
768
768
768
768
768
768
768
768
768
768
768
768
768
767
767
767
766
766
766
766
766
766
766
766
766
766
766
766
766
766
766
766
766
766
766
766
765
765
765
765
765
765
765
765
765
764
764
764
764
764
764
764
764
764
764
764
764
764
764
764
764
764
763
763
763
763
763
763
762
762
762
762
762
762
762
762
761
761
761
761
761
761
761
761
761
760
760
760
760
760
760
759
759
759
759
759
759
759
758
758
758
758
758
758
758
758
758
758
758
758
758
757
757
757
757
757
757
757
757
757
757
756
756
756
756
756
756
756
756
756
756
756
755
755
755
755
755
755
755
755
755
755
755
755
755
755
755
755
754
754
754
754
754
754
753
753
753
753
753
753
753
753
753
753
753
753
752
752
752
752
752
752
752
751
751
751
751
751
751
751
751
751
751
751
751
750
750
750
750
750
750
749
749
749
749
749
749
749
749
749
749
749
749
749
748
748
748
748
748
748
748
748
748
748
748
747
747
747
747
747
747
747
747
747
747
746
746
746
746
746
746
746
746
745
745
745
745
745
745
745
745
745
745
745
745
745
745
745
745
744
744
744
744
744
744
743
743
743
743
743
743
743
742
742
742
742
742
742
742
742
742
742
742
742
741
741
741
741
741
741
741
741
741
741
741
741
741
740
740
740
740
740
739
739
739
739
739
739
739
739
739
739
739
739
738
738
738
738
738
738
738
737
737
737
737
737
737
737
737
737
736
736
736
736
736
736
736
736
736
736
736
735
735
735
735
735
735
734
734
734
734
734
734
733
733
733
733
733
733
733
733
733
733
733
733
733
733
732
732
732
732
732
732
732
732
732
732
732
732
732
732
731
731
731
731
731
731
731
731
731
731
731
731
731
731
731
731
731
731
731
731
731
730
730
730
730
730
730
730
730
730
730
730
730
730
730
730
729
729
729
729
729
729
729
729
729
729
729
729
729
729
729
729
729
729
728
728
728
728
728
728
728
728
728
728
728
728
728
727
727
727
727
727
727
727
727
727
727
727
727
727
727
727
726
726
726
726
726
726
726
726
726
726
726
726
726
726
726
726
725
725
725
725
725
725
725
725
725
725
725
725
725
725
725
725
724
724
724
724
724
724
724
724
724
724
724
724
724
723
723
723
723
723
723
722
722
721
721
721
721
721
721
721
721
721
721
721
721
721
721
721
721
721
721
720
720
720
720
720
720
720
720
720
720
720
720
719
719
719
719
719
719
719
719
719
719
719
718
718
718
718
718
718
718
718
718
718
718
718
718
718
718
718
718
718
718
718
718
717
717
717
717
717
716
716
716
716
716
716
716
715
715
715
715
715
714
714
714
714
714
714
714
713
713
713
713
713
713
713
713
713
713
713
713
713
713
712
712
712
712
712
712
712
712
712
712
712
712
712
712
712
712
712
712
711
711
711
711
711
711
711
711
711
711
711
711
711
711
711
711
711
711
710
710
710
710
710
710
710
710
710
710
710
710
710
710
710
710
710
709
709
709
709
709
709
709
709
709
709
709
709
709
709
709
709
709
709
708
708
708
708
708
708
708
708
708
708
708
707
707
707
707
707
707
707
707
707
707
707
707
707
706
706
706
706
706
706
706
706
706
705
705
705
705
705
705
705
705
705
705
705
705
705
704
704
704
704
704
704
704
704
704
704
703
703
703
703
703
703
703
703
703
703
703
703
703
703
703
703
702
702
702
702
702
702
702
702
702
702
702
701
701
701
701
701
701
701
701
701
701
700
700
700
700
700
700
700
700
700
700
700
700
700
700
700
700
700
700
700
700
699
699
699
699
699
699
699
699
699
699
699
698
698
698
698
698
698
698
698
698
698
697
697
697
697
697
697
697
697
697
697
697
696
696
696
696
696
696
696
696
696
696
696
696
696
696
696
696
696
696
696
695
695
695
695
695
695
695
695
695
695
695
695
695
695
695
695
694
694
694
694
694
694
694
694
694
694
694
693
693
693
693
693
693
693
693
693
693
693
693
693
693
693
692
692
692
692
692
692
692
692
691
691
691
691
691
691
691
691
691
691
691
691
691
691
691
691
691
691
690
690
690
690
690
690
690
690
690
690
690
690
689
689
689
689
689
689
689
689
689
689
689
689
689
688
688
688
688
688
688
688
688
688
688
688
688
688
688
688
688
688
688
688
688
688
687
687
687
687
687
687
687
687
687
687
687
687
687
687
687
686
686
686
686
686
686
686
686
686
686
686
686
686
686
686
686
686
686
685
685
685
685
685
685
685
685
685
685
685
685
685
685
685
685
684
684
684
684
684
684
684
684
684
684
684
684
684
684
684
683
683
683
683
683
683
683
683
683
683
683
683
683
683
682
682
682
682
682
682
682
682
682
682
682
682
682
682
681
681
681
681
681
681
681
681
681
680
680
680
680
680
680
680
680
680
680
680
679
679
679
679
679
679
679
679
679
679
679
679
678
678
678
678
678
678
678
678
678
678
678
678
677
677
677
677
677
677
677
677
677
677
677
677
677
677
677
677
676
676
676
676
676
676
676
676
676
676
676
676
676
676
676
676
676
676
675
675
675
675
675
675
675
675
675
675
675
675
675
675
675
675
675
675
675
675
674
674
674
674
674
674
674
674
674
674
674
674
674
674
674
674
674
674
674
674
674
674
674
674
674
674
673
673
673
673
673
673
673
673
673
673
673
673
673
673
673
673
673
673
673
673
673
673
672
672
672
672
672
672
672
672
672
672
672
672
672
672
671
671
671
671
671
671
671
671
671
671
671
671
671
671
671
671
671
671
671
671
670
670
670
670
670
670
670
670
670
670
670
670
670
670
670
670
669
669
669
669
669
669
669
668
668
668
668
668
668
668
668
668
668
668
668
668
668
668
667
667
667
667
667
667
667
667
666
666
666
666
666
666
665
665
665
665
665
665
665
665
665
664
664
664
664
664
664
664
664
664
664
664
664
663
663
663
663
663
663
663
663
663
663
663
663
663
662
662
662
662
662
662
662
662
662
662
662
662
662
662
662
662
662
662
661
661
661
661
661
661
661
661
661
661
661
661
661
661
661
661
661
661
661
661
661
660
660
660
660
660
660
660
660
660
660
660
660
660
660
660
660
660
660
659
659
659
659
659
659
659
659
659
659
659
659
659
659
659
659
658
658
658
658
658
658
658
658
658
658
658
658
658
658
658
658
657
657
657
657
657
657
657
657
657
657
657
657
656
656
656
656
656
656
656
656
656
656
656
656
656
655
655
655
655
655
655
655
655
655
655
655
655
655
655
655
655
654
654
654
654
654
654
654
654
654
654
654
654
654
654
654
654
654
654
654
653
653
653
653
653
653
653
653
653
653
653
653
653
653
653
653
653
653
653
653
653
652
652
652
652
652
652
652
652
652
652
652
652
652
651
651
651
651
651
651
651
651
651
651
651
651
651
651
650
650
650
650
650
650
650
650
650
650
650
650
650
650
650
650
650
650
650
650
650
650
649
649
649
649
649
649
649
649
649
649
649
649
649
649
649
649
649
649
649
649
649
648
648
648
648
648
648
648
648
648
648
648
648
648
648
648
648
648
648
647
647
647
647
647
647
647
647
646
646
646
646
646
646
646
646
646
646
646
646
646
646
646
646
646
646
646
646
646
646
646
646
646
646
646
646
646
645
645
645
645
645
645
645
645
645
645
645
645
645
645
645
645
645
645
645
644
644
644
644
644
644
644
644
644
644
644
644
644
644
643
643
643
643
643
643
643
643
643
643
643
643
643
643
643
643
643
643
643
643
642
642
642
642
642
642
642
642
642
642
642
642
642
642
642
642
642
642
641
641
641
641
641
641
641
641
641
641
641
641
640
640
640
640
640
640
640
640
640
640
640
640
640
640
640
640
640
640
640
640
640
639
639
639
639
639
639
639
639
639
639
639
639
638
638
638
638
638
638
638
638
638
638
638
638
638
638
638
638
638
638
638
638
637
637
637
637
637
637
637
637
637
637
637
637
637
637
637
636
636
636
636
636
636
636
636
636
636
636
636
636
636
636
636
636
636
636
636
636
635
635
635
635
635
635
635
635
635
635
635
635
635
634
634
634
634
634
634
634
634
634
634
634
634
634
634
634
634
634
634
634
634
634
634
633
633
633
633
633
633
633
633
633
633
633
632
632
632
632
632
632
631
631
631
631
631
631
631
631
631
631
631
631
631
631
631
631
630
630
630
630
630
630
630
630
630
630
630
630
630
630
630
630
629
629
629
629
629
629
629
629
629
629
629
629
629
629
629
629
629
629
629
629
629
629
629
629
628
628
628
628
628
628
628
628
628
627
627
627
627
627
627
627
627
627
627
627
626
626
626
626
626
626
626
626
626
626
626
626
626
626
626
626
626
626
626
626
626
625
625
625
625
625
625
625
625
625
625
625
625
625
625
625
625
624
624
624
624
624
624
624
624
624
624
624
624
624
624
624
624
624
624
623
623
623
623
623
623
623
623
623
623
623
623
623
623
623
623
623
623
623
623
623
623
623
622
622
622
622
622
622
622
622
622
622
622
622
622
622
622
621
621
621
621
621
621
621
621
621
621
621
621
621
621
621
621
621
620
620
620
620
620
620
620
620
620
620
620
620
620
620
620
620
620
620
620
619
619
619
619
619
619
619
619
619
619
619
619
619
619
618
618
618
618
618
618
618
618
618
618
618
618
618
618
618
618
618
618
618
617
617
617
617
617
617
617
617
617
617
617
617
617
616
616
616
616
616
616
616
616
616
616
616
616
616
616
616
616
616
616
615
615
615
615
615
615
615
615
615
615
615
615
615
615
615
615
615
615
614
614
614
614
614
614
614
614
614
614
614
614
614
614
614
614
613
613
613
613
613
613
613
613
613
613
613
612
612
612
612
612
612
612
612
612
612
612
612
612
612
612
612
612
612
611
611
611
611
611
611
611
611
611
611
611
611
611
611
611
611
611
611
611
611
610
610
610
610
610
610
610
610
610
610
610
610
610
610
609
609
609
609
609
609
609
609
609
609
609
609
609
609
609
609
609
609
608
608
608
608
608
608
608
608
608
607
607
607
607
607
607
607
607
607
607
607
607
607
607
607
607
607
607
607
606
606
606
606
606
606
606
606
606
606
606
606
606
606
606
606
606
606
606
606
606
606
606
606
606
606
605
605
605
605
605
605
605
605
605
605
605
605
605
605
605
605
605
605
605
605
605
605
605
605
604
604
604
604
604
604
604
604
604
604
604
604
604
604
604
604
604
604
604
604
604
604
604
604
604
603
603
603
603
603
603
603
603
603
603
603
603
603
603
603
603
603
603
603
603
603
603
603
603
603
603
603
603
602
602
602
602
602
602
602
602
602
602
602
602
602
602
602
602
602
601
601
601
601
601
601
601
601
601
601
601
601
601
601
601
601
601
601
601
601
601
601
601
601
601
600
600
600
600
600
600
600
600
600
600
600
600
600
600
600
600
600
600
600
600
599
599
599
599
599
599
599
599
599
599
599
599
598
598
598
598
598
598
598
598
598
598
598
598
598
598
598
598
598
598
598
597
597
597
597
597
597
597
597
597
597
597
597
597
597
597
596
596
596
596
596
596
596
596
596
596
596
596
596
596
596
595
595
595
595
595
595
595
595
595
595
595
595
595
595
595
594
594
594
594
594
594
594
594
594
594
594
594
594
594
593
593
593
593
593
593
593
593
593
593
593
593
593
593
593
593
593
593
593
593
592
592
592
592
592
592
592
592
592
592
592
591
591
591
591
591
591
591
591
591
591
591
591
591
591
591
591
591
591
591
591
591
591
591
591
591
591
591
591
591
590
590
590
590
590
590
590
590
590
590
590
589
589
589
589
589
589
589
589
589
589
589
589
589
589
589
589
589
589
589
589
589
589
588
588
588
588
588
588
588
588
588
588
588
588
588
588
588
588
588
588
588
588
588
588
588
588
588
587
587
587
587
587
587
587
587
587
587
587
587
587
587
587
587
587
586
586
586
586
586
586
586
586
586
586
586
586
586
586
586
586
586
586
586
586
585
585
585
585
585
585
585
585
585
585
585
585
585
585
585
585
585
585
585
584
584
584
584
584
584
584
584
584
584
584
584
584
584
584
584
584
584
584
584
584
583
583
583
583
583
583
583
583
583
583
583
582
582
582
582
582
582
582
582
582
582
582
582
582
582
582
582
582
582
582
582
582
582
582
582
582
582
582
582
582
581
581
581
581
581
581
581
581
581
581
581
581
581
581
581
581
581
581
581
581
581
581
581
581
581
581
581
581
581
580
580
580
580
580
580
580
580
580
580
580
580
580
579
579
579
579
579
579
579
579
579
579
579
579
579
579
579
579
579
578
578
578
578
578
578
578
578
578
578
578
578
578
578
578
578
578
577
577
577
577
577
577
577
577
577
577
577
577
577
577
577
577
577
577
576
576
576
576
576
576
576
576
576
576
576
576
576
576
576
576
576
576
576
576
576
576
576
576
576
576
576
576
576
576
575
575
575
575
575
575
575
575
575
575
575
575
575
575
575
575
575
575
575
575
575
575
575
574
574
574
574
574
574
574
574
574
574
574
574
574
574
574
574
574
574
574
574
574
574
574
574
573
573
573
573
573
573
573
573
573
573
573
573
573
573
573
573
573
573
573
573
573
573
573
573
573
573
573
572
572
572
572
572
572
572
572
572
572
572
572
572
572
572
572
572
572
572
572
572
572
572
572
572
572
572
572
572
572
572
572
572
572
571
571
571
571
571
571
571
571
571
571
571
571
571
571
571
571
571
571
571
571
571
570
570
570
570
570
570
570
570
570
570
570
570
570
570
570
570
570
570
570
570
570
570
570
570
570
570
570
570
570
570
570
570
570
570
570
570
570
569
569
569
569
569
569
569
569
569
569
569
569
569
569
569
568
568
568
568
568
568
568
568
568
568
568
568
568
568
568
568
568
567
567
567
567
567
567
567
567
567
567
567
567
567
567
567
567
567
567
566
566
566
566
566
566
566
566
566
566
566
566
565
565
565
565
565
565
565
565
565
565
565
565
565
565
565
565
565
565
565
565
565
565
565
565
565
565
564
564
564
564
564
564
564
564
564
564
564
564
564
563
563
563
563
563
563
563
563
563
563
563
563
562
562
562
562
562
562
562
562
562
562
562
562
562
562
562
562
562
562
562
562
562
562
562
562
561
561
561
561
561
561
561
561
561
561
561
561
561
561
561
561
561
561
561
561
561
561
561
561
561
561
561
561
561
560
560
560
560
560
560
560
560
560
560
560
560
560
560
560
560
560
560
560
560
560
560
560
560
560
560
560
559
559
559
559
559
559
559
559
559
559
559
559
559
559
559
559
559
559
559
559
559
559
559
559
559
559
558
558
558
558
558
558
558
558
558
558
558
558
558
558
558
558
558
558
558
558
558
558
558
558
558
558
557
557
557
557
557
557
557
557
557
557
557
557
557
557
557
557
557
557
557
557
557
557
556
556
556
556
556
556
556
556
556
556
556
556
556
556
556
556
556
556
556
556
556
556
556
556
556
556
556
556
556
556
556
555
555
555
555
555
555
555
555
555
555
555
555
555
555
555
554
554
554
554
554
554
554
554
554
554
554
554
554
554
554
554
554
554
554
554
553
553
553
553
553
553
553
553
553
553
553
553
553
553
553
553
553
553
553
553
553
553
553
553
553
553
553
553
553
553
553
553
552
552
552
552
552
552
552
552
552
552
552
552
552
552
552
552
552
552
552
552
552
551
551
551
551
551
551
551
551
551
551
551
551
551
551
551
551
551
551
551
551
551
551
551
551
551
551
551
551
550
550
550
550
550
550
550
550
550
550
550
550
550
550
550
550
550
550
550
550
549
549
549
549
549
549
549
549
549
549
549
549
549
549
549
549
549
549
549
549
549
549
549
549
548
548
548
548
548
548
548
548
548
548
548
548
548
548
548
548
548
548
548
548
548
548
548
548
548
548
548
548
548
548
548
547
547
547
547
547
547
547
547
547
547
547
547
547
547
547
547
547
547
547
547
547
547
547
547
547
547
546
546
546
546
546
546
546
546
546
546
546
546
546
546
546
546
546
546
546
546
546
546
546
546
545
545
545
545
545
545
545
545
545
545
545
545
545
545
545
544
544
544
544
544
544
544
544
544
544
544
544
544
544
544
544
544
544
544
544
544
543
543
543
543
543
543
543
543
543
543
543
543
543
543
543
543
543
543
543
543
543
543
543
543
543
543
543
543
543
543
542
542
542
542
542
542
542
542
542
542
542
542
542
542
542
542
542
541
541
541
541
541
541
541
541
541
541
541
541
541
541
541
541
541
541
541
541
541
541
541
541
541
541
541
541
541
541
541
541
541
540
540
540
540
540
540
540
540
540
540
540
540
540
540
540
540
540
540
540
540
540
540
540
540
540
540
540
540
539
539
539
539
539
539
539
539
539
539
539
539
539
539
539
539
539
539
539
539
539
539
539
539
539
539
538
538
538
538
538
538
538
538
538
538
538
538
538
538
538
538
538
538
538
538
538
538
538
538
538
538
538
538
538
537
537
537
537
537
537
537
537
537
537
537
537
537
537
537
537
537
537
537
537
536
536
536
536
536
536
536
536
536
536
536
536
536
536
536
536
536
536
536
536
536
536
536
535
535
535
535
535
535
535
535
535
535
535
535
535
535
535
535
535
535
535
535
534
534
534
534
534
534
534
534
534
534
534
534
534
534
534
534
534
534
534
534
534
534
534
534
534
533
533
533
533
533
533
533
533
533
533
533
533
533
533
533
533
533
533
533
533
533
533
533
533
533
533
533
533
532
532
532
532
532
532
532
532
532
532
532
532
532
532
532
532
532
532
532
531
531
531
531
531
531
531
531
531
531
531
531
531
531
531
531
531
531
531
531
531
531
531
531
531
531
531
531
531
531
531
531
531
531
531
530
530
530
530
530
530
530
530
530
530
530
530
530
530
530
530
530
530
530
530
530
530
530
530
530
530
530
530
530
530
530
529
529
529
529
529
529
529
529
529
529
529
529
529
529
529
529
529
529
529
529
529
528
528
528
528
528
528
528
528
528
528
528
528
528
528
528
528
528
528
528
528
527
527
527
527
527
527
527
527
527
527
527
527
527
527
527
527
527
527
527
527
527
527
527
527
527
527
527
527
527
527
527
527
527
527
526
526
526
526
526
526
526
526
526
526
526
526
526
526
526
526
526
526
526
526
526
526
526
526
526
526
526
526
525
525
525
525
525
525
525
525
525
525
525
525
525
525
525
525
525
525
525
525
525
525
525
525
525
525
524
524
524
524
524
524
524
524
524
524
524
524
524
524
524
524
524
524
524
524
524
524
524
524
524
524
524
524
524
524
524
523
523
523
523
523
523
523
523
523
523
523
523
523
523
523
523
523
523
523
523
523
523
523
522
522
522
522
522
522
522
522
522
522
522
522
522
522
522
522
522
522
522
522
522
522
522
522
522
522
521
521
521
521
521
521
521
521
521
521
521
521
521
521
521
521
521
521
521
521
521
521
521
521
521
521
521
521
521
520
520
520
520
520
520
520
520
520
520
520
520
520
520
520
520
520
520
520
520
520
520
520
520
520
520
520
520
520
520
520
520
519
519
519
519
519
519
519
519
519
519
519
519
519
519
519
519
519
519
519
519
519
519
519
519
519
519
519
519
519
519
519
519
519
519
519
519
519
519
519
519
519
519
518
518
518
518
518
518
518
518
518
518
518
518
518
518
518
518
518
517
517
517
517
517
517
517
517
517
517
517
517
517
517
517
517
517
517
517
517
517
517
517
517
517
516
516
516
516
516
516
516
516
516
516
516
516
516
516
516
516
516
516
516
516
516
516
516
516
516
516
516
515
515
515
515
515
515
515
515
515
515
515
515
515
515
515
515
515
515
515
515
515
515
515
515
515
515
515
515
515
515
515
515
515
514
514
514
514
514
514
514
514
514
514
514
514
514
514
514
514
514
514
514
514
514
514
514
514
514
514
514
514
514
514
514
514
514
513
513
513
513
513
513
513
513
513
513
513
513
513
513
513
513
513
513
513
513
513
513
513
513
513
513
513
513
513
513
513
513
513
512
512
512
512
512
512
512
512
512
512
512
512
512
512
512
512
512
512
512
512
512
512
512
512
512
512
512
512
512
512
511
511
511
511
511
511
511
511
511
511
511
511
511
511
511
511
511
511
511
511
511
511
510
510
510
510
510
510
510
510
510
510
510
510
510
510
510
510
510
510
510
510
510
510
509
509
509
509
509
509
509
509
509
509
509
509
509
509
509
509
509
509
509
509
509
509
509
509
509
509
509
509
509
509
509
509
509
509
509
509
508
508
508
508
508
508
508
508
508
508
508
508
508
508
508
508
508
508
508
508
508
508
508
508
508
508
508
508
508
508
508
508
507
507
507
507
507
507
507
507
507
507
507
507
507
507
507
507
507
507
507
507
507
507
507
507
507
507
507
507
507
507
507
507
507
507
507
507
507
506
506
506
506
506
506
506
506
506
506
506
506
506
506
506
506
506
506
506
505
505
505
505
505
505
505
505
505
505
505
505
505
505
505
505
505
505
505
505
505
504
504
504
504
504
504
504
504
504
504
504
504
504
504
504
504
504
504
504
504
504
504
504
504
504
503
503
503
503
503
503
503
503
503
503
503
503
503
503
503
503
503
503
503
503
503
503
503
503
503
503
503
503
503
503
503
503
503
503
503
503
503
503
503
503
503
502
502
502
502
502
502
502
502
502
502
502
502
502
502
502
502
502
502
502
502
502
502
502
502
502
502
502
502
502
502
502
502
502
501
501
501
501
501
501
501
501
501
501
501
501
501
501
501
501
501
501
500
500
500
500
500
500
500
500
500
500
500
500
500
500
500
500
500
500
500
500
500
500
500
500
500
500
500
500
500
500
499
499
499
499
499
499
499
499
499
499
499
499
499
499
499
499
499
499
499
499
498
498
498
498
498
498
498
498
498
498
498
498
498
498
498
498
498
498
498
498
498
497
497
497
497
497
497
497
497
497
497
497
497
497
497
497
497
497
497
497
497
497
497
497
497
497
497
497
497
497
497
497
497
497
497
496
496
496
496
496
496
496
496
496
496
496
496
496
496
496
496
496
496
496
496
496
496
496
496
496
496
496
496
496
496
496
496
496
495
495
495
495
495
495
495
495
495
495
495
495
495
495
495
495
495
495
495
495
495
495
495
495
495
495
495
495
495
495
494
494
494
494
494
494
494
494
494
494
494
494
494
494
494
494
494
494
494
494
494
494
494
494
494
494
494
494
494
494
494
494
494
494
494
494
494
494
493
493
493
493
493
493
493
493
493
493
493
493
493
493
493
493
493
493
493
493
493
493
493
493
493
493
493
493
492
492
492
492
492
492
492
492
492
492
492
492
492
492
492
492
492
492
492
492
492
492
492
492
492
492
492
491
491
491
491
491
491
491
491
491
491
491
491
491
491
491
491
491
491
491
491
491
491
491
491
491
491
491
491
491
491
491
490
490
490
490
490
490
490
490
490
490
490
490
490
490
490
490
490
490
490
490
490
490
490
490
490
490
490
490
490
490
490
490
490
490
490
490
490
490
490
490
490
490
490
489
489
489
489
489
489
489
489
489
489
489
489
489
489
489
489
489
489
489
489
489
489
489
489
489
489
489
489
489
489
489
489
489
488
488
488
488
488
488
488
488
488
488
488
488
488
488
488
488
488
488
488
488
488
488
488
488
488
488
488
488
488
488
488
488
488
488
488
487
487
487
487
487
487
487
487
487
487
487
487
487
487
487
487
487
487
487
487
487
487
487
487
487
487
487
487
487
487
487
487
486
486
486
486
486
486
486
486
486
486
486
486
486
486
486
486
486
486
486
486
486
486
486
486
486
486
486
486
486
486
486
486
486
486
486
486
485
485
485
485
485
485
485
485
485
485
485
485
485
485
485
485
485
485
485
485
485
485
485
485
485
484
484
484
484
484
484
484
484
484
484
484
484
484
484
484
484
484
484
484
484
484
484
484
484
484
484
484
484
484
484
484
484
484
483
483
483
483
483
483
483
483
483
483
483
483
483
483
483
483
483
483
483
483
483
483
483
483
483
483
483
483
483
483
483
483
483
483
483
483
483
483
483
483
483
483
483
483
483
483
483
482
482
482
482
482
482
482
482
482
482
482
482
482
482
482
482
482
482
482
482
482
482
482
482
481
481
481
481
481
481
481
481
481
481
481
481
481
481
481
481
481
481
481
481
481
481
481
481
481
481
481
481
481
481
481
481
480
480
480
480
480
480
480
480
480
480
480
480
480
480
480
480
480
480
480
480
480
480
480
480
480
480
480
480
480
480
479
479
479
479
479
479
479
479
479
479
479
479
479
479
479
479
479
479
479
479
479
479
479
479
479
479
479
479
479
479
479
479
479
478
478
478
478
478
478
478
478
478
478
478
478
478
478
478
478
478
478
478
478
478
478
478
478
478
478
478
478
478
478
478
478
478
478
478
478
478
478
478
478
478
478
478
478
478
477
477
477
477
477
477
477
477
477
477
477
477
477
477
477
477
477
477
477
477
477
477
477
477
477
477
477
477
477
477
477
477
477
477
477
477
477
477
477
477
477
477
477
477
477
477
476
476
476
476
476
476
476
476
476
476
476
476
476
476
476
476
476
476
476
476
476
476
476
476
476
476
476
476
475
475
475
475
475
475
475
475
475
475
475
475
475
475
475
475
475
475
475
475
475
475
475
475
475
475
475
475
475
475
475
475
475
475
475
475
475
475
475
475
475
475
475
475
475
475
475
475
474
474
474
474
474
474
474
474
474
474
474
474
474
474
474
474
474
474
474
474
474
474
474
474
474
474
474
474
474
474
474
474
474
474
474
473
473
473
473
473
473
473
473
473
473
473
473
473
473
473
473
473
473
473
473
473
473
473
473
473
473
473
473
473
473
473
473
473
472
472
472
472
472
472
472
472
472
472
472
472
472
472
472
472
472
472
472
472
472
472
472
472
472
472
472
472
472
472
472
472
472
472
472
471
471
471
471
471
471
471
471
471
471
471
471
471
471
471
471
471
471
471
471
471
471
471
471
471
471
471
471
471
471
471
471
471
471
471
471
471
471
471
471
471
471
471
471
470
470
470
470
470
470
470
470
470
470
470
470
470
470
470
470
470
470
470
470
470
470
470
470
470
470
470
470
470
469
469
469
469
469
469
469
469
469
469
469
469
469
469
469
469
469
469
469
469
469
469
469
469
469
469
469
469
469
469
469
469
469
469
469
468
468
468
468
468
468
468
468
468
468
468
468
468
468
468
468
468
468
468
468
468
468
468
468
468
468
468
468
468
468
468
468
468
468
468
468
468
467
467
467
467
467
467
467
467
467
467
467
467
467
467
467
467
467
467
467
467
467
467
467
467
467
467
467
467
467
467
467
467
467
467
467
467
467
467
467
467
467
466
466
466
466
466
466
466
466
466
466
466
466
466
466
466
466
466
466
466
466
466
466
466
466
466
466
466
466
466
466
466
466
466
466
466
466
466
466
466
466
466
466
466
465
465
465
465
465
465
465
465
465
465
465
465
465
465
465
465
465
465
465
465
465
465
465
465
465
465
465
465
465
464
464
464
464
464
464
464
464
464
464
464
464
464
464
464
464
464
464
464
464
464
464
464
464
464
464
464
464
463
463
463
463
463
463
463
463
463
463
463
463
463
463
463
463
463
463
463
463
463
463
463
463
463
463
463
463
463
463
463
463
463
463
463
463
463
463
463
463
463
463
463
463
463
463
463
463
463
462
462
462
462
462
462
462
462
462
462
462
462
462
462
462
462
462
462
462
462
462
462
462
462
462
462
462
462
462
462
462
462
462
461
461
461
461
461
461
461
461
461
461
461
461
461
461
461
461
461
461
461
461
461
461
461
461
461
461
461
461
461
461
461
461
461
461
461
461
461
460
460
460
460
460
460
460
460
460
460
460
460
460
460
460
460
460
460
460
460
460
460
460
460
460
460
460
460
460
460
459
459
459
459
459
459
459
459
459
459
459
459
459
459
459
459
459
459
459
459
459
459
459
459
459
459
459
459
459
459
459
459
459
459
459
459
459
459
459
459
458
458
458
458
458
458
458
458
458
458
458
458
458
458
458
458
458
458
458
458
458
458
458
458
458
458
458
458
458
458
458
458
458
458
458
458
458
458
458
458
458
458
458
457
457
457
457
457
457
457
457
457
457
457
457
457
457
457
457
457
457
457
457
457
457
457
457
457
457
457
457
457
457
457
457
457
457
457
456
456
456
456
456
456
456
456
456
456
456
456
456
456
456
456
456
456
456
456
456
456
456
456
456
456
456
456
456
456
456
456
456
456
456
456
456
456
456
456
456
456
456
456
456
456
456
456
455
455
455
455
455
455
455
455
455
455
455
455
455
455
455
455
455
455
455
455
455
455
455
455
455
455
455
455
455
455
455
455
454
454
454
454
454
454
454
454
454
454
454
454
454
454
454
454
454
454
454
454
454
454
454
454
454
454
454
454
454
454
454
454
454
454
454
453
453
453
453
453
453
453
453
453
453
453
453
453
453
453
453
453
453
453
453
453
453
453
453
453
453
453
453
452
452
452
452
452
452
452
452
452
452
452
452
452
452
452
452
452
452
452
452
452
452
452
452
452
452
452
452
452
452
452
452
452
452
451
451
451
451
451
451
451
451
451
451
451
451
451
451
451
451
451
451
451
451
451
451
451
451
451
451
451
451
451
451
451
451
451
451
451
451
451
451
451
451
451
451
451
451
451
451
451
450
450
450
450
450
450
450
450
450
450
450
450
450
450
450
450
450
450
450
450
450
450
450
450
450
450
450
449
449
449
449
449
449
449
449
449
449
449
449
449
449
449
449
449
449
449
449
449
449
449
449
449
449
449
449
449
449
449
449
449
448
448
448
448
448
448
448
448
448
448
448
448
448
448
448
448
448
448
448
448
448
448
448
448
448
448
448
448
448
448
448
448
448
448
447
447
447
447
447
447
447
447
447
447
447
447
447
447
447
447
447
447
447
447
447
447
447
447
447
447
447
447
447
447
446
446
446
446
446
446
446
446
446
446
446
446
446
446
446
446
446
446
446
446
446
446
446
445
445
445
445
445
445
445
445
445
445
445
445
445
445
445
445
445
445
445
445
445
445
445
445
445
445
445
445
445
445
445
445
445
445
445
445
444
444
444
444
444
444
444
444
444
444
444
444
444
444
444
444
444
444
444
444
444
444
444
444
444
444
444
444
443
443
443
443
443
443
443
443
443
443
443
443
443
443
443
443
443
443
443
443
443
443
443
443
443
443
443
442
442
442
442
442
442
442
442
442
442
442
442
442
442
442
442
442
442
442
442
442
442
442
442
442
442
442
442
442
442
442
442
442
442
442
442
442
441
441
441
441
441
441
441
441
441
441
441
441
441
441
441
441
441
441
441
441
441
441
441
441
441
441
441
441
441
441
441
441
441
441
441
441
441
441
441
441
441
441
441
441
441
441
441
441
440
440
440
440
440
440
440
440
440
440
440
440
440
440
440
440
440
440
440
440
440
440
440
440
440
440
440
440
439
439
439
439
439
439
439
439
439
439
439
439
439
439
439
439
439
439
439
439
439
439
439
439
439
439
439
439
439
439
439
439
439
439
439
439
439
439
439
439
439
439
439
439
439
438
438
438
438
438
438
438
438
438
438
438
438
438
438
438
438
438
438
438
438
438
438
438
438
438
438
438
438
438
438
438
438
438
438
438
437
437
437
437
437
437
437
437
437
437
437
437
437
437
437
437
437
437
437
437
437
437
437
437
437
437
437
437
437
437
437
437
437
437
437
437
437
437
437
437
437
437
437
437
437
437
436
436
436
436
436
436
436
436
436
436
436
436
436
436
436
436
436
435
435
435
435
435
435
435
435
435
435
435
435
435
435
435
435
435
435
435
435
435
435
435
435
435
435
435
435
435
435
435
435
435
435
435
435
435
435
435
435
434
434
434
434
434
434
434
434
434
434
434
434
434
434
434
434
434
434
434
434
434
434
434
434
434
434
434
434
434
434
434
434
434
434
434
434
434
434
434
434
434
434
434
433
433
433
433
433
433
433
433
433
433
433
433
433
433
433
433
433
433
433
433
433
433
433
433
433
433
433
433
433
433
433
433
433
433
433
433
433
433
433
433
433
433
433
433
433
433
433
433
433
433
432
432
432
432
432
432
432
432
432
432
432
432
432
432
432
432
432
432
432
432
432
432
432
432
432
432
432
432
431
431
431
431
431
431
431
431
431
431
431
431
431
431
431
431
431
431
431
431
431
431
431
431
431
431
431
431
431
431
431
431
431
431
431
431
431
431
431
431
431
431
431
431
431
431
431
431
431
431
431
431
430
430
430
430
430
430
430
430
430
430
430
430
430
430
430
430
430
430
430
430
430
430
430
430
430
430
430
430
430
430
430
430
430
430
430
430
430
430
430
430
430
430
430
430
430
430
430
430
430
429
429
429
429
429
429
429
429
429
429
429
429
429
429
429
429
429
429
429
429
429
429
429
429
429
429
429
429
429
429
429
429
429
429
429
429
429
429
429
429
429
429
429
428
428
428
428
428
428
428
428
428
428
428
428
428
428
428
428
428
428
428
428
428
428
428
428
428
428
428
428
428
428
428
428
428
428
428
428
428
428
428
428
428
428
428
428
428
428
428
428
428
427
427
427
427
427
427
427
427
427
427
427
427
427
427
427
427
427
427
427
427
427
427
427
427
427
427
427
427
427
427
427
427
427
427
427
426
426
426
426
426
426
426
426
426
426
426
426
426
426
426
426
426
426
426
426
426
426
426
426
426
426
426
426
426
426
426
426
426
426
425
425
425
425
425
425
425
425
425
425
425
425
425
425
425
425
425
425
425
425
425
425
425
425
425
425
425
425
425
425
425
425
425
425
425
425
425
425
425
425
425
425
425
425
425
425
425
425
425
425
424
424
424
424
424
424
424
424
424
424
424
424
424
424
424
424
424
424
424
424
424
424
424
424
424
424
424
424
424
424
424
424
424
424
424
424
424
424
424
424
424
423
423
423
423
423
423
423
423
423
423
423
423
423
423
423
423
423
423
423
423
423
423
423
423
423
423
423
423
423
423
423
423
423
423
423
423
423
423
423
423
423
423
422
422
422
422
422
422
422
422
422
422
422
422
422
422
422
422
422
422
422
422
422
422
422
422
422
422
422
422
422
422
422
422
422
422
422
422
421
421
421
421
421
421
421
421
421
421
421
421
421
421
421
421
421
421
421
421
421
421
421
421
421
421
421
421
421
421
421
421
421
421
421
421
421
421
421
421
421
421
421
421
421
421
421
421
421
421
420
420
420
420
420
420
420
420
420
420
420
420
420
420
420
420
420
420
420
420
420
420
420
420
420
420
420
420
420
420
420
420
420
420
420
420
420
420
420
420
420
420
420
420
420
420
420
420
420
420
419
419
419
419
419
419
419
419
419
419
419
419
419
419
419
419
419
419
419
419
419
419
419
419
419
419
419
419
419
419
419
419
419
419
419
419
419
419
419
419
419
419
419
418
418
418
418
418
418
418
418
418
418
418
418
418
418
418
418
418
418
418
418
418
418
418
418
418
418
418
418
418
418
418
418
418
418
418
418
418
418
418
418
418
418
418
418
418
418
418
418
418
418
418
418
418
418
418
418
418
418
418
418
418
418
417
417
417
417
417
417
417
417
417
417
417
417
417
417
417
417
417
417
417
417
417
417
417
417
417
417
417
417
417
417
417
417
417
417
417
417
417
417
417
417
417
417
417
417
417
417
417
417
417
417
417
417
417
417
417
416
416
416
416
416
416
416
416
416
416
416
416
416
416
416
416
416
416
416
416
416
416
416
416
416
416
416
416
416
416
416
416
416
416
416
416
416
416
416
416
416
416
416
416
416
416
416
416
416
416
415
415
415
415
415
415
415
415
415
415
415
415
415
415
415
415
415
415
415
415
415
415
415
415
415
415
415
415
415
415
415
415
415
415
415
415
415
415
415
415
415
415
415
415
415
414
414
414
414
414
414
414
414
414
414
414
414
414
414
414
414
414
414
414
414
414
414
414
414
414
414
414
414
414
414
414
414
414
414
414
414
414
414
414
414
414
414
414
414
414
414
414
414
413
413
413
413
413
413
413
413
413
413
413
413
413
413
413
413
413
413
413
413
413
413
413
413
413
413
413
413
413
413
413
413
413
413
413
413
413
413
413
413
413
413
413
412
412
412
412
412
412
412
412
412
412
412
412
412
412
412
412
412
412
412
412
412
412
412
412
412
412
412
412
411
411
411
411
411
411
411
411
411
411
411
411
411
411
411
411
411
411
411
411
411
411
411
411
411
411
411
411
411
411
411
411
411
411
411
411
411
411
411
411
411
411
411
410
410
410
410
410
410
410
410
410
410
410
410
410
410
410
410
410
410
410
410
410
410
410
410
410
410
410
410
410
410
410
410
410
410
410
410
410
410
410
409
409
409
409
409
409
409
409
409
409
409
409
409
409
409
409
409
409
409
409
409
409
409
409
409
409
409
409
409
409
409
409
409
409
409
409
409
409
409
409
409
409
409
409
409
409
409
409
409
409
409
408
408
408
408
408
408
408
408
408
408
408
408
408
408
408
408
408
408
408
408
408
408
408
408
408
408
408
408
408
408
408
408
408
408
408
408
408
408
408
408
408
408
408
407
407
407
407
407
407
407
407
407
407
407
407
407
407
407
407
407
407
407
407
407
407
407
407
407
406
406
406
406
406
406
406
406
406
406
406
406
406
406
406
406
406
406
406
406
406
406
406
406
406
406
406
406
406
406
406
406
406
406
406
406
406
406
406
406
406
406
406
406
405
405
405
405
405
405
405
405
405
405
405
405
405
405
405
405
405
405
405
405
405
405
405
405
405
405
405
405
405
405
405
405
405
405
405
405
405
405
405
405
405
405
405
405
405
405
405
405
405
405
405
404
404
404
404
404
404
404
404
404
404
404
404
404
404
404
404
404
404
404
404
404
404
404
404
404
404
404
404
404
404
404
404
404
404
404
404
404
404
404
404
403
403
403
403
403
403
403
403
403
403
403
403
403
403
403
403
403
403
403
403
403
403
403
403
403
403
403
403
403
402
402
402
402
402
402
402
402
402
402
402
402
402
402
402
402
402
402
402
402
402
402
402
402
402
402
402
402
402
402
402
402
402
402
402
402
402
402
402
402
402
402
401
401
401
401
401
401
401
401
401
401
401
401
401
401
401
401
401
401
401
401
401
401
401
401
401
401
401
401
401
401
401
401
401
401
401
401
401
401
401
401
401
401
401
401
401
401
401
401
401
401
401
400
400
400
400
400
400
400
400
400
400
400
400
400
400
400
400
400
400
400
400
400
400
400
400
400
400
400
400
400
400
400
400
400
400
400
400
400
400
400
400
400
400
400
400
400
400
399
399
399
399
399
399
399
399
399
399
399
399
399
399
399
399
399
399
399
399
399
399
399
399
399
399
399
399
399
399
399
399
399
399
399
399
399
399
399
399
399
399
399
399
399
398
398
398
398
398
398
398
398
398
398
398
398
398
398
398
398
398
398
398
398
398
398
398
398
398
398
398
398
398
398
398
398
398
398
398
398
398
398
398
398
398
398
398
398
398
398
398
397
397
397
397
397
397
397
397
397
397
397
397
397
397
397
397
397
397
397
397
397
397
397
397
397
397
397
397
397
397
397
397
397
397
397
397
397
397
397
397
397
397
397
397
397
397
397
396
396
396
396
396
396
396
396
396
396
396
396
396
396
396
396
396
396
396
396
396
396
396
396
396
396
396
396
396
396
396
396
396
396
396
396
396
396
396
395
395
395
395
395
395
395
395
395
395
395
395
395
395
395
395
395
395
395
395
395
395
395
395
395
395
395
395
395
395
395
395
395
395
395
395
395
395
395
395
395
395
394
394
394
394
394
394
394
394
394
394
394
394
394
394
394
394
394
394
394
394
394
394
394
394
394
394
394
394
394
393
393
393
393
393
393
393
393
393
393
393
393
393
393
393
393
393
393
393
393
393
393
393
393
393
393
393
393
393
393
393
393
393
393
393
393
393
393
393
393
393
393
393
393
393
393
393
393
393
393
393
393
393
393
393
393
393
393
393
393
392
392
392
392
392
392
392
392
392
392
392
392
392
392
392
392
392
392
392
392
392
392
392
392
392
392
392
392
392
392
392
392
392
392
392
392
392
392
391
391
391
391
391
391
391
391
391
391
391
391
391
391
391
391
391
391
391
391
391
391
391
391
391
391
391
391
391
391
391
391
391
391
391
391
391
391
391
391
391
391
391
391
391
391
391
391
391
391
391
391
391
391
391
391
391
391
390
390
390
390
390
390
390
390
390
390
390
390
390
390
390
390
390
390
390
390
390
390
390
390
390
390
390
390
390
390
390
390
390
390
390
390
390
390
390
390
390
390
390
390
390
390
390
390
390
390
390
390
390
390
390
389
389
389
389
389
389
389
389
389
389
389
389
389
389
389
389
389
389
389
389
389
389
389
389
389
389
389
389
389
389
389
389
389
389
389
389
389
389
389
389
389
389
389
389
389
388
388
388
388
388
388
388
388
388
388
388
388
388
388
388
388
388
388
388
388
388
388
388
388
388
388
388
388
388
388
388
388
388
388
388
388
388
387
387
387
387
387
387
387
387
387
387
387
387
387
387
387
387
387
387
387
387
387
387
387
387
387
387
387
387
387
387
387
387
387
387
387
387
387
387
387
386
386
386
386
386
386
386
386
386
386
386
386
386
386
386
386
386
386
386
386
386
386
386
386
386
386
386
386
386
386
386
386
386
386
386
386
386
386
386
385
385
385
385
385
385
385
385
385
385
385
385
385
385
385
385
385
385
385
385
385
385
385
385
385
385
385
384
384
384
384
384
384
384
384
384
384
384
384
384
384
384
384
384
384
384
384
384
384
384
383
383
383
383
383
383
383
383
383
383
383
383
383
383
383
383
383
383
383
383
383
383
383
383
383
383
383
383
383
383
383
383
383
383
383
383
383
382
382
382
382
382
382
382
382
382
382
382
382
382
382
382
382
382
382
382
382
382
382
382
382
382
382
382
382
382
381
381
381
381
381
381
381
381
381
381
381
381
381
381
381
381
381
381
381
381
381
381
380
380
380
380
380
380
380
380
380
380
380
380
380
380
380
380
380
380
380
380
379
379
379
379
379
379
379
379
379
379
379
379
379
379
379
379
379
379
379
379
379
379
379
379
379
379
379
379
379
379
379
379
379
379
378
378
378
378
378
378
378
378
378
378
378
378
378
378
378
378
378
378
378
378
378
378
378
377
377
377
377
377
377
377
377
377
377
377
377
377
377
377
377
377
377
377
377
377
377
377
377
377
377
377
376
376
376
376
376
376
376
376
376
376
376
376
376
376
376
376
376
376
376
376
376
376
376
376
375
375
375
375
375
375
375
375
375
375
375
375
375
375
375
375
375
375
375
375
374
374
374
374
374
374
374
374
374
374
374
374
374
374
374
374
374
374
373
373
373
373
373
373
373
373
373
373
373
373
373
373
373
373
372
372
372
372
372
372
372
372
372
372
372
372
372
372
372
372
371
371
371
371
371
371
371
371
371
371
371
371
371
371
371
371
370
370
370
370
370
370
370
370
370
370
370
370
370
370
370
370
369
369
369
369
369
369
369
369
369
369
369
369
369
369
369
369
369
369
369
368
368
368
368
368
368
368
368
368
368
368
368
368
368
367
367
367
367
367
367
367
367
367
367
367
367
367
367
367
366
366
366
366
366
366
366
366
366
366
366
366
366
366
366
366
365
365
365
365
365
365
365
365
365
365
365
365
365
365
365
365
364
364
364
364
364
364
364
364
364
363
363
363
363
363
363
363
363
363
363
363
363
363
363
363
363
363
363
363
362
362
362
362
362
362
362
362
362
362
362
362
362
362
361
361
361
361
361
361
361
361
361
361
360
360
360
360
360
360
360
359
359
359
359
359
359
359
358
358
358
358
358
358
358
358
358
357
357
357
357
357
356
356
356
356
355
355
355
355
355
355
355
355
354
354
354
354
354
354
354
354
354
353
353
353
353
353
353
352
352
352
352
352
352
351
351
351
351
351
351
351
351
351
350
350
350
350
350
349
349
349
349
348
348
348
348
348
348
348
348
348
348
348
348
348
348
347
347
347
347
347
347
347
347
347
346
345
345
345
345
345
343
343
343
343
343
343
343
343
343
343
342
342
342
342
342
342
341
341
340
340
340
340
339
338
338
338
337
337
337
337
337
337
336
336
333
333
333
332
332
332
332
331
331
331
331
331
330
330
329
329
329
329
327
326
326
326
325
325
325
324
324
323
322
320
320
320
320
318
317
316
312
312
310
310
310
308
308
308
307
305
305
305
304
303
299
299
292
287
286
285
284
284
284
282
279
279
267
260
260
255
250
240
225
225
225
225
224
224
223
223
215
215
210
207
204
204
189
174
168
166
164
161
160
155
154
152
151
146
143
142
136
128
128
128
128
128
128
128
128
128
128
128
128
128
128
128
128
128
128
128
128
128
128
128
128
128
109
