6452
6376
6330
6215
6198
6144
6137
6111
6104
6097
6090
6078
6040
6021
6000
5996
5990
5973
5969
5939
5920
5905
5903
5902
5889
5884
5877
5869
5855
5847
5810
5796
5789
5784
5775
5759
5757
5743
5722
5719
5698
5682
5680
5678
5673
5669
5659
5654
5634
5630
5623
5615
5605
5602
5597
5592
5589
5589
5584
5571
5570
5563
5557
5547
5492
5490
5489
5487
5486
5478
5477
5473
5473
5461
5454
5440
5440
5430
5421
5419
5403
5403
5400
5399
5393
5390
5385
5365
5356
5346
5346
5342
5333
5322
5312
5308
5307
5307
5301
5301
5299
5294
5287
5277
5273
5265
5261
5260
5245
5243
5221
5219
5208
5203
5200
5195
5192
5191
5187
5184
5179
5168
5159
5135
5132
5097
5093
5085
5085
5084
5084
5084
5081
5081
5078
5075
5070
5044
5041
5020
5015
5008
5007
5001
4996
4985
4984
4981
4981
4973
4972
4969
4968
4963
4960
4956
4954
4952
4950
4948
4947
4946
4942
4936
4932
4930
4929
4929
4929
4919
4916
4897
4890
4883
4877
4872
4867
4855
4853
4842
4840
4839
4834
4832
4824
4822
4820
4818
4818
4818
4817
4813
4811
4809
4809
4801
4799
4797
4789
4762
4758
4748
4732
4731
4727
4714
4711
4710
4704
4689
4688
4683
4683
4680
4676
4665
4652
4651
4650
4648
4643
4638
4637
4636
4634
4631
4629
4628
4622
4617
4614
4613
4611
4605
4599
4592
4589
4584
4580
4572
4566
4539
4535
4528
4521
4516
4515
4515
4513
4508
4498
4495
4487
4475
4474
4470
4465
4464
4463
4463
4462
4448
4448
4439
4435
4425
4416
4409
4408
4405
4403
4395
4392
4390
4390
4385
4384
4383
4382
4378
4374
4374
4371
4367
4356
4342
4337
4334
4333
4333
4331
4328
4327
4292
4290
4289
4273
4258
4251
4241
4233
4233
4230
4225
4218
4212
4211
4210
4202
4197
4189
4186
4179
4167
4166
4158
4142
4140
4132
4128
4123
4120
4114
4108
4104
4103
4099
4087
4047
4047
4040
4029
3999
3986
3985
3976
3975
3955
3952
3948
3940
3940
3938
3921
3915
3914
3911
3906
3891
3879
3868
3868
3867
3848
3846
3845
3839
3835
3811
3809
3801
3791
3790
3787
3778
3761
3761
3761
3752
3748
3745
3742
3734
3729
3685
3672
3660
3652
3649
3649
3635
3628
3612
3576
3570
3564
3561
3546
3508
3502
3487
3482
3479
3471
3454
3447
3446
3445
3441
3440
3336
3319
3314
3303
3298
3295
3281
3281
3269
3260
3249
3240
3240
3236
3233
3227
3224
3214
3197
3185
3178
3170
3152
3150
3134
3134
3121
3119
3067
3038
3033
3031
3024
3024
3022
3019
2996
2995
2967
2964
2944
2932
2932
2927
2915
2902
2902
2897
2889
2882
2881
2881
2876
2867
2853
2805
2761
2748
2679
2674
2669
2667
2644
2628
2620
2618
2611
2583
2567
2555
2540
2540
2510
2493
2489
2483
2483
2476
2469
2446
2437
2431
2424
2408
2405
2397
2391
2383
2383
2369
2344
2330
2326
2318
2298
2296
2291
2287
2278
2275
2225
2224
2222
2221
2203
2202
2201
2200
2194
2193
2191
2188
2182
2181
2173
2156
2133
2133
2123
2117
2106
2104
2095
2091
2084
2078
2074
2074
2041
2037
2034
2034
2028
2018
2008
2005
2005
2000
1996
1994
1991
1982
1973
1966
1965
1957
1937
1924
1923
1920
1896
1882
1879
1874
1873
1869
1864
1854
1851
1845
1845
1836
1833
1817
1815
1814
1799
1797
1786
1772
1755
1746
1737
1725
1721
1707
1690
1690
1686
1686
1680
1671
1670
1657
1644
1633
1628
1613
1603
1601
1598
1595
1591
1589
1583
1577
1577
1575
1572
1568
1568
1560
1558
1552
1551
1537
1532
1519
1510
1508
1505
1502
1498
1490
1475
1471
1468
1458
1448
1441
1432
1431
1420
1417
1415
1412
1409
1408
1404
1404
1403
1402
1400
1399
1391
1390
1390
1390
1388
1386
1386
1384
1379
1374
1369
1366
1361
1352
1348
1345
1344
1339
1336
1332
1329
1327
1325
1321
1318
1314
1313
1313
1309
1307
1304
1298
1293
1292
1288
1287
1286
1286
1286
1275
1269
1268
1268
1263
1260
1257
1255
1251
1250
1248
1248
1245
1239
1229
1225
1218
1217
1217
1215
1215
1213
1211
1211
1210
1206
1204
1201
1199
1198
1196
1196
1192
1189
1188
1187
1182
1181
1178
1177
1176
1175
1174
1174
1172
1166
1165
1159
1157
1157
1155
1155
1155
1154
1149
1148
1144
1142
1138
1137
1136
1135
1133
1131
1131
1127
1124
1122
1118
1116
1116
1116
1114
1111
1106
1105
1102
1099
1095
1090
1088
1087
1087
1083
1082
1082
1082
1078
1077
1075
1072
1071
1071
1070
1070
1065
1063
1059
1059
1055
1049
1046
1041
1040
1040
1040
1039
1038
1033
1030
1029
1027
1027
1023
1023
1022
1019
1019
1018
1013
1012
1007
1005
1005
1004
1003
1003
1000
999
998
997
996
995
993
992
992
991
989
988
987
982
978
978
977
976
976
975
975
974
971
970
970
969
967
966
965
965
962
962
961
961
957
953
953
952
951
951
949
949
948
947
947
944
942
940
938
936
936
935
932
931
931
930
930
928
928
926
925
925
925
924
924
924
924
923
922
921
920
920
919
919
917
915
915
914
914
913
912
911
910
906
906
905
905
903
903
902
902
899
899
898
898
896
894
893
892
891
890
890
889
888
888
886
886
886
886
886
885
885
883
882
882
880
880
878
878
876
876
875
875
874
873
872
870
869
869
869
868
868
867
867
867
867
866
866
866
866
865
864
863
862
860
859
859
858
858
856
855
855
855
854
854
853
853
852
852
851
851
851
850
849
849
848
848
846
846
845
845
845
844
844
844
843
843
838
834
834
832
832
831
831
831
831
830
827
827
825
825
825
825
822
821
821
820
820
820
819
818
817
817
816
816
815
815
815
815
814
814
813
813
813
812
811
811
810
809
809
807
807
807
807
807
805
805
805
804
804
803
803
803
802
801
801
801
799
796
795
794
794
793
793
793
793
792
792
792
792
791
791
791
788
788
787
787
786
785
784
784
784
784
784
782
782
781
780
780
779
779
779
778
776
776
776
776
775
774
774
774
772
772
771
771
771
770
770
769
769
769
767
767
766
765
765
765
764
763
763
763
762
761
761
761
760
759
758
758
758
757
757
757
756
755
755
755
755
754
753
753
752
751
751
750
750
750
750
750
749
749
748
748
748
747
747
747
746
746
745
744
744
742
742
742
742
742
741
740
739
738
738
738
737
736
736
736
736
735
735
734
734
733
733
733
732
731
731
731
730
730
729
728
728
728
727
727
727
727
727
727
726
726
725
725
725
725
725
725
724
724
724
724
723
723
722
722
722
722
722
722
721
721
721
720
720
720
719
719
719
718
717
717
717
717
716
716
716
716
715
715
714
714
714
712
712
712
712
711
710
710
710
709
709
709
708
708
708
707
707
706
705
705
705
704
702
702
702
702
702
702
701
701
700
700
699
699
699
699
698
698
697
696
696
696
694
694
694
694
693
693
692
692
692
692
691
691
691
691
690
690
690
689
689
689
688
688
688
688
687
687
687
687
686
686
686
685
685
685
684
684
684
683
683
683
683
683
682
682
682
682
682
682
681
681
681
681
680
680
680
680
680
679
679
679
678
678
678
677
676
676
676
675
675
675
674
674
674
674
674
673
673
673
673
672
672
671
671
670
670
669
668
668
667
667
667
666
666
666
665
665
665
665
665
664
664
664
664
664
664
663
663
663
663
663
661
661
661
661
660
660
660
660
658
658
658
657
657
657
657
657
657
657
657
656
656
656
655
655
655
654
654
654
654
654
654
654
654
653
652
652
652
651
651
651
651
651
651
650
650
650
650
649
648
648
648
648
647
647
646
646
646
646
645
645
645
645
644
644
644
643
643
643
643
642
642
641
641
641
640
640
640
640
640
640
639
639
639
638
638
638
637
637
637
637
637
636
635
635
635
635
635
634
634
634
633
633
633
633
632
632
632
632
632
632
631
631
631
631
630
630
629
629
629
629
628
628
628
627
627
626
626
626
625
625
625
625
625
624
624
624
624
624
624
623
623
623
622
622
622
622
621
620
620
620
620
620
620
620
620
620
620
620
619
619
619
619
618
618
618
618
618
618
618
617
617
617
617
616
616
616
615
615
615
615
615
615
614
614
614
613
613
613
613
613
612
612
612
612
612
611
611
611
611
611
611
610
610
610
610
609
609
609
609
609
608
608
608
607
607
607
607
607
607
606
606
606
606
605
605
605
605
604
604
604
604
604
604
604
603
603
603
603
602
602
602
601
601
601
600
600
600
599
599
599
599
599
599
599
598
598
598
597
597
597
597
597
596
596
596
596
596
596
596
595
595
595
595
595
595
595
595
594
594
594
594
594
594
594
594
594
594
593
593
593
592
592
592
591
591
591
590
590
590
590
589
589
589
589
588
588
588
588
588
588
588
588
587
587
587
587
587
587
587
586
586
586
586
586
586
586
585
585
585
585
585
585
585
584
584
584
584
584
584
584
583
583
582
581
581
581
581
581
581
581
580
580
580
580
580
580
579
578
578
578
578
578
578
578
577
577
577
577
577
577
576
576
576
576
576
576
576
575
575
575
574
574
574
574
574
574
574
574
574
573
573
573
573
573
572
572
572
572
572
572
571
571
571
571
571
570
570
570
570
570
570
569
569
569
569
569
569
569
569
569
568
568
568
567
567
567
566
566
566
566
566
566
566
566
565
565
565
565
565
565
565
565
564
564
564
564
564
564
563
563
563
563
563
563
563
562
562
562
562
562
561
561
561
561
561
561
561
561
561
561
561
561
561
561
560
560
560
560
560
560
559
559
559
559
559
559
559
559
559
559
558
558
558
558
558
557
557
557
557
557
557
557
557
557
557
556
556
556
556
556
556
556
556
556
556
556
555
555
555
555
555
555
555
554
554
554
553
553
553
553
553
553
552
552
552
552
551
551
551
551
551
551
551
551
551
550
550
550
550
550
549
549
549
549
549
548
548
548
548
548
548
547
547
547
547
547
547
547
546
546
546
546
546
546
545
545
545
545
545
545
545
545
545
545
544
544
543
543
543
543
543
543
543
543
543
543
543
542
542
542
542
542
542
542
542
542
542
541
541
541
541
541
541
541
541
541
541
541
541
540
540
540
540
540
540
540
539
539
539
539
539
539
539
539
539
539
538
538
538
538
538
538
538
538
537
537
537
537
537
537
536
536
535
535
535
535
535
535
535
535
535
535
535
535
535
535
534
534
534
534
534
534
534
534
533
533
533
533
533
533
532
532
532
532
532
532
532
532
532
532
532
532
532
532
532
532
532
531
531
531
531
531
531
531
530
530
530
530
530
530
530
530
529
529
529
529
529
529
529
529
529
529
529
529
529
528
528
528
528
528
528
528
528
528
528
528
528
527
527
527
527
527
527
526
526
526
526
526
526
526
525
525
525
525
524
524
524
524
523
523
523
523
523
523
523
523
523
522
522
522
522
522
522
522
522
522
522
521
521
521
521
521
521
521
521
521
521
521
521
521
521
520
520
520
520
520
520
520
520
520
520
520
520
519
519
519
519
519
519
519
519
519
518
518
518
518
518
518
518
518
518
518
518
517
517
517
517
517
517
517
517
517
517
517
516
516
516
516
516
516
516
516
516
516
515
515
515
515
515
515
515
514
514
514
514
514
514
514
514
514
514
514
514
514
514
514
513
513
513
513
513
513
513
513
513
513
513
513
513
512
512
512
512
512
512
512
512
512
512
512
511
511
511
511
511
511
511
511
510
510
510
510
509
509
509
509
509
509
509
509
509
508
508
508
508
508
508
508
508
508
508
508
508
507
507
507
507
507
507
507
507
507
507
506
506
506
506
506
506
506
506
506
505
505
505
505
505
505
505
505
505
504
504
504
504
504
504
504
503
503
503
503
503
503
503
503
503
503
502
502
502
502
502
502
502
502
501
501
501
501
501
501
501
501
501
501
501
500
500
500
500
500
500
500
500
500
500
500
500
500
500
500
500
500
500
499
499
499
499
499
499
499
499
498
498
498
498
498
498
498
498
498
498
497
497
497
497
497
497
497
497
497
497
496
496
496
496
496
496
496
496
496
496
496
495
495
495
495
495
495
495
494
494
494
494
494
494
494
493
493
493
493
493
493
493
493
493
493
493
492
492
492
492
492
492
492
492
492
492
492
492
492
491
491
491
491
491
491
491
491
491
491
491
491
490
490
490
490
490
490
490
490
489
489
489
489
489
489
489
489
489
489
489
489
488
488
488
488
488
488
488
488
488
488
487
487
487
487
487
487
487
487
487
487
487
487
487
487
487
487
487
487
486
486
486
486
486
486
486
486
486
486
486
486
486
486
486
486
486
486
486
485
485
485
485
485
485
485
485
485
485
485
484
484
484
484
484
484
484
484
484
484
484
484
484
484
483
483
483
483
483
483
483
483
482
482
482
482
482
482
482
482
482
482
481
481
481
481
481
480
480
480
480
480
480
480
480
480
480
480
480
479
479
479
479
479
479
478
478
478
478
478
478
478
478
478
478
477
477
477
477
477
477
477
477
477
476
476
476
476
476
476
476
476
476
476
476
476
476
475
475
475
475
475
475
475
475
475
475
475
475
475
475
475
475
475
474
474
474
474
474
474
474
474
474
474
474
473
473
473
473
473
473
473
473
473
473
473
473
473
473
473
473
472
472
472
472
472
472
472
472
472
472
472
472
471
471
471
471
471
471
471
471
471
471
471
471
471
470
470
470
470
470
470
470
470
470
470
470
470
470
470
469
469
469
469
469
469
469
469
469
469
469
469
469
469
468
468
468
468
468
468
468
468
468
468
468
467
467
467
467
467
467
467
467
467
467
467
467
467
466
466
466
466
466
466
466
466
466
466
466
466
466
466
465
465
465
465
465
465
465
465
465
465
465
464
464
464
464
464
464
464
464
464
464
464
464
464
463
463
463
463
463
463
463
463
463
463
463
463
463
463
463
463
462
462
462
462
462
462
462
462
462
462
462
462
462
462
462
461
461
461
461
461
461
461
461
461
461
461
461
461
461
461
460
460
460
460
460
460
460
460
460
459
459
459
459
459
459
459
459
459
459
459
459
459
459
459
459
459
459
458
458
458
458
458
458
458
458
458
458
458
458
458
458
458
457
457
457
457
457
457
457
456
456
456
456
456
456
456
456
456
456
456
456
456
455
455
455
455
455
455
455
455
455
455
455
455
455
455
455
455
455
455
455
454
454
454
454
454
454
454
454
454
454
454
454
454
454
454
454
453
453
453
453
453
453
453
453
453
453
453
453
452
452
452
452
452
452
452
452
452
452
451
451
451
451
451
451
451
451
451
451
451
451
451
451
451
451
451
451
450
450
450
450
450
450
450
450
450
450
450
450
450
450
450
449
449
449
449
449
449
449
449
449
449
449
449
449
449
449
449
449
449
449
448
448
448
448
448
448
448
448
448
448
448
448
448
448
448
448
447
447
447
447
447
447
447
447
447
447
447
447
447
447
447
446
446
446
446
446
446
446
446
446
446
446
446
446
445
445
445
445
445
444
444
444
444
444
444
444
444
444
444
443
443
443
443
443
443
443
443
443
443
443
443
443
443
443
443
443
443
443
443
443
443
442
442
442
442
442
442
442
442
442
442
442
442
441
441
441
441
441
441
441
441
441
441
440
440
440
440
440
440
440
439
439
439
439
439
439
439
439
439
439
439
439
439
439
439
439
439
438
438
438
438
438
438
438
438
438
437
437
437
437
437
437
437
437
437
437
437
437
437
437
437
437
436
436
436
436
436
436
436
436
436
436
436
436
436
436
436
436
436
436
436
436
436
435
435
435
435
435
435
435
435
435
435
435
435
435
434
434
434
434
434
434
434
434
434
434
434
434
434
434
434
434
434
434
433
433
433
433
433
433
433
433
433
433
433
433
433
433
433
433
433
433
433
433
433
433
433
433
433
433
432
432
432
432
432
432
432
432
432
432
432
432
432
432
432
432
432
432
431
431
431
431
431
431
431
431
431
431
431
431
431
430
430
430
430
430
430
430
430
430
430
430
430
430
430
430
430
430
429
429
429
429
429
429
429
429
429
429
429
429
429
429
429
428
428
428
428
428
428
428
428
428
428
428
428
428
428
428
428
428
428
427
427
427
427
427
427
427
427
427
427
426
426
426
426
426
426
426
426
426
426
426
426
426
426
425
425
425
425
425
425
425
425
425
425
425
425
425
425
425
425
424
424
424
424
424
424
424
424
424
424
424
424
424
424
424
424
424
424
424
424
424
424
423
423
423
423
423
423
423
423
423
423
423
423
423
423
423
423
423
423
423
423
423
423
423
423
422
422
422
422
422
422
422
422
422
422
422
422
422
422
422
421
421
421
421
421
421
421
421
421
421
421
421
421
420
420
420
420
420
420
420
420
420
420
420
420
420
420
420
420
420
419
419
419
419
419
419
419
419
419
419
419
419
419
419
419
418
418
418
418
418
418
418
418
418
418
418
418
418
418
418
418
418
417
417
417
417
417
417
417
417
417
417
416
416
416
416
416
416
416
416
416
416
416
416
416
416
416
416
416
416
416
416
415
415
415
415
415
415
415
415
415
415
415
415
415
415
415
415
414
414
414
414
414
414
414
414
414
414
414
414
414
414
414
414
414
414
414
413
413
413
413
413
413
413
413
413
413
413
413
413
413
413
412
412
412
412
412
412
412
412
412
412
412
412
412
412
411
411
411
411
411
411
411
411
411
411
411
411
411
411
411
411
411
411
411
411
411
411
411
411
411
410
410
410
410
410
410
410
410
410
410
410
410
410
410
410
410
409
409
409
409
409
409
409
409
409
409
409
409
409
409
409
409
409
409
409
409
409
409
408
408
408
408
408
408
408
408
408
408
408
408
408
408
408
408
408
408
408
407
407
407
407
407
407
407
407
407
407
407
407
407
407
407
407
407
407
407
407
407
407
407
406
406
406
406
406
406
406
406
406
406
406
406
406
406
406
406
406
406
406
406
406
406
406
406
406
405
405
405
405
405
405
405
405
405
405
405
405
405
405
405
405
404
404
404
404
404
404
404
404
404
404
404
404
404
404
404
404
404
404
404
404
404
404
404
404
404
403
403
403
403
403
403
403
403
403
403
403
403
403
403
403
403
403
403
403
403
402
402
402
402
402
402
402
402
402
402
402
402
402
402
402
402
402
402
402
402
402
402
402
401
401
401
401
401
401
401
401
401
401
401
401
401
401
401
401
401
401
401
401
401
401
400
400
400
400
400
400
400
400
400
400
400
400
400
400
399
399
399
399
399
399
399
399
399
399
399
399
399
399
399
399
398
398
398
398
398
398
398
398
398
398
398
398
398
398
398
398
398
398
398
398
398
398
397
397
397
397
397
397
397
397
397
397
397
397
397
397
397
397
397
397
397
396
396
396
396
396
396
396
396
396
396
396
396
396
396
396
396
396
396
396
396
396
396
396
396
395
395
395
395
395
395
395
395
395
395
395
395
395
395
395
395
395
394
394
394
394
394
394
394
394
394
394
394
394
394
394
394
394
394
394
394
394
394
394
394
394
394
394
394
394
394
393
393
393
393
393
393
393
393
393
393
393
393
393
393
393
393
393
393
393
393
393
393
393
393
393
393
393
393
393
393
393
393
393
393
393
393
393
393
392
392
392
392
392
392
392
392
391
391
391
391
391
391
391
391
391
391
391
391
390
390
390
390
389
389
389
389
389
389
389
389
389
389
389
388
388
388
388
388
388
388
388
387
387
387
387
387
387
387
386
386
386
386
386
386
386
386
386
385
385
385
385
384
384
384
384
384
384
384
383
383
383
383
383
383
383
383
383
383
383
383
382
382
382
382
382
382
382
381
381
380
380
380
380
380
380
380
379
379
379
379
379
379
379
378
378
378
377
377
376
376
375
375
375
375
375
374
374
374
374
373
373
372
372
371
371
371
369
369
368
368
367
367
367
367
366
366
365
365
364
364
364
363
363
362
362
362
361
361
361
361
360
359
359
358
356
355
355
355
354
354
352
352
351
351
351
350
350
350
349
348
343
341
336
331
331
323
322
321
318
308
304
303
298
295
290
283
280
270
262
262
260
260
243
212
204
204
201
201
201
201
196
196
192
181
181
180
178
167
155
155
152
143
143
128
128
128
128
128
128
128
128
