11832
8208
7142
6943
6908
6892
6813
6700
6657
6644
6624
6581
6569
6561
6561
6558
6552
6531
6526
6499
6464
6464
6447
6394
6393
6391
6381
6371
6337
6318
6317
6292
6273
6266
6261
6221
6221
6216
6208
6207
6202
6202
6202
6201
6197
6182
6176
6176
6176
6171
6170
6166
6156
6153
6136
6119
6099
6092
6080
6074
6073
6072
6067
6062
6053
6044
6041
6039
6036
6036
6026
6013
6008
5986
5985
5965
5946
5946
5938
5935
5930
5928
5928
5921
5914
5910
5903
5894
5889
5887
5886
5883
5879
5879
5876
5876
5876
5862
5861
5853
5852
5849
5837
5837
5836
5834
5834
5824
5822
5816
5814
5812
5797
5785
5784
5783
5771
5762
5760
5759
5758
5753
5751
5743
5741
5739
5738
5735
5729
5722
5721
5720
5715
5711
5702
5697
5694
5689
5687
5687
5685
5681
5680
5678
5661
5660
5658
5653
5652
5648
5648
5638
5629
5627
5623
5620
5616
5615
5614
5611
5610
5607
5605
5602
5599
5596
5594
5587
5586
5585
5576
5576
5575
5573
5568
5564
5562
5556
5553
5549
5548
5547
5544
5543
5542
5540
5539
5538
5535
5533
5529
5525
5523
5523
5521
5519
5517
5515
5515
5514
5514
5510
5504
5503
5500
5497
5496
5494
5492
5491
5479
5473
5473
5473
5471
5470
5463
5463
5462
5457
5455
5452
5447
5446
5446
5435
5435
5435
5432
5431
5431
5430
5427
5425
5423
5423
5416
5413
5413
5412
5406
5400
5398
5396
5390
5389
5387
5387
5382
5382
5381
5377
5375
5370
5369
5367
5365
5365
5364
5363
5362
5362
5359
5359
5357
5356
5356
5354
5353
5350
5349
5349
5349
5347
5346
5346
5344
5341
5337
5334
5330
5322
5319
5318
5317
5317
5317
5308
5307
5306
5306
5304
5303
5303
5299
5298
5297
5296
5292
5292
5289
5289
5288
5286
5285
5285
5284
5282
5280
5278
5274
5274
5270
5270
5269
5266
5254
5252
5251
5246
5236
5235
5230
5228
5226
5226
5226
5226
5225
5224
5219
5217
5214
5213
5212
5208
5207
5205
5205
5203
5203
5203
5203
5197
5197
5196
5192
5190
5189
5188
5186
5185
5182
5181
5179
5179
5179
5178
5175
5175
5175
5174
5173
5170
5169
5167
5166
5165
5165
5165
5164
5163
5161
5161
5160
5159
5156
5154
5151
5145
5143
5143
5143
5142
5142
5141
5130
5129
5129
5127
5127
5126
5124
5121
5120
5118
5117
5116
5113
5109
5108
5107
5107
5105
5105
5104
5104
5103
5099
5099
5098
5096
5096
5096
5093
5091
5090
5090
5087
5085
5085
5081
5081
5075
5075
5075
5075
5071
5070
5070
5069
5066
5065
5059
5058
5057
5053
5050
5048
5048
5048
5048
5041
5039
5037
5036
5036
5034
5033
5031
5030
5029
5029
5028
5027
5022
5021
5020
5018
5018
5016
5014
5012
5009
5008
5008
5006
5002
5002
5000
4995
4995
4994
4992
4992
4992
4989
4988
4986
4986
4984
4984
4982
4980
4979
4974
4973
4968
4967
4965
4965
4964
4962
4961
4961
4959
4957
4956
4955
4954
4954
4953
4953
4952
4950
4949
4943
4943
4942
4941
4940
4940
4938
4934
4933
4933
4930
4928
4928
4923
4922
4921
4920
4918
4917
4913
4911
4910
4908
4908
4907
4907
4905
4905
4905
4904
4904
4902
4902
4902
4901
4900
4899
4898
4897
4897
4897
4896
4896
4895
4895
4892
4891
4891
4888
4886
4885
4885
4885
4882
4880
4880
4878
4878
4876
4875
4874
4874
4871
4870
4870
4869
4869
4868
4866
4863
4862
4862
4861
4858
4853
4849
4849
4848
4847
4846
4844
4843
4843
4842
4841
4841
4840
4839
4838
4836
4834
4833
4830
4828
4824
4824
4822
4822
4820
4820
4819
4816
4816
4815
4812
4811
4808
4807
4806
4805
4804
4802
4801
4798
4796
4795
4795
4794
4791
4790
4789
4788
4786
4783
4783
4781
4776
4775
4774
4773
4770
4769
4768
4764
4763
4761
4759
4758
4757
4756
4756
4750
4750
4748
4745
4743
4743
4742
4742
4740
4739
4735
4733
4732
4730
4730
4728
4726
4726
4726
4725
4724
4723
4723
4722
4722
4721
4720
4719
4718
4717
4717
4716
4715
4715
4714
4714
4714
4714
4710
4710
4707
4706
4702
4700
4698
4693
4692
4690
4689
4688
4688
4687
4687
4687
4685
4685
4684
4683
4682
4681
4681
4680
4679
4679
4678
4676
4675
4674
4674
4670
4668
4668
4667
4665
4663
4663
4662
4660
4660
4660
4660
4660
4660
4659
4658
4658
4657
4654
4654
4653
4651
4646
4646
4644
4643
4642
4642
4641
4640
4640
4639
4637
4637
4637
4636
4636
4635
4635
4634
4633
4633
4628
4625
4623
4622
4622
4621
4621
4620
4618
4616
4615
4615
4612
4612
4611
4611
4610
4607
4605
4605
4605
4605
4605
4604
4604
4603
4603
4602
4602
4602
4602
4602
4600
4600
4598
4597
4596
4596
4595
4594
4594
4593
4593
4593
4588
4588
4587
4587
4585
4582
4581
4580
4579
4579
4579
4578
4578
4577
4577
4576
4576
4576
4576
4575
4575
4575
4573
4571
4570
4569
4569
4567
4567
4567
4566
4565
4564
4560
4560
4560
4559
4556
4556
4556
4553
4550
4550
4549
4548
4548
4548
4547
4545
4545
4542
4542
4541
4541
4540
4539
4539
4539
4537
4537
4536
4535
4534
4534
4533
4533
4533
4533
4532
4530
4530
4526
4526
4526
4525
4524
4524
4523
4523
4522
4521
4521
4520
4519
4519
4517
4516
4515
4514
4514
4512
4512
4511
4511
4511
4510
4510
4509
4507
4503
4502
4501
4500
4500
4500
4499
4499
4497
4497
4496
4496
4495
4493
4492
4492
4492
4490
4490
4488
4487
4487
4486
4486
4485
4485
4485
4485
4480
4479
4479
4476
4475
4475
4474
4473
4471
4467
4466
4466
4465
4464
4464
4464
4463
4462
4461
4461
4461
4460
4460
4460
4460
4459
4459
4456
4456
4456
4456
4453
4452
4451
4447
4446
4445
4444
4441
4441
4441
4439
4438
4438
4437
4437
4436
4434
4433
4432
4431
4431
4431
4428
4427
4426
4426
4426
4425
4425
4424
4423
4421
4420
4420
4419
4418
4417
4415
4413
4412
4411
4410
4408
4406
4405
4404
4404
4402
4402
4399
4397
4396
4391
4391
4391
4391
4391
4388
4388
4387
4387
4385
4385
4385
4383
4383
4383
4382
4381
4381
4381
4381
4381
4380
4380
4378
4377
4376
4376
4376
4375
4374
4374
4372
4372
4372
4372
4372
4371
4371
4369
4369
4369
4368
4367
4365
4364
4364
4363
4361
4360
4358
4356
4355
4352
4352
4352
4349
4346
4346
4345
4341
4340
4339
4339
4339
4338
4337
4336
4330
4328
4324
4323
4323
4323
4321
4320
4319
4316
4316
4316
4315
4314
4314
4313
4311
4310
4309
4308
4306
4304
4303
4303
4302
4301
4300
4299
4296
4296
4296
4295
4291
4291
4288
4287
4285
4284
4283
4283
4281
4280
4279
4278
4277
4275
4274
4273
4273
4272
4271
4271
4269
4268
4268
4267
4265
4262
4261
4257
4256
4253
4252
4251
4251
4250
4250
4249
4249
4248
4246
4246
4245
4245
4244
4244
4243
4243
4243
4241
4241
4241
4239
4239
4235
4235
4233
4231
4231
4231
4230
4230
4227
4227
4224
4223
4223
4222
4220
4220
4216
4216
4216
4213
4212
4212
4209
4207
4205
4204
4203
4203
4202
4201
4201
4201
4201
4200
4200
4200
4198
4197
4197
4196
4196
4196
4195
4193
4192
4191
4190
4189
4189
4188
4188
4186
4184
4184
4183
4182
4181
4180
4179
4179
4178
4178
4178
4178
4177
4177
4176
4175
4173
4173
4173
4173
4172
4171
4170
4170
4168
4168
4166
4165
4165
4165
4164
4164
4158
4158
4157
4157
4156
4153
4152
4150
4150
4149
4149
4148
4147
4146
4146
4146
4145
4145
4142
4142
4141
4141
4139
4138
4136
4135
4134
4131
4130
4129
4129
4129
4129
4127
4127
4125
4124
4122
4120
4118
4118
4116
4116
4116
4116
4114
4114
4114
4114
4112
4109
4108
4108
4107
4106
4105
4101
4101
4101
4098
4097
4096
4095
4095
4095
4095
4094
4094
4093
4093
4093
4092
4090
4090
4090
4088
4088
4087
4084
4084
4081
4081
4079
4077
4076
4076
4075
4075
4075
4072
4071
4070
4070
4070
4070
4068
4068
4067
4067
4066
4065
4064
4063
4061
4060
4058
4058
4057
4057
4056
4055
4054
4052
4052
4052
4052
4048
4046
4042
4041
4040
4040
4039
4037
4036
4036
4034
4034
4032
4032
4029
4028
4028
4028
4028
4024
4023
4021
4021
4021
4018
4018
4017
4016
4014
4012
4012
4012
4011
4010
4009
4005
4004
4004
4003
4003
4001
4001
4001
3999
3998
3996
3995
3995
3993
3992
3990
3990
3990
3984
3984
3983
3982
3981
3980
3979
3979
3978
3977
3977
3974
3974
3973
3973
3973
3972
3971
3971
3968
3966
3965
3964
3963
3963
3962
3961
3959
3959
3958
3958
3957
3955
3955
3955
3955
3954
3953
3953
3953
3950
3949
3948
3946
3946
3944
3944
3943
3943
3942
3942
3941
3941
3941
3941
3940
3939
3937
3937
3935
3928
3928
3925
3924
3924
3924
3923
3922
3921
3919
3918
3916
3914
3914
3912
3910
3909
3909
3909
3907
3904
3902
3902
3899
3898
3898
3898
3895
3891
3889
3888
3887
3887
3885
3882
3882
3881
3881
3880
3880
3879
3879
3877
3877
3877
3876
3874
3874
3874
3873
3872
3872
3871
3870
3869
3869
3869
3868
3866
3866
3866
3865
3863
3863
3862
3860
3860
3857
3857
3854
3853
3852
3852
3848
3847
3845
3844
3844
3844
3844
3841
3840
3837
3836
3836
3835
3835
3833
3833
3833
3832
3832
3831
3830
3829
3826
3825
3825
3825
3823
3823
3822
3821
3820
3818
3818
3816
3816
3816
3815
3814
3814
3813
3811
3811
3805
3805
3804
3802
3801
3800
3800
3800
3799
3799
3799
3798
3797
3795
3795
3795
3794
3793
3793
3793
3792
3791
3791
3790
3789
3787
3785
3781
3780
3780
3778
3778
3777
3776
3773
3769
3769
3767
3767
3766
3765
3764
3764
3763
3762
3762
3760
3759
3758
3757
3757
3756
3756
3756
3756
3756
3755
3753
3752
3752
3751
3751
3748
3748
3748
3747
3746
3743
3743
3741
3740
3739
3738
3738
3736
3734
3733
3732
3732
3729
3729
3727
3726
3722
3722
3721
3720
3717
3716
3716
3715
3715
3714
3712
3712
3711
3708
3708
3707
3707
3707
3704
3704
3702
3701
3699
3699
3698
3697
3696
3695
3695
3695
3693
3693
3693
3692
3692
3691
3689
3687
3686
3686
3684
3684
3684
3683
3682
3681
3681
3679
3679
3678
3678
3677
3677
3675
3675
3673
3672
3668
3668
3668
3667
3667
3666
3666
3665
3662
3662
3662
3661
3659
3658
3656
3655
3654
3653
3652
3652
3652
3652
3651
3650
3650
3649
3648
3648
3646
3646
3645
3644
3641
3640
3640
3639
3638
3638
3638
3634
3634
3634
3632
3631
3629
3628
3628
3627
3626
3626
3624
3624
3622
3621
3621
3618
3617
3615
3615
3613
3613
3611
3611
3610
3609
3609
3608
3607
3607
3606
3605
3604
3602
3601
3599
3599
3598
3597
3595
3595
3594
3594
3593
3593
3593
3590
3587
3587
3586
3584
3583
3581
3579
3578
3577
3577
3577
3575
3575
3574
3574
3574
3574
3573
3572
3572
3571
3570
3566
3566
3566
3564
3564
3564
3564
3563
3562
3560
3560
3559
3558
3557
3557
3556
3555
3555
3555
3554
3554
3551
3551
3550
3549
3547
3547
3546
3544
3543
3543
3543
3543
3542
3542
3541
3539
3536
3532
3531
3531
3531
3528
3526
3524
3524
3523
3522
3522
3520
3519
3519
3517
3516
3515
3515
3515
3515
3514
3514
3513
3512
3512
3512
3512
3509
3507
3507
3506
3505
3504
3504
3503
3503
3502
3500
3500
3500
3499
3499
3497
3494
3492
3490
3489
3488
3487
3487
3485
3485
3484
3481
3479
3478
3478
3477
3477
3475
3474
3473
3472
3471
3470
3470
3469
3469
3468
3468
3467
3467
3463
3463
3462
3462
3461
3460
3459
3459
3458
3456
3456
3453
3451
3450
3447
3446
3445
3445
3444
3444
3443
3442
3442
3440
3438
3437
3435
3434
3434
3431
3431
3429
3429
3428
3428
3425
3422
3422
3421
3419
3419
3417
3417
3416
3414
3413
3412
3412
3410
3407
3407
3406
3404
3404
3404
3403
3403
3402
3400
3399
3397
3394
3394
3394
3393
3392
3391
3391
3390
3390
3387
3387
3385
3384
3384
3383
3381
3380
3379
3379
3377
3376
3373
3371
3367
3366
3366
3364
3364
3362
3361
3359
3358
3358
3356
3356
3356
3355
3355
3353
3352
3350
3349
3349
3347
3345
3345
3344
3344
3341
3341
3340
3340
3339
3338
3337
3337
3336
3335
3334
3334
3332
3331
3331
3331
3331
3330
3330
3330
3328
3327
3326
3325
3324
3324
3323
3321
3317
3314
3314
3314
3313
3312
3311
3309
3308
3307
3307
3307
3307
3306
3305
3305
3305
3305
3304
3302
3302
3301
3301
3301
3300
3299
3299
3298
3297
3295
3295
3295
3292
3292
3291
3290
3289
3289
3288
3288
3288
3288
3287
3287
3286
3286
3285
3285
3284
3283
3282
3282
3281
3281
3278
3278
3278
3277
3277
3277
3276
3275
3275
3274
3274
3272
3270
3269
3268
3268
3265
3265
3265
3262
3260
3258
3257
3256
3256
3256
3255
3254
3253
3253
3252
3252
3251
3248
3246
3244
3244
3243
3243
3242
3242
3241
3241
3241
3240
3239
3238
3236
3235
3235
3235
3235
3233
3232
3231
3231
3228
3224
3221
3221
3221
3220
3218
3217
3215
3215
3213
3209
3208
3206
3203
3203
3202
3200
3199
3199
3198
3197
3194
3193
3193
3193
3192
3190
3189
3189
3189
3188
3188
3186
3185
3185
3184
3183
3183
3181
3180
3179
3177
3176
3176
3176
3176
3174
3173
3167
3167
3167
3164
3164
3163
3162
3160
3159
3158
3158
3158
3156
3154
3154
3153
3149
3148
3148
3147
3147
3144
3141
3140
3139
3137
3137
3136
3136
3135
3133
3131
3128
3124
3123
3123
3122
3120
3119
3119
3118
3115
3113
3113
3110
3107
3105
3103
3101
3101
3099
3097
3095
3094
3091
3091
3090
3089
3088
3086
3086
3086
3085
3084
3083
3083
3082
3081
3080
3077
3077
3077
3077
3075
3075
3075
3074
3074
3073
3072
3071
3071
3070
3069
3069
3068
3067
3067
3067
3066
3065
3064
3064
3064
3064
3060
3060
3060
3059
3059
3059
3058
3057
3057
3057
3057
3055
3054
3053
3052
3052
3050
3047
3047
3046
3045
3040
3039
3037
3034
3034
3034
3033
3031
3030
3029
3029
3026
3025
3025
3025
3024
3023
3023
3022
3021
3020
3020
3019
3018
3017
3015
3014
3013
3010
3007
3007
3007
3006
3005
3004
3003
3002
3001
2998
2994
2993
2991
2991
2990
2990
2988
2987
2987
2985
2982
2982
2980
2979
2977
2975
2975
2975
2974
2973
2972
2968
2966
2964
2962
2962
2961
2961
2961
2959
2958
2956
2953
2947
2945
2942
2941
2939
2939
2938
2937
2937
2936
2936
2930
2929
2928
2926
2922
2918
2917
2913
2912
2911
2910
2909
2909
2907
2905
2905
2905
2904
2904
2898
2894
2894
2894
2893
2892
2891
2889
2889
2887
2886
2886
2886
2886
2886
2884
2883
2882
2882
2881
2880
2880
2879
2878
2877
2877
2875
2875
2873
2872
2872
2872
2871
2870
2870
2869
2868
2867
2867
2867
2867
2866
2866
2866
2866
2865
2865
2864
2864
2863
2860
2860
2859
2857
2857
2857
2854
2853
2853
2850
2849
2847
2844
2843
2841
2838
2838
2836
2836
2835
2835
2834
2833
2832
2832
2831
2831
2831
2830
2829
2829
2826
2825
2824
2824
2823
2822
2821
2820
2817
2816
2813
2811
2810
2809
2809
2809
2808
2806
2806
2805
2801
2801
2800
2800
2798
2798
2797
2797
2796
2796
2795
2795
2794
2794
2791
2790
2790
2789
2789
2787
2786
2784
2784
2783
2781
2779
2778
2777
2777
2775
2774
2772
2771
2770
2770
2768
2768
2767
2765
2764
2762
2762
2761
2761
2760
2760
2759
2758
2757
2757
2755
2755
2754
2753
2753
2752
2747
2747
2743
2737
2737
2734
2732
2732
2732
2731
2730
2727
2726
2726
2726
2725
2725
2724
2724
2720
2719
2719
2718
2714
2709
2708
2707
2706
2705
2704
2703
2702
2702
2694
2693
2693
2691
2691
2689
2688
2686
2686
2683
2680
2677
2677
2677
2676
2675
2671
2671
2666
2666
2665
2663
2660
2660
2659
2659
2659
2658
2657
2654
2654
2653
2653
2652
2652
2651
2650
2650
2649
2648
2647
2647
2646
2644
2644
2643
2640
2639
2638
2638
2638
2637
2636
2636
2636
2635
2635
2632
2632
2632
2631
2629
2629
2629
2628
2628
2626
2625
2624
2624
2623
2622
2621
2621
2621
2619
2618
2617
2617
2614
2614
2613
2612
2612
2611
2610
2608
2606
2606
2605
2604
2604
2601
2601
2601
2601
2601
2600
2599
2599
2598
2598
2597
2596
2596
2595
2595
2595
2593
2593
2593
2593
2591
2591
2588
2588
2588
2587
2586
2585
2585
2584
2582
2582
2582
2581
2581
2580
2579
2578
2577
2575
2571
2569
2564
2561
2561
2560
2559
2558
2557
2556
2551
2549
2549
2549
2548
2548
2547
2547
2546
2545
2544
2544
2542
2539
2539
2537
2537
2536
2536
2536
2532
2532
2531
2529
2528
2528
2526
2526
2526
2523
2518
2517
2516
2514
2512
2512
2512
2512
2510
2510
2509
2508
2507
2506
2506
2505
2504
2502
2502
2500
2500
2498
2495
2493
2493
2493
2492
2492
2492
2491
2490
2488
2488
2487
2487
2486
2486
2485
2484
2484
2483
2481
2478
2477
2476
2474
2472
2471
2471
2471
2471
2471
2471
2470
2470
2466
2463
2463
2461
2461
2460
2460
2460
2459
2459
2459
2459
2459
2458
2457
2456
2456
2453
2453
2450
2449
2448
2446
2446
2446
2444
2442
2441
2441
2441
2440
2440
2439
2439
2437
2435
2435
2432
2431
2429
2428
2428
2426
2426
2425
2425
2424
2423
2423
2423
2422
2422
2421
2421
2421
2421
2420
2420
2419
2418
2414
2413
2413
2412
2412
2410
2409
2407
2405
2404
2403
2402
2400
2399
2399
2397
2394
2392
2391
2388
2387
2385
2384
2384
2384
2383
2381
2378
2376
2376
2374
2373
2372
2370
2370
2367
2366
2366
2366
2365
2363
2363
2362
2362
2362
2360
2359
2358
2358
2358
2357
2355
2355
2354
2353
2352
2352
2351
2350
2350
2350
2349
2348
2346
2346
2345
2345
2345
2344
2342
2341
2341
2341
2340
2340
2340
2336
2336
2336
2335
2335
2333
2332
2332
2332
2332
2331
2331
2330
2329
2329
2329
2327
2326
2326
2325
2324
2323
2322
2319
2318
2318
2317
2316
2316
2315
2315
2314
2314
2313
2313
2312
2310
2309
2309
2307
2306
2304
2304
2302
2302
2301
2300
2296
2295
2295
2293
2292
2290
2290
2289
2289
2289
2288
2288
2288
2287
2286
2284
2284
2284
2284
2283
2282
2282
2282
2281
2279
2279
2279
2279
2278
2277
2277
2275
2274
2273
2271
2270
2269
2269
2268
2268
2268
2267
2267
2267
2266
2265
2264
2263
2263
2260
2259
2258
2257
2257
2256
2255
2252
2251
2250
2250
2250
2249
2247
2246
2246
2245
2245
2244
2244
2243
2242
2238
2236
2236
2236
2235
2233
2232
2231
2231
2229
2227
2227
2225
2223
2223
2222
2222
2222
2222
2221
2220
2219
2219
2219
2216
2215
2215
2214
2213
2212
2212
2211
2211
2208
2205
2203
2202
2202
2199
2198
2198
2196
2195
2195
2195
2195
2194
2194
2193
2191
2190
2187
2185
2184
2184
2184
2184
2183
2183
2182
2180
2179
2178
2175
2174
2174
2174
2174
2171
2171
2171
2171
2169
2168
2168
2167
2167
2165
2164
2163
2163
2161
2160
2159
2157
2157
2156
2155
2153
2153
2152
2149
2149
2148
2148
2147
2143
2143
2143
2140
2140
2136
2135
2132
2132
2130
2128
2128
2128
2127
2127
2126
2126
2125
2124
2123
2123
2122
2122
2122
2121
2120
2120
2120
2119
2117
2116
2115
2115
2114
2112
2111
2111
2110
2109
2109
2108
2107
2107
2106
2105
2105
2105
2104
2104
2103
2102
2102
2100
2100
2099
2099
2098
2098
2097
2094
2094
2092
2092
2091
2091
2087
2086
2085
2085
2084
2084
2082
2080
2080
2079
2074
2074
2073
2072
2072
2072
2072
2071
2071
2070
2069
2067
2067
2065
2064
2059
2058
2058
2057
2057
2056
2055
2055
2054
2054
2053
2051
2051
2049
2049
2048
2048
2048
2047
2047
2046
2044
2044
2042
2040
2040
2038
2038
2036
2036
2036
2036
2035
2034
2034
2034
2033
2033
2033
2032
2032
2030
2029
2027
2026
2026
2026
2026
2021
2019
2016
2015
2008
2008
2005
2005
2004
2001
2001
2000
1999
1998
1998
1997
1997
1997
1996
1995
1994
1991
1991
1991
1990
1990
1990
1989
1988
1987
1985
1983
1983
1981
1981
1980
1979
1978
1978
1978
1976
1976
1976
1975
1974
1974
1971
1970
1969
1969
1969
1968
1967
1966
1965
1964
1963
1963
1963
1963
1962
1962
1961
1961
1960
1960
1959
1959
1958
1956
1956
1954
1953
1953
1951
1950
1949
1949
1947
1946
1945
1945
1945
1941
1941
1940
1938
1938
1937
1936
1935
1935
1933
1933
1930
1929
1929
1928
1928
1927
1926
1926
1926
1924
1924
1924
1923
1923
1923
1922
1922
1919
1918
1917
1917
1916
1916
1915
1915
1913
1913
1913
1913
1911
1909
1908
1908
1907
1907
1905
1903
1903
1902
1902
1901
1901
1901
1900
1900
1898
1898
1896
1896
1895
1895
1893
1892
1892
1892
1889
1887
1887
1886
1883
1883
1883
1882
1879
1879
1878
1878
1876
1875
1874
1873
1872
1872
1870
1869
1867
1865
1865
1862
1862
1861
1860
1860
1859
1858
1857
1856
1856
1856
1855
1851
1850
1849
1846
1845
1845
1844
1844
1843
1839
1838
1838
1837
1837
1836
1836
1835
1834
1833
1833
1832
1832
1831
1831
1831
1830
1828
1827
1825
1824
1823
1823
1822
1821
1821
1818
1818
1817
1817
1816
1815
1815
1812
1811
1810
1809
1807
1807
1806
1805
1803
1803
1803
1801
1800
1800
1800
1799
1799
1797
1797
1797
1793
1793
1792
1792
1791
1791
1791
1790
1790
1790
1789
1789
1788
1787
1787
1786
1785
1785
1785
1785
1784
1783
1783
1781
1780
1779
1778
1776
1775
1774
1773
1769
1769
1768
1767
1767
1767
1767
1766
1764
1763
1763
1762
1761
1760
1760
1759
1758
1755
1755
1753
1753
1751
1749
1748
1747
1746
1746
1746
1746
1746
1743
1741
1740
1740
1739
1737
1734
1734
1734
1734
1733
1728
1727
1726
1725
1724
1722
1721
1721
1721
1720
1720
1720
1720
1718
1716
1715
1715
1715
1713
1713
1712
1712
1712
1711
1710
1709
1709
1707
1707
1706
1703
1703
1702
1702
1701
1699
1699
1698
1696
1695
1695
1691
1687
1687
1685
1685
1684
1683
1682
1682
1680
1678
1678
1678
1678
1675
1675
1674
1674
1674
1673
1673
1673
1672
1672
1671
1671
1670
1669
1669
1668
1668
1667
1663
1663
1661
1660
1660
1660
1660
1659
1658
1658
1657
1655
1654
1654
1653
1651
1648
1648
1647
1647
1647
1647
1643
1643
1642
1642
1642
1642
1641
1641
1640
1638
1638
1638
1638
1637
1636
1636
1636
1633
1633
1632
1632
1632
1631
1631
1631
1631
1631
1630
1630
1630
1629
1628
1628
1627
1627
1627
1626
1626
1626
1620
1618
1618
1617
1616
1613
1612
1612
1612
1611
1609
1608
1608
1607
1607
1606
1605
1605
1605
1604
1602
1599
1599
1598
1598
1597
1596
1595
1595
1595
1594
1593
1593
1591
1590
1587
1586
1586
1586
1585
1585
1584
1584
1582
1582
1582
1581
1581
1581
1580
1578
1577
1577
1576
1575
1574
1574
1573
1573
1570
1569
1569
1568
1568
1568
1567
1567
1564
1558
1558
1556
1555
1555
1555
1554
1553
1553
1553
1552
1551
1551
1550
1550
1549
1548
1547
1547
1546
1545
1545
1544
1544
1544
1543
1543
1543
1543
1540
1539
1539
1539
1539
1538
1538
1536
1535
1535
1534
1534
1533
1533
1532
1532
1530
1529
1529
1529
1527
1525
1525
1524
1522
1522
1522
1521
1521
1520
1519
1519
1519
1519
1519
1519
1518
1518
1517
1517
1515
1515
1514
1513
1513
1513
1512
1510
1510
1510
1510
1507
1507
1507
1506
1505
1505
1504
1504
1504
1503
1503
1500
1500
1500
1500
1500
1499
1499
1499
1498
1498
1497
1496
1496
1495
1494
1493
1493
1492
1491
1490
1490
1490
1489
1488
1487
1487
1487
1486
1486
1485
1485
1485
1485
1484
1483
1483
1482
1482
1480
1480
1480
1479
1479
1478
1477
1477
1477
1474
1474
1473
1473
1471
1470
1469
1469
1469
1469
1469
1468
1467
1466
1466
1466
1466
1465
1464
1463
1462
1462
1462
1461
1460
1460
1459
1457
1457
1457
1457
1457
1456
1455
1455
1455
1454
1453
1453
1453
1452
1451
1450
1448
1447
1446
1444
1444
1443
1443
1442
1440
1439
1438
1438
1438
1437
1437
1436
1436
1436
1434
1433
1433
1431
1431
1430
1428
1428
1427
1426
1425
1422
1422
1421
1421
1421
1420
1420
1418
1417
1417
1417
1417
1416
1416
1415
1414
1414
1414
1413
1413
1412
1412
1411
1411
1411
1411
1411
1411
1411
1410
1410
1409
1408
1408
1406
1406
1404
1403
1402
1402
1402
1401
1399
1399
1398
1397
1397
1397
1396
1396
1395
1395
1395
1395
1394
1393
1393
1393
1392
1392
1392
1390
1390
1389
1389
1388
1388
1388
1387
1386
1386
1385
1385
1383
1383
1382
1382
1382
1382
1381
1379
1379
1379
1378
1376
1376
1376
1375
1375
1375
1374
1373
1373
1373
1372
1371
1371
1370
1370
1369
1368
1367
1367
1367
1367
1367
1366
1364
1363
1362
1361
1361
1361
1361
1359
1358
1358
1357
1356
1356
1355
1355
1354
1354
1353
1352
1351
1350
1350
1349
1348
1348
1346
1346
1345
1345
1344
1344
1343
1342
1342
1342
1341
1341
1340
1340
1339
1339
1338
1338
1338
1337
1337
1336
1336
1336
1336
1335
1335
1335
1335
1335
1334
1334
1334
1333
1332
1332
1332
1331
1330
1330
1329
1329
1329
1327
1327
1327
1326
1326
1325
1325
1324
1323
1323
1323
1322
1322
1322
1321
1321
1320
1320
1319
1319
1318
1317
1317
1317
1316
1315
1315
1315
1315
1315
1314
1314
1313
1313
1312
1312
1311
1311
1311
1311
1310
1310
1309
1309
1308
1308
1308
1308
1307
1307
1306
1306
1305
1304
1303
1303
1303
1302
1302
1301
1301
1301
1301
1300
1300
1300
1300
1299
1298
1297
1297
1297
1297
1297
1297
1296
1296
1295
1295
1294
1294
1293
1293
1293
1292
1291
1291
1290
1290
1289
1288
1288
1288
1288
1288
1288
1286
1284
1284
1283
1283
1283
1282
1282
1282
1282
1282
1281
1280
1280
1280
1279
1279
1279
1277
1276
1276
1276
1275
1275
1273
1273
1273
1272
1272
1272
1271
1270
1269
1268
1268
1266
1266
1266
1266
1266
1265
1265
1265
1265
1265
1264
1264
1264
1263
1263
1263
1262
1262
1262
1262
1262
1261
1261
1261
1261
1259
1259
1259
1258
1257
1257
1257
1256
1256
1256
1256
1256
1255
1255
1255
1255
1255
1255
1255
1254
1254
1253
1252
1252
1252
1251
1250
1250
1250
1250
1249
1249
1249
1249
1248
1248
1247
1247
1247
1247
1246
1246
1246
1246
1246
1245
1245
1245
1245
1245
1244
1244
1244
1244
1244
1243
1242
1241
1240
1239
1239
1238
1238
1238
1238
1237
1236
1236
1236
1236
1235
1235
1235
1235
1234
1234
1234
1234
1233
1233
1233
1232
1230
1230
1230
1229
1229
1229
1229
1227
1227
1227
1227
1226
1226
1225
1224
1224
1224
1223
1223
1223
1222
1222
1221
1221
1220
1220
1220
1220
1220
1220
1219
1219
1219
1219
1218
1218
1218
1218
1218
1218
1218
1218
1216
1216
1216
1216
1216
1216
1215
1215
1214
1213
1212
1212
1211
1211
1211
1211
1210
1208
1207
1207
1206
1206
1205
1205
1204
1204
1204
1204
1202
1202
1202
1202
1201
1201
1201
1200
1199
1199
1199
1199
1198
1198
1198
1198
1197
1197
1197
1197
1197
1195
1195
1194
1194
1193
1193
1193
1192
1192
1191
1191
1191
1190
1190
1189
1189
1188
1188
1188
1188
1186
1186
1186
1185
1185
1185
1184
1183
1182
1182
1182
1181
1181
1180
1180
1180
1180
1180
1180
1180
1179
1179
1178
1178
1178
1177
1176
1176
1175
1175
1174
1173
1173
1172
1172
1171
1171
1170
1170
1170
1170
1170
1170
1169
1169
1169
1168
1168
1168
1168
1167
1167
1166
1166
1166
1165
1165
1164
1164
1163
1162
1162
1162
1162
1162
1161
1161
1160
1159
1159
1159
1159
1159
1158
1157
1157
1156
1156
1155
1155
1155
1154
1154
1154
1154
1154
1153
1153
1153
1152
1152
1152
1151
1150
1150
1149
1148
1148
1148
1148
1147
1147
1147
1146
1146
1145
1145
1145
1145
1145
1145
1144
1144
1144
1144
1143
1143
1143
1142
1141
1141
1141
1141
1141
1140
1139
1139
1138
1138
1138
1137
1136
1136
1136
1136
1135
1135
1135
1134
1134
1134
1134
1134
1133
1133
1133
1132
1132
1132
1132
1131
1131
1131
1130
1130
1130
1129
1128
1128
1128
1128
1128
1127
1126
1125
1125
1125
1124
1124
1124
1124
1123
1123
1122
1122
1122
1122
1121
1121
1121
1121
1120
1120
1120
1120
1119
1118
1118
1117
1117
1117
1117
1116
1116
1115
1115
1115
1113
1113
1112
1112
1112
1112
1112
1111
1111
1111
1110
1110
1109
1108
1108
1108
1107
1107
1107
1106
1106
1106
1106
1106
1106
1105
1105
1105
1105
1105
1105
1104
1103
1103
1103
1102
1102
1102
1101
1101
1100
1099
1099
1098
1098
1098
1098
1097
1097
1096
1096
1096
1096
1096
1096
1096
1095
1095
1094
1094
1094
1093
1093
1092
1092
1092
1092
1092
1091
1091
1091
1091
1091
1091
1090
1090
1090
1089
1089
1089
1089
1088
1088
1087
1087
1087
1086
1086
1086
1086
1086
1085
1085
1085
1085
1085
1085
1084
1084
1084
1084
1084
1084
1084
1083
1083
1083
1082
1081
1081
1081
1081
1081
1080
1080
1080
1079
1079
1079
1078
1078
1077
1077
1077
1076
1076
1076
1075
1074
1073
1073
1072
1072
1071
1071
1071
1071
1071
1071
1071
1070
1070
1069
1069
1069
1068
1068
1068
1067
1067
1067
1066
1066
1066
1066
1066
1066
1065
1065
1064
1064
1064
1064
1064
1064
1064
1063
1063
1062
1062
1062
1062
1061
1061
1061
1060
1060
1060
1059
1059
1059
1058
1058
1058
1058
1058
1058
1058
1057
1057
1057
1057
1057
1057
1057
1057
1056
1056
1056
1056
1056
1056
1056
1055
1055
1055
1055
1055
1054
1054
1054
1054
1054
1054
1053
1053
1051
1051
1049
1049
1049
1049
1049
1049
1049
1049
1049
1049
1049
1048
1048
1048
1048
1048
1047
1047
1047
1047
1046
1046
1046
1046
1045
1044
1044
1044
1044
1044
1044
1042
1042
1042
1042
1042
1042
1042
1042
1041
1041
1041
1041
1041
1040
1040
1038
1038
1038
1038
1038
1038
1038
1038
1037
1037
1037
1037
1037
1036
1036
1036
1035
1035
1035
1035
1035
1035
1035
1034
1034
1034
1034
1033
1033
1033
1033
1033
1032
1032
1032
1032
1032
1031
1031
1031
1031
1031
1031
1031
1031
1030
1030
1030
1030
1029
1029
1029
1029
1029
1029
1028
1028
1028
1028
1027
1027
1026
1026
1025
1025
1025
1024
1024
1024
1024
1024
1023
1023
1022
1022
1022
1022
1022
1022
1021
1021
1021
1021
1021
1021
1020
1020
1019
1019
1018
1018
1018
1018
1018
1018
1018
1018
1017
1017
1017
1017
1016
1016
1016
1016
1015
1015
1015
1015
1015
1015
1015
1014
1014
1014
1013
1012
1012
1012
1012
1011
1010
1010
1010
1010
1010
1009
1009
1009
1009
1009
1009
1008
1008
1008
1008
1008
1007
1006
1006
1006
1006
1006
1006
1005
1005
1005
1005
1005
1005
1005
1004
1004
1004
1004
1003
1003
1003
1003
1003
1002
1002
1002
1002
1002
1002
1002
1002
1001
1001
1000
1000
1000
999
999
999
999
999
999
999
998
998
998
998
997
997
997
997
996
996
996
996
996
996
996
995
995
995
994
994
994
994
994
994
994
993
993
993
993
992
992
992
992
992
991
991
990
990
990
990
989
989
988
988
988
988
988
987
987
987
987
987
987
985
985
985
985
984
984
984
984
984
984
983
983
983
983
983
982
982
982
981
981
981
981
981
981
980
980
980
980
979
979
979
979
979
979
978
978
978
978
977
977
977
977
976
976
976
976
975
975
975
975
975
975
975
975
975
975
974
974
974
974
974
973
973
973
973
973
973
973
972
972
972
971
971
971
971
971
971
971
970
970
970
969
969
968
968
968
968
968
968
967
967
967
967
967
966
966
966
965
965
965
965
965
965
964
964
964
964
964
963
963
963
962
962
962
962
961
961
961
961
961
961
961
960
960
959
959
958
958
958
957
957
957
957
956
956
956
956
955
955
955
955
954
954
954
954
953
953
952
952
952
952
952
951
951
951
951
950
950
949
949
949
949
949
948
948
947
947
947
947
947
946
946
946
946
945
945
945
945
944
944
943
942
942
942
942
942
942
941
941
941
941
940
940
939
939
939
939
939
938
938
938
938
938
938
938
938
938
937
937
937
937
937
936
936
936
935
935
935
935
935
934
934
934
934
934
933
933
932
932
932
932
932
932
931
931
931
931
931
930
930
930
930
930
930
929
929
929
929
929
929
928
928
928
928
928
928
927
927
927
926
926
926
926
925
925
925
924
924
924
924
924
924
923
923
923
923
923
923
922
922
922
922
922
922
921
921
921
920
920
920
920
919
919
919
919
919
919
918
918
918
918
917
917
917
917
917
917
916
916
916
916
916
916
916
915
915
915
915
915
915
914
914
914
914
914
913
913
913
913
913
913
913
912
912
912
911
911
911
911
911
911
911
910
909
909
909
909
909
909
908
908
907
907
907
907
906
906
906
906
905
905
905
905
905
904
904
904
904
904
904
904
904
903
903
903
903
903
903
903
902
902
902
901
901
901
901
901
901
901
900
900
900
900
899
899
899
899
899
899
899
899
899
898
898
898
897
897
897
897
896
896
896
896
896
896
896
895
895
895
895
894
894
894
894
894
894
893
893
893
893
893
892
892
892
892
891
891
891
891
891
891
891
891
890
890
890
890
889
889
889
889
889
888
888
888
888
888
888
886
886
886
886
886
886
885
885
885
885
884
883
883
883
883
882
882
881
881
881
881
881
881
881
881
880
880
880
880
880
880
879
879
879
879
879
879
879
879
879
879
879
879
878
878
878
878
878
878
877
877
877
877
877
876
876
876
876
876
876
876
875
875
874
874
874
874
874
874
874
874
874
874
873
873
873
873
873
873
873
872
872
872
872
871
871
871
871
871
871
871
870
870
870
870
870
870
870
870
870
870
869
869
869
869
869
869
868
868
868
868
868
867
867
867
867
867
867
866
866
866
865
865
865
865
865
864
864
864
864
864
864
864
864
864
864
863
863
863
863
862
862
862
862
862
862
861
861
861
861
861
861
861
861
860
860
860
860
860
860
859
859
859
859
859
858
858
858
858
858
858
858
858
857
857
857
857
857
856
856
856
856
856
855
855
855
855
855
855
854
854
854
854
854
853
853
853
853
853
853
852
852
851
851
851
851
851
851
851
851
850
850
850
850
850
850
850
849
849
849
849
848
848
848
848
848
848
848
848
847
847
847
847
847
847
846
846
846
846
846
846
846
846
846
846
846
846
845
845
845
845
844
844
844
844
843
843
843
843
843
843
843
843
842
842
842
842
841
841
841
841
841
841
841
841
841
840
840
840
840
840
840
840
839
839
839
839
839
839
839
839
838
838
838
838
838
837
837
837
837
837
837
837
837
837
837
836
836
836
836
836
836
835
835
835
835
835
835
835
835
835
834
834
834
834
834
834
834
834
834
833
833
833
833
833
833
833
833
833
833
833
832
832
832
832
831
831
831
831
831
831
831
831
830
830
830
830
830
830
830
830
829
829
828
828
828
828
828
828
828
828
828
827
827
827
827
826
826
826
826
826
826
826
826
826
826
826
826
825
825
825
825
825
825
825
824
824
824
824
824
824
824
824
824
823
823
823
823
823
823
823
823
822
822
822
822
822
822
822
822
822
821
821
821
821
821
821
820
820
820
820
820
820
820
820
820
820
820
819
819
819
819
819
818
818
818
818
818
818
818
817
817
817
817
817
817
817
816
816
816
816
816
816
816
815
815
815
815
815
815
815
814
814
814
814
814
814
813
813
813
813
813
813
813
813
813
813
812
812
812
812
812
811
811
811
811
811
811
811
811
811
811
811
810
810
810
810
810
810
810
810
810
809
809
809
809
809
809
809
809
808
808
808
808
808
808
807
807
807
807
807
807
807
807
807
806
806
806
806
805
805
805
805
805
805
804
804
804
804
804
804
804
804
803
803
803
803
803
803
803
802
802
802
802
802
802
802
802
801
801
801
801
801
801
801
801
800
800
800
800
800
800
800
800
799
799
799
799
799
799
799
799
799
799
798
798
798
798
798
798
798
798
798
798
798
797
797
797
797
797
797
797
797
797
796
796
796
796
796
796
796
796
796
796
795
795
795
795
794
794
794
793
793
793
793
793
793
793
793
792
792
792
792
791
791
791
791
791
791
791
790
790
790
790
790
789
789
789
789
789
789
789
789
789
789
789
789
789
789
789
788
788
788
788
788
788
788
788
788
787
787
787
787
786
786
786
786
786
786
786
786
785
785
785
785
785
785
785
784
784
784
784
784
784
784
784
783
783
783
783
783
783
783
782
782
782
782
782
782
782
782
782
782
782
782
782
781
781
781
781
781
780
780
780
780
780
780
780
780
780
779
779
779
779
779
779
779
778
778
778
778
778
778
778
778
778
778
777
777
777
777
777
777
777
777
777
777
777
777
777
777
777
777
776
776
776
776
776
776
776
776
775
775
775
775
775
775
775
775
775
775
774
774
774
774
774
774
774
773
773
773
773
773
773
773
773
772
772
772
772
772
772
772
772
772
772
771
771
771
771
771
771
770
770
770
770
770
770
770
769
769
769
769
769
769
769
769
768
768
768
768
768
768
768
768
768
767
767
767
767
767
767
767
766
766
766
766
766
766
765
765
765
765
765
765
765
764
764
764
764
764
764
764
763
763
763
763
763
763
763
763
763
763
763
762
762
762
762
762
762
762
762
761
761
761
761
761
761
761
761
761
761
761
761
761
761
761
761
760
760
760
760
760
760
760
760
760
760
759
759
759
759
759
759
759
758
758
758
757
757
757
757
757
757
757
757
757
756
756
756
756
756
756
756
755
755
755
755
754
754
754
754
754
754
754
754
753
753
753
753
753
753
753
753
753
753
752
752
752
752
752
752
752
752
751
751
751
751
751
750
750
750
750
750
750
750
750
749
749
749
749
749
749
749
749
749
749
749
749
748
748
748
748
748
748
748
747
747
747
747
747
747
747
747
747
747
747
747
746
746
746
746
746
745
745
745
745
745
744
744
744
744
744
744
744
744
744
744
744
744
743
743
743
743
743
743
743
743
742
742
742
742
742
742
742
741
741
741
741
741
741
741
741
740
740
740
740
740
740
740
740
739
739
739
739
739
738
738
738
738
738
738
738
738
738
738
738
738
738
737
737
737
737
737
737
737
737
736
736
736
736
736
736
735
735
735
735
735
735
735
734
734
734
734
734
734
734
734
734
734
734
733
733
733
733
733
733
733
733
733
732
732
732
732
732
732
732
731
731
731
731
731
731
730
730
730
730
730
730
730
730
730
730
729
729
729
729
729
729
729
729
729
728
728
728
728
728
728
728
728
728
727
727
727
727
727
727
727
727
727
727
727
727
726
726
726
726
726
726
726
726
726
725
725
725
725
725
725
725
725
725
725
725
725
725
725
724
724
724
724
724
724
724
724
724
723
723
723
723
723
723
723
723
723
723
723
722
722
722
722
722
722
722
722
722
721
721
721
721
721
720
720
720
720
720
720
720
720
720
720
720
719
719
719
719
719
719
719
719
719
719
719
719
718
718
718
718
718
718
718
718
717
717
717
717
717
716
716
716
716
716
716
716
716
716
716
716
715
715
715
715
715
715
715
715
714
714
714
714
714
714
714
714
714
714
714
714
714
714
714
713
713
713
713
713
713
713
713
713
712
712
712
712
712
712
712
712
712
712
712
712
712
711
711
711
711
711
711
711
711
711
711
711
710
710
710
710
710
710
710
710
710
709
709
709
709
709
709
709
709
709
709
709
709
708
708
708
708
708
708
708
708
708
707
707
707
707
707
707
707
707
707
707
706
706
706
706
706
706
706
706
706
706
706
706
705
705
705
705
705
705
705
705
704
704
704
704
704
704
704
704
704
703
703
703
703
703
703
703
703
703
703
703
703
703
703
703
703
702
702
702
702
702
702
702
702
702
701
701
701
701
701
701
701
701
701
701
701
700
700
700
700
700
700
700
700
700
700
699
699
699
699
699
699
698
698
698
698
698
698
698
698
698
698
698
698
698
698
698
698
698
697
697
697
697
697
696
696
696
696
696
696
696
696
695
695
695
695
695
695
695
695
695
695
695
695
695
695
694
694
694
694
693
693
693
693
693
693
693
693
693
693
693
692
692
692
692
692
692
692
692
692
692
692
691
691
691
691
691
691
691
691
691
691
691
691
690
690
690
690
690
690
690
690
690
690
689
689
689
689
689
689
689
689
688
688
688
688
688
688
688
688
688
688
687
687
687
687
687
687
687
687
686
686
686
686
686
686
686
686
686
686
685
685
685
685
685
685
685
684
684
684
684
684
684
684
684
684
684
683
683
683
683
683
683
683
683
683
683
683
683
682
682
682
682
682
682
682
682
681
681
681
681
681
681
681
681
681
681
681
681
681
681
680
680
680
680
680
680
680
680
680
680
680
680
680
680
680
680
680
679
679
679
679
679
679
679
679
679
679
679
678
678
678
678
678
678
678
678
678
678
678
678
678
678
678
678
678
677
677
677
677
677
677
677
676
676
676
676
676
676
676
676
676
676
676
676
676
676
675
675
675
675
675
675
675
675
675
675
675
675
674
674
674
674
674
674
674
674
674
673
673
673
673
673
673
673
673
672
672
672
672
672
672
672
672
672
672
672
672
671
671
671
671
671
671
671
671
671
671
671
670
670
670
670
670
670
670
670
670
670
670
670
670
669
669
669
669
669
669
669
669
669
669
669
669
669
669
669
669
668
668
668
668
668
668
668
668
668
668
668
668
667
667
667
667
667
667
667
667
667
667
667
667
667
667
667
667
667
666
666
666
666
666
666
666
666
666
666
666
666
666
666
666
666
665
665
665
665
665
665
665
665
665
665
665
665
665
665
665
665
665
664
664
664
664
664
664
664
664
664
663
663
663
663
663
663
663
663
663
662
662
662
662
662
662
662
662
662
662
661
661
661
661
661
661
661
661
661
661
660
660
660
660
660
660
660
659
659
659
659
659
659
659
659
659
659
659
659
659
658
658
658
658
658
658
658
658
658
658
658
657
657
657
657
657
657
657
657
657
657
657
657
656
656
656
656
656
656
656
656
656
656
656
656
656
656
656
655
655
655
655
655
655
655
655
655
655
655
655
655
655
654
654
654
654
654
654
654
654
654
654
654
654
654
653
653
653
653
653
653
653
653
653
653
653
653
652
652
652
652
652
652
652
652
652
652
652
652
652
652
651
651
651
651
651
651
651
651
651
651
651
651
651
651
651
650
650
650
650
650
650
649
649
649
649
649
649
649
649
649
649
649
649
649
648
648
648
648
648
648
648
648
648
648
647
647
647
647
647
647
647
647
646
646
646
646
646
646
646
646
646
646
646
646
646
646
646
646
646
645
645
645
645
645
645
645
645
645
645
645
645
645
645
645
644
644
644
644
644
644
644
644
644
644
643
643
643
643
643
643
643
643
643
643
643
643
643
643
643
642
642
642
642
642
642
642
642
641
641
641
641
641
641
641
641
641
640
640
640
640
640
640
640
640
640
639
639
639
639
639
639
639
639
639
639
639
639
639
638
638
638
638
638
638
638
638
638
638
638
638
638
638
638
637
637
637
637
637
637
637
637
637
637
637
637
637
637
637
637
637
637
637
637
637
637
637
636
636
636
636
636
636
636
636
636
636
635
635
635
635
635
635
634
634
634
634
634
634
634
634
634
634
634
634
633
633
633
633
633
633
633
633
633
632
632
632
632
632
632
632
632
632
631
631
631
631
631
631
631
631
631
631
631
631
631
630
630
630
630
630
630
630
630
630
630
630
630
630
630
630
630
630
630
629
629
629
629
629
629
629
629
629
629
629
629
629
628
628
628
628
628
628
628
628
628
628
628
628
628
628
627
627
627
627
627
627
627
627
627
627
627
627
627
626
626
626
626
626
626
626
626
626
626
626
626
626
626
626
626
625
625
625
625
625
625
625
625
625
625
625
625
625
625
625
625
625
625
625
625
625
624
624
624
624
624
624
624
624
624
624
624
624
624
623
623
623
623
623
623
623
623
623
623
623
623
623
623
623
622
622
622
622
622
622
622
622
622
622
622
621
621
621
621
621
621
621
621
621
621
621
621
621
621
621
621
621
621
621
621
621
621
620
620
620
620
620
620
620
620
620
620
620
620
619
619
619
619
619
619
619
619
619
619
619
619
619
619
619
619
618
618
618
618
618
618
618
618
618
618
618
618
617
617
617
617
617
617
617
617
616
616
616
616
616
616
616
616
616
616
616
615
615
615
615
615
615
615
615
615
615
615
615
615
615
615
615
614
614
614
614
614
614
614
614
614
614
614
614
614
614
614
614
613
613
613
613
613
613
613
613
613
613
613
613
613
612
612
612
612
612
612
612
612
612
612
612
612
612
612
612
611
611
611
611
611
611
611
611
610
610
610
610
610
610
610
610
610
610
610
610
610
610
610
610
610
610
610
610
610
610
610
610
610
610
610
610
609
609
609
609
609
609
609
609
609
609
608
608
608
608
608
608
608
608
608
608
607
607
607
607
607
607
607
607
607
607
607
607
607
607
607
607
607
607
607
607
607
607
607
607
607
606
606
606
606
606
606
606
606
606
606
606
606
606
606
606
606
605
605
605
605
605
605
605
605
605
605
605
605
605
605
605
605
605
604
604
604
604
604
604
604
604
604
604
604
604
604
604
604
604
603
603
603
603
603
603
603
603
603
603
603
602
602
602
602
602
602
602
602
602
602
602
602
602
602
602
601
601
601
601
601
601
601
601
601
601
600
600
600
600
600
600
600
600
600
600
600
600
600
600
600
600
599
599
599
599
599
599
599
599
598
598
598
598
598
598
598
598
598
598
598
597
597
597
597
597
597
597
597
597
597
597
597
597
596
596
596
596
596
596
596
596
596
596
596
596
596
596
596
596
596
596
596
596
596
596
595
595
595
595
595
595
595
595
595
595
595
595
595
595
595
595
595
595
595
594
594
594
594
594
594
594
594
594
594
594
594
594
594
594
594
594
594
594
594
594
594
594
594
593
593
593
593
593
593
593
593
593
593
593
593
592
592
592
592
592
592
592
592
592
592
592
592
592
592
592
591
591
591
591
591
591
591
591
591
591
591
591
591
591
591
591
591
591
591
590
590
590
590
590
590
590
590
590
590
590
590
590
590
590
589
589
589
589
589
589
589
589
589
589
589
589
589
589
589
589
589
589
589
589
589
589
589
588
588
588
588
588
588
588
588
588
588
588
588
588
588
588
587
587
587
587
587
587
587
587
587
587
587
587
587
587
587
587
587
586
586
586
586
586
586
586
586
586
586
586
586
586
586
586
586
586
586
586
586
586
586
586
586
586
586
586
586
586
585
585
585
585
585
585
585
585
585
585
585
585
585
585
585
585
585
585
585
585
585
584
584
584
584
584
584
584
584
584
584
584
584
584
584
584
584
584
584
584
584
584
584
583
583
583
583
583
583
583
583
583
583
583
583
583
583
583
583
583
583
583
583
583
583
583
583
583
583
582
582
582
582
582
582
582
582
582
582
582
582
582
582
582
582
582
582
582
582
582
582
582
582
582
582
582
581
581
581
581
581
581
581
581
581
581
581
581
581
581
581
581
581
581
581
581
581
581
581
581
581
581
581
581
581
581
580
580
580
580
580
580
580
580
580
580
580
580
580
580
580
580
580
580
580
580
579
579
579
579
579
579
579
579
579
579
579
579
579
579
578
578
578
578
578
578
578
578
578
578
578
578
578
578
578
577
577
577
577
577
577
577
577
577
577
577
577
577
577
577
577
577
577
577
577
577
577
577
577
577
577
576
576
576
576
576
576
576
576
576
576
576
576
576
576
575
575
575
575
575
575
575
575
575
575
575
575
574
574
574
574
574
574
574
574
574
574
574
574
574
574
574
574
574
574
574
574
573
573
573
573
573
573
573
573
573
573
573
573
573
572
572
572
572
572
572
572
572
572
572
572
572
571
571
571
571
571
571
571
571
571
571
571
571
571
571
571
571
571
571
571
571
571
571
571
571
570
570
570
570
570
570
570
570
570
570
570
570
570
570
570
570
570
570
570
570
570
570
570
569
569
569
569
569
569
569
569
569
569
569
569
569
569
569
569
569
568
568
568
568
568
568
568
568
568
568
568
568
568
568
568
568
568
568
568
568
568
568
568
568
568
567
567
567
567
567
567
567
567
567
567
567
567
567
567
567
567
566
566
566
566
566
566
566
566
566
566
566
566
566
566
566
566
566
566
565
565
565
565
565
565
565
564
564
564
564
564
564
564
564
564
564
564
564
564
564
564
563
563
563
563
563
563
563
563
563
563
563
563
563
563
563
563
563
563
563
562
562
562
562
562
562
562
562
562
562
562
562
562
562
562
562
562
562
562
562
562
562
561
561
561
561
561
561
561
561
561
561
561
561
561
561
561
561
560
560
560
560
560
560
560
560
560
560
560
560
560
560
560
560
560
560
560
559
559
559
559
559
559
559
559
559
559
559
559
559
559
559
559
559
559
559
559
559
559
559
558
558
558
558
558
558
558
558
558
558
558
558
558
558
557
557
557
557
557
557
557
557
557
557
557
556
556
556
556
556
556
556
556
556
556
556
556
556
556
556
556
556
555
555
555
555
555
555
555
555
555
555
555
555
555
555
555
555
555
555
555
554
554
554
554
554
554
554
554
554
554
554
554
554
554
554
554
553
553
553
553
553
553
553
553
553
553
553
553
553
553
553
553
553
552
552
552
552
552
552
552
552
552
552
552
552
552
552
552
552
551
551
551
551
551
551
551
551
551
551
551
551
550
550
550
550
550
550
550
550
550
550
550
550
550
550
550
550
550
550
550
550
550
549
549
549
549
549
549
549
549
549
549
549
549
549
549
549
549
549
549
549
549
549
549
549
549
549
548
548
548
548
548
548
548
548
548
548
548
548
548
548
548
548
548
548
548
548
548
548
547
547
547
547
547
547
547
547
547
547
547
547
547
547
547
547
547
547
547
547
547
547
546
546
546
546
546
546
546
546
546
546
546
546
546
546
546
546
546
546
546
546
546
546
546
546
546
546
545
545
545
545
545
545
545
545
545
545
545
545
545
545
545
545
545
545
545
545
545
544
544
544
544
544
544
544
544
544
544
544
544
544
544
543
543
543
543
543
543
543
543
543
543
543
543
543
543
543
543
543
543
543
543
542
542
542
542
542
542
542
542
542
542
542
542
542
542
542
542
542
542
542
542
542
542
542
542
542
542
542
541
541
541
541
541
541
541
541
541
541
541
541
541
541
541
541
541
541
541
541
541
541
540
540
540
540
540
540
540
540
540
540
540
540
540
540
540
540
540
540
540
539
539
539
539
539
539
539
539
539
539
539
539
538
538
538
538
538
538
538
538
538
538
538
538
538
538
538
538
538
538
538
538
538
538
538
538
538
538
538
537
537
537
537
537
537
537
537
537
537
537
537
537
537
537
537
537
537
536
536
536
536
536
536
536
536
536
536
536
536
536
536
536
536
536
536
536
536
536
536
536
536
536
536
535
535
535
535
535
535
535
535
535
535
535
535
535
535
535
535
535
535
535
535
535
535
535
535
535
535
534
534
534
534
534
534
534
534
534
534
534
534
534
533
533
533
533
533
533
533
533
533
533
533
533
533
533
533
533
533
533
533
533
533
533
533
533
533
533
533
532
532
532
532
532
532
532
532
532
532
532
532
532
532
532
532
531
531
531
531
531
531
531
531
531
531
531
531
531
531
531
531
531
531
531
531
531
531
531
530
530
530
530
530
530
530
530
530
530
530
530
530
530
529
529
529
529
529
529
529
529
529
529
529
529
529
529
529
529
529
529
529
529
529
529
528
528
528
528
528
528
528
528
528
528
528
528
528
528
528
528
528
528
528
527
527
527
527
527
527
527
527
527
527
527
527
527
527
527
527
527
527
527
527
527
527
527
526
526
526
526
526
526
526
526
526
526
526
526
526
526
526
526
526
526
526
526
526
526
526
526
525
525
525
525
525
525
525
525
525
525
525
525
525
525
525
525
525
525
525
525
525
525
525
525
525
525
525
524
524
524
524
524
524
524
524
524
524
524
524
524
524
524
524
524
523
523
523
523
523
523
523
523
523
523
523
523
523
522
522
522
522
522
522
522
522
522
522
522
522
522
522
522
522
522
522
522
522
522
522
522
522
522
521
521
521
521
521
521
521
521
521
521
521
521
521
521
521
521
521
521
521
521
521
521
521
520
520
520
520
520
520
520
520
520
520
520
520
520
520
520
520
520
520
520
520
520
520
520
520
520
520
519
519
519
519
519
519
519
519
519
519
519
519
519
519
519
519
519
519
519
519
519
519
519
519
519
518
518
518
518
518
518
518
518
518
518
518
518
518
518
518
518
518
518
518
518
518
517
517
517
517
517
517
517
517
517
517
517
517
517
517
517
517
517
517
517
517
517
517
517
517
517
517
516
516
516
516
516
516
516
516
516
516
516
516
516
516
516
516
516
516
516
516
516
516
515
515
515
515
515
515
515
515
515
515
515
515
515
515
515
515
515
515
515
515
515
515
515
515
515
515
515
515
515
515
514
514
514
514
514
514
514
514
514
514
514
514
514
514
514
514
514
514
514
514
514
514
514
514
513
513
513
513
513
513
513
513
513
513
513
513
513
512
512
512
512
512
512
512
512
512
512
512
512
512
512
512
512
512
512
512
512
512
512
512
512
512
512
512
512
512
512
512
512
512
512
512
512
511
511
511
511
511
511
511
511
511
511
511
511
511
511
511
511
511
511
511
511
511
511
511
511
511
511
511
511
510
510
510
510
510
510
510
510
510
510
510
510
510
510
510
510
510
510
510
510
510
510
510
510
510
510
510
510
509
509
509
509
509
509
509
509
509
509
509
509
509
509
509
509
509
509
509
509
509
509
509
509
509
509
509
509
509
509
509
508
508
508
508
508
508
508
508
508
508
508
508
508
508
508
508
507
507
507
507
507
507
507
507
507
507
507
507
507
507
507
507
507
507
507
506
506
506
506
506
506
506
506
506
506
506
506
506
506
506
506
506
506
506
506
506
506
506
506
506
506
505
505
505
505
505
505
505
505
505
505
505
505
505
505
505
505
505
505
505
505
505
505
505
505
505
505
505
504
504
504
504
504
504
504
504
504
504
504
504
504
504
504
504
504
504
503
503
503
503
503
503
503
503
503
503
503
503
503
503
503
503
503
503
503
503
503
503
502
502
502
502
502
502
502
502
502
502
502
502
502
502
502
502
502
502
502
502
502
502
502
502
502
502
502
502
502
502
502
502
501
501
501
501
501
501
501
501
501
501
501
501
501
501
501
501
501
501
501
501
501
501
501
501
500
500
500
500
500
500
500
500
500
500
500
500
500
500
500
500
500
500
499
499
499
499
499
499
499
499
499
499
499
499
499
499
499
499
499
499
499
499
499
499
499
499
498
498
498
498
498
498
498
498
498
498
498
498
498
498
498
498
498
498
498
498
498
498
498
498
498
498
498
498
498
498
498
498
498
498
498
498
497
497
497
497
497
497
497
497
497
497
497
497
497
497
497
497
497
497
497
497
497
497
497
497
496
496
496
496
496
496
496
496
496
496
496
496
496
496
496
496
496
496
496
496
496
496
496
496
496
495
495
495
495
495
495
495
495
495
495
495
495
495
495
495
495
495
495
495
495
494
494
494
494
494
494
494
494
494
494
494
494
494
494
494
494
494
494
494
494
494
494
494
494
494
494
494
494
494
494
494
494
494
493
493
493
493
493
493
493
493
493
493
493
493
493
493
493
493
493
493
493
493
493
493
493
493
492
492
492
492
492
492
492
492
492
492
492
492
492
492
492
492
492
492
492
492
492
492
492
492
492
492
492
492
492
492
492
492
491
491
491
491
491
491
491
491
491
491
491
491
491
491
491
491
491
491
491
491
491
491
491
491
491
491
491
491
491
490
490
490
490
490
490
490
490
490
490
490
490
490
490
490
490
490
490
490
489
489
489
489
489
489
489
489
489
489
489
489
489
489
489
489
489
489
489
489
489
489
488
488
488
488
488
488
488
488
488
488
488
488
488
488
488
488
488
488
488
488
488
488
488
488
488
488
488
488
487
487
487
487
487
487
487
487
487
487
487
487
487
487
487
487
487
487
487
487
486
486
486
486
486
486
486
486
486
486
486
486
486
486
486
486
486
486
486
486
486
486
486
486
486
485
485
485
485
485
485
485
485
485
485
485
485
485
485
485
485
485
485
485
485
485
485
485
485
485
485
485
485
484
484
484
484
484
484
484
484
484
484
484
484
484
484
484
484
484
484
484
484
484
484
484
484
484
484
484
484
484
484
484
483
483
483
483
483
483
483
483
483
483
483
483
483
483
483
483
483
483
483
483
483
483
483
482
482
482
482
482
482
482
482
482
482
482
482
482
482
482
482
482
482
482
482
482
482
482
482
482
482
482
482
482
482
482
481
481
481
481
481
481
481
481
481
481
481
481
481
481
481
481
481
481
481
481
481
481
481
481
481
481
481
481
481
481
480
480
480
480
480
480
480
480
480
480
480
480
480
480
480
480
480
480
480
480
480
480
480
480
480
479
479
479
479
479
479
479
479
479
479
479
479
479
479
479
479
479
479
479
479
479
479
479
479
479
479
479
478
478
478
478
478
478
478
478
478
478
478
478
478
478
478
478
478
478
478
478
478
478
478
478
478
478
478
478
478
477
477
477
477
477
477
477
477
477
477
477
477
477
477
477
477
477
476
476
476
476
476
476
476
476
476
476
476
476
476
476
476
476
476
476
476
475
475
475
475
475
475
475
475
475
475
475
475
475
475
475
475
475
475
475
475
475
475
474
474
474
474
474
474
474
474
474
474
474
474
474
474
474
474
474
474
474
474
473
473
473
473
473
473
473
473
473
473
473
473
473
473
473
473
473
473
473
473
473
473
473
472
472
472
472
472
472
472
472
472
472
472
472
472
472
472
472
472
472
472
472
472
472
472
472
472
472
472
471
471
471
471
471
471
471
471
471
471
471
471
471
471
471
471
471
471
471
471
471
471
471
470
470
470
470
470
470
470
470
470
470
470
470
470
470
470
470
470
470
470
470
470
470
470
470
470
470
470
470
470
470
470
469
469
469
469
469
469
469
469
469
469
469
469
469
469
469
469
469
469
469
469
469
469
469
469
469
469
469
469
469
469
469
468
468
468
468
468
468
468
468
468
468
468
468
468
468
468
468
468
468
468
468
468
468
468
468
468
468
468
468
468
468
468
467
467
467
467
467
467
467
467
467
467
467
467
467
467
467
467
467
467
467
467
467
467
467
467
467
467
466
466
466
466
466
466
466
466
466
466
466
466
466
466
466
466
466
466
466
466
466
466
466
466
466
465
465
465
465
465
465
465
465
465
465
465
465
465
465
465
465
465
465
465
465
465
465
465
465
465
465
465
465
464
464
464
464
464
464
464
464
464
464
464
464
464
464
463
463
463
463
463
463
463
463
463
463
463
463
463
463
463
463
463
463
463
463
463
463
463
463
463
463
463
463
463
463
463
462
462
462
462
462
462
462
462
462
462
462
462
462
462
462
462
462
462
462
462
462
462
461
461
461
461
461
461
461
461
461
461
461
461
461
461
461
461
461
461
461
461
461
461
461
461
461
461
461
461
461
461
461
460
460
460
460
460
460
460
460
460
460
460
460
460
460
460
460
460
460
460
460
460
459
459
459
459
459
459
459
459
459
459
459
459
459
459
459
459
459
459
459
459
459
459
459
459
459
459
459
459
459
459
458
458
458
458
458
458
458
458
458
458
458
458
458
458
458
458
458
458
458
458
458
458
458
458
458
458
458
458
458
458
458
458
458
458
458
458
458
458
458
458
458
458
458
457
457
457
457
457
457
457
457
457
457
457
457
457
457
457
457
457
457
457
457
457
457
457
457
457
457
457
457
457
457
456
456
456
456
456
456
456
456
456
456
456
456
456
456
456
456
456
456
456
456
456
456
455
455
455
455
455
455
455
455
455
455
455
455
455
455
455
455
455
455
455
455
455
455
455
455
455
455
455
455
455
455
455
455
455
455
455
455
455
454
454
454
454
454
454
454
454
454
454
454
454
454
454
454
454
454
454
454
454
454
454
454
454
454
454
454
454
454
454
454
454
454
454
454
454
454
454
453
453
453
453
453
453
453
453
453
453
453
453
453
453
453
453
453
453
453
453
453
453
453
453
453
453
453
453
453
453
452
452
452
452
452
452
452
452
452
452
452
452
452
452
452
452
452
452
452
452
452
452
452
452
452
451
451
451
451
451
451
451
451
451
451
451
451
451
451
451
451
451
451
451
451
451
451
451
451
451
451
451
451
451
451
451
451
451
451
451
451
451
450
450
450
450
450
450
450
450
450
450
450
450
450
450
450
450
450
450
450
450
450
449
449
449
449
449
449
449
449
449
449
449
449
449
449
449
449
449
449
449
449
449
449
449
449
449
449
449
449
449
449
449
449
449
449
448
448
448
448
448
448
448
448
448
448
448
448
448
448
448
448
448
448
448
448
448
448
448
448
448
448
448
448
448
447
447
447
447
447
447
447
447
447
447
447
447
447
447
447
447
447
447
447
447
446
446
446
446
446
446
446
446
446
446
446
446
446
446
446
446
446
446
446
446
446
446
446
446
446
446
446
446
446
446
446
446
446
445
445
445
445
445
445
445
445
445
445
445
445
445
445
445
445
445
445
445
445
445
445
445
445
445
445
445
445
445
445
445
445
445
444
444
444
444
444
444
444
444
444
444
444
444
444
444
444
444
444
444
444
444
444
444
444
444
444
444
444
444
444
444
444
444
444
444
444
444
443
443
443
443
443
443
443
443
443
443
443
443
443
443
443
443
443
443
443
443
443
443
443
443
443
443
443
443
442
442
442
442
442
442
442
442
442
442
442
442
442
442
442
442
442
442
442
442
442
442
442
442
442
442
442
442
442
442
442
442
442
442
442
442
442
442
442
442
442
442
442
441
441
441
441
441
441
441
441
441
441
441
441
441
441
441
441
441
441
441
441
441
441
441
441
441
441
441
441
441
441
441
441
441
441
441
441
440
440
440
440
440
440
440
440
440
440
440
440
440
440
440
440
440
440
440
440
440
440
440
440
440
440
440
440
440
440
439
439
439
439
439
439
439
439
439
439
439
439
439
439
439
439
439
439
439
439
439
439
439
439
439
439
439
439
439
439
439
439
439
439
438
438
438
438
438
438
438
438
438
438
438
438
438
438
438
438
438
438
438
438
438
438
438
438
438
438
438
438
438
438
438
438
438
438
438
438
437
437
437
437
437
437
437
437
437
437
437
437
437
437
437
437
437
437
437
437
437
437
437
437
437
437
437
437
437
437
437
436
436
436
436
436
436
436
436
436
436
436
436
436
436
436
436
436
436
436
436
436
436
436
436
436
436
436
436
436
436
436
436
436
436
436
436
436
435
435
435
435
435
435
435
435
435
435
435
435
435
435
435
435
435
435
435
435
435
435
435
435
435
435
435
435
435
435
435
435
435
435
435
435
435
435
435
435
434
434
434
434
434
434
434
434
434
434
434
434
434
434
434
434
434
434
434
434
434
434
434
434
434
434
434
434
434
434
434
434
434
434
433
433
433
433
433
433
433
433
433
433
433
433
433
433
433
433
433
433
433
433
433
433
433
433
433
433
433
433
433
433
433
433
433
433
433
433
433
433
433
432
432
432
432
432
432
432
432
432
432
432
432
432
432
432
432
432
432
432
432
432
432
432
432
432
431
431
431
431
431
431
431
431
431
431
431
431
431
431
431
431
431
431
431
431
431
431
431
431
431
431
431
431
431
431
431
431
430
430
430
430
430
430
430
430
430
430
430
430
430
430
430
430
430
430
430
430
430
430
430
430
430
430
430
430
430
430
430
429
429
429
429
429
429
429
429
429
429
429
429
429
429
429
429
429
429
429
429
429
429
429
429
429
429
429
429
429
429
429
429
429
429
429
428
428
428
428
428
428
428
428
428
428
428
428
428
428
428
428
428
428
428
428
428
428
428
428
428
428
428
428
428
428
428
428
428
428
428
428
427
427
427
427
427
427
427
427
427
427
427
427
427
427
427
427
427
427
427
427
427
427
427
427
427
427
427
427
427
427
426
426
426
426
426
426
426
426
426
426
426
426
426
426
426
426
426
426
426
426
426
426
426
426
426
426
426
425
425
425
425
425
425
425
425
425
425
425
425
425
425
425
425
425
425
425
425
425
425
425
425
425
425
425
425
425
425
425
424
424
424
424
424
424
424
424
424
424
424
424
424
424
424
424
424
424
424
424
424
424
424
424
424
424
424
424
424
424
424
424
423
423
423
423
423
423
423
423
423
423
423
423
423
423
423
423
423
423
423
423
423
423
423
423
423
423
423
423
423
423
423
423
422
422
422
422
422
422
422
422
422
422
422
422
422
422
422
422
422
422
422
422
422
422
422
422
422
422
422
422
422
422
421
421
421
421
421
421
421
421
421
421
421
421
421
421
421
421
421
421
421
421
421
421
421
421
421
421
421
421
421
421
420
420
420
420
420
420
420
420
420
420
420
420
420
420
420
420
420
420
420
420
420
420
420
420
420
420
420
420
420
420
420
420
420
420
419
419
419
419
419
419
419
419
419
419
419
419
419
419
419
419
419
419
419
419
419
419
419
419
419
419
419
419
419
419
419
419
419
419
419
419
419
418
418
418
418
418
418
418
418
418
418
418
418
418
418
418
418
418
418
418
418
418
418
418
418
418
418
418
418
418
418
418
418
418
418
418
418
417
417
417
417
417
417
417
417
417
417
417
417
417
417
417
417
417
417
417
417
417
417
417
417
417
417
417
417
417
417
417
417
417
417
417
417
417
416
416
416
416
416
416
416
416
416
416
416
416
416
416
416
416
416
416
416
416
416
416
416
416
416
415
415
415
415
415
415
415
415
415
415
415
415
415
415
415
415
415
415
415
415
415
415
415
415
415
415
414
414
414
414
414
414
414
414
414
414
414
414
414
414
414
414
414
414
414
414
414
414
414
414
414
414
414
414
414
414
414
414
414
414
414
414
414
414
414
414
413
413
413
413
413
413
413
413
413
413
413
413
413
413
413
413
413
413
413
413
413
413
413
413
413
413
413
413
413
413
412
412
412
412
412
412
412
412
412
412
412
412
412
412
412
412
412
412
412
412
412
412
412
412
412
412
412
412
412
412
412
411
411
411
411
411
411
411
411
411
411
411
411
411
411
411
411
411
411
411
411
411
411
410
410
410
410
410
410
410
410
410
410
410
410
410
410
410
410
410
410
410
410
410
410
410
410
410
410
410
410
410
410
410
410
410
410
410
410
409
409
409
409
409
409
409
409
409
409
409
409
409
409
409
409
409
409
409
409
409
409
409
409
409
409
409
409
409
409
408
408
408
408
408
408
408
408
408
408
408
408
408
408
408
408
408
408
408
408
408
408
408
408
408
408
408
408
407
407
407
407
407
407
407
407
407
407
407
407
407
407
407
407
407
407
407
407
407
407
407
407
407
407
407
407
407
407
407
407
407
407
407
407
407
407
407
407
406
406
406
406
406
406
406
406
406
406
406
406
406
406
406
406
406
406
406
406
406
406
406
406
406
406
406
406
406
406
406
405
405
405
405
405
405
405
405
405
405
405
405
405
405
405
405
405
405
405
405
405
405
405
405
405
405
405
405
405
405
405
405
405
405
405
405
405
405
405
405
405
404
404
404
404
404
404
404
404
404
404
404
404
404
404
404
404
404
404
404
404
404
404
404
404
404
404
404
404
404
404
404
404
404
404
404
404
404
404
404
404
404
404
404
404
404
404
403
403
403
403
403
403
403
403
403
403
403
403
403
403
403
403
403
403
403
403
403
403
403
403
403
403
403
403
403
403
403
403
403
403
403
403
403
403
403
403
403
403
402
402
402
402
402
402
402
402
402
402
402
402
402
402
402
402
402
402
402
402
402
402
402
402
402
402
402
402
402
402
402
402
402
402
402
402
402
402
402
401
401
401
401
401
401
401
401
401
401
401
401
401
401
401
401
401
401
401
401
401
401
401
401
401
401
401
401
400
400
400
400
400
400
400
400
400
400
400
400
400
400
400
400
400
400
400
400
400
400
400
400
400
400
400
400
400
400
400
400
400
400
400
399
399
399
399
399
399
399
399
399
399
399
399
399
399
399
399
399
399
399
399
399
399
399
399
399
399
399
399
399
399
399
399
399
399
399
399
399
399
399
399
399
399
399
398
398
398
398
398
398
398
398
398
398
398
398
398
398
398
398
398
398
398
398
398
398
398
398
398
398
398
398
398
398
398
398
398
398
398
398
398
398
397
397
397
397
397
397
397
397
397
397
397
397
397
397
397
397
397
397
397
397
397
397
397
397
397
397
397
397
397
397
396
396
396
396
396
396
396
396
396
396
396
396
396
396
396
396
396
396
396
396
396
396
396
396
396
396
396
396
395
395
395
395
395
395
395
395
395
395
395
395
395
395
395
395
395
395
395
395
395
395
395
395
395
395
395
395
395
395
395
395
395
395
395
395
395
395
394
394
394
394
394
394
394
394
394
394
394
394
394
394
394
394
394
394
394
394
394
394
394
394
394
394
394
394
394
393
393
393
393
393
393
393
393
393
393
393
393
393
393
393
393
393
393
393
393
393
393
393
393
393
393
393
393
393
393
393
393
393
393
393
393
393
393
392
392
392
392
392
392
392
392
392
392
392
392
392
392
392
392
392
392
392
392
392
392
392
392
392
392
392
392
392
392
392
391
391
391
391
391
391
391
391
391
391
391
391
391
391
391
391
391
391
391
391
391
391
391
391
391
391
391
391
390
390
390
390
390
390
390
390
390
390
390
390
390
390
390
390
390
390
390
390
390
390
390
390
390
390
390
390
390
390
390
390
390
389
389
389
389
389
389
389
389
389
389
389
389
389
389
389
389
389
389
389
389
389
389
389
389
389
389
389
389
389
389
389
389
389
389
389
389
388
388
388
388
388
388
388
388
388
388
388
388
388
388
388
388
388
388
388
388
388
388
388
388
388
388
388
388
388
388
388
388
388
388
388
388
387
387
387
387
387
387
387
387
387
387
387
387
387
387
387
387
387
387
387
387
387
387
387
387
387
387
387
386
386
386
386
386
386
386
386
386
386
386
386
386
386
386
386
386
386
386
386
386
386
386
386
386
386
386
386
386
386
386
386
386
386
386
385
385
385
385
385
385
385
385
385
385
385
385
385
385
385
385
385
385
385
385
385
385
385
385
385
385
385
385
385
385
385
385
385
385
385
385
385
385
385
385
384
384
384
384
384
384
384
384
384
384
384
384
384
384
384
384
384
384
384
384
384
384
384
384
384
384
384
384
384
384
384
384
384
384
384
384
384
383
383
383
383
383
383
383
383
383
383
383
383
383
383
383
383
383
383
383
383
383
383
383
383
383
383
382
382
382
382
382
382
382
382
382
382
382
382
382
382
382
382
382
381
381
381
381
381
381
381
381
381
381
381
381
381
381
381
381
381
381
381
381
381
381
381
381
381
380
380
380
380
380
380
380
380
380
380
380
380
380
380
380
380
380
380
380
380
380
380
380
380
380
380
380
379
379
379
379
379
379
379
379
379
379
379
379
379
379
379
379
379
379
379
379
379
379
379
378
378
378
378
378
378
378
378
378
378
378
378
378
378
378
378
378
378
377
377
377
377
377
377
377
377
377
377
377
377
377
377
377
376
376
376
376
376
376
376
376
376
376
376
375
375
375
375
375
375
375
375
375
375
375
375
375
375
375
375
375
375
375
374
374
374
374
374
374
374
374
374
374
374
374
374
374
374
374
374
374
374
373
373
373
373
373
373
373
373
373
373
373
372
372
372
372
372
372
372
371
371
371
371
371
371
371
371
371
370
370
370
370
370
370
370
370
370
370
370
370
369
369
369
369
369
369
369
369
369
369
369
369
369
369
369
368
368
368
368
368
368
368
367
367
367
367
367
367
367
367
367
366
366
366
366
366
366
366
366
366
366
366
366
366
365
365
365
365
365
365
365
365
365
365
365
365
364
364
364
364
364
364
364
363
363
363
363
363
363
363
362
362
362
362
362
362
362
362
362
362
362
362
361
361
361
361
361
361
360
360
360
360
360
359
359
359
359
359
359
359
359
359
359
359
359
358
358
357
357
357
357
357
356
356
356
356
356
356
356
355
355
355
354
354
354
354
353
353
353
353
352
352
352
352
351
351
351
351
350
350
350
350
349
349
349
349
349
348
348
348
348
347
346
346
346
346
346
345
345
345
345
345
344
344
343
343
341
341
341
340
340
340
339
339
339
339
339
338
338
337
337
336
336
336
336
335
335
334
334
333
333
333
333
332
330
330
330
329
329
329
329
328
328
328
328
327
326
325
324
322
322
321
321
321
321
319
316
316
312
310
309
307
304
302
302
299
280
272
265
247
223
218
212
206
197
195
194
184
170
156
154
153
146
142
139
138
137
135
128
