8155
7612
7593
7507
7440
7379
7244
7190
7069
7028
6995
6993
6989
6941
6889
6888
6885
6883
6882
6881
6872
6866
6847
6846
6832
6821
6809
6779
6759
6729
6694
6694
6678
6667
6660
6651
6649
6641
6640
6636
6616
6608
6603
6603
6601
6589
6575
6564
6560
6558
6558
6529
6520
6483
6480
6466
6456
6439
6412
6408
6403
6403
6400
6392
6384
6375
6372
6369
6367
6367
6323
6315
6312
6312
6311
6310
6303
6301
6294
6268
6265
6264
6264
6262
6254
6249
6239
6238
6237
6235
6234
6222
6219
6218
6215
6208
6206
6186
6185
6185
6182
6176
6175
6162
6149
6146
6141
6137
6131
6124
6118
6113
6110
6105
6069
6067
6066
6057
6055
6054
6046
6040
6035
6034
6029
6026
6016
6013
6013
6006
6001
5995
5986
5982
5979
5963
5956
5952
5951
5935
5935
5932
5925
5915
5913
5911
5902
5900
5897
5895
5891
5888
5886
5880
5872
5869
5867
5861
5855
5848
5848
5846
5841
5837
5833
5826
5825
5816
5813
5805
5805
5800
5798
5798
5785
5785
5785
5774
5772
5767
5755
5755
5755
5751
5749
5748
5747
5740
5735
5731
5730
5723
5715
5714
5713
5711
5699
5698
5695
5689
5683
5682
5679
5678
5665
5662
5659
5659
5657
5656
5654
5652
5651
5650
5644
5638
5635
5631
5631
5629
5629
5626
5623
5619
5614
5613
5608
5608
5606
5606
5605
5604
5603
5602
5599
5592
5584
5583
5581
5579
5575
5573
5571
5571
5569
5564
5552
5545
5545
5544
5543
5540
5538
5536
5534
5532
5529
5528
5523
5522
5521
5521
5519
5518
5517
5507
5505
5504
5503
5500
5500
5498
5498
5492
5486
5483
5483
5481
5480
5472
5469
5466
5459
5455
5454
5452
5450
5448
5447
5446
5445
5444
5440
5438
5437
5433
5432
5429
5419
5418
5416
5398
5394
5392
5382
5381
5379
5378
5376
5370
5367
5366
5365
5362
5360
5356
5343
5338
5334
5326
5324
5322
5319
5314
5312
5309
5309
5307
5303
5303
5300
5299
5299
5297
5294
5293
5292
5289
5284
5284
5281
5278
5276
5276
5276
5275
5275
5275
5275
5270
5264
5263
5262
5260
5258
5258
5257
5256
5251
5250
5250
5249
5248
5243
5241
5239
5239
5238
5235
5234
5234
5231
5228
5227
5225
5222
5222
5220
5217
5216
5216
5207
5205
5204
5202
5200
5199
5197
5197
5195
5193
5191
5189
5188
5186
5184
5183
5182
5181
5179
5179
5175
5173
5173
5165
5160
5157
5156
5155
5152
5151
5146
5145
5143
5141
5139
5138
5130
5128
5126
5126
5113
5112
5109
5107
5107
5105
5105
5105
5103
5102
5102
5102
5097
5094
5090
5089
5087
5080
5080
5077
5074
5066
5064
5063
5060
5060
5059
5058
5058
5057
5054
5054
5053
5048
5047
5045
5039
5034
5031
5029
5028
5027
5026
5024
5024
5022
5021
5013
5008
5005
5004
5000
4995
4993
4991
4990
4990
4988
4988
4986
4985
4979
4979
4979
4977
4973
4973
4972
4967
4966
4966
4966
4965
4965
4964
4954
4954
4954
4951
4950
4949
4943
4939
4938
4932
4924
4922
4921
4917
4916
4915
4911
4908
4908
4904
4904
4904
4898
4896
4894
4892
4889
4887
4886
4885
4883
4881
4880
4879
4876
4876
4874
4873
4873
4870
4869
4864
4864
4863
4859
4855
4854
4853
4848
4845
4839
4838
4836
4836
4835
4828
4827
4825
4819
4818
4817
4814
4812
4812
4809
4808
4807
4806
4805
4804
4801
4801
4801
4801
4800
4800
4797
4794
4792
4791
4790
4789
4788
4787
4786
4785
4781
4781
4781
4779
4778
4773
4773
4773
4770
4770
4767
4766
4765
4764
4764
4762
4761
4759
4759
4757
4756
4754
4752
4752
4752
4752
4751
4750
4750
4748
4746
4746
4743
4740
4740
4739
4739
4735
4733
4733
4733
4733
4728
4726
4722
4720
4718
4718
4717
4713
4704
4703
4702
4701
4699
4699
4698
4698
4696
4692
4692
4690
4689
4683
4682
4680
4678
4678
4675
4672
4672
4672
4672
4672
4671
4668
4668
4665
4661
4659
4659
4656
4654
4653
4652
4652
4651
4651
4650
4646
4644
4643
4641
4639
4638
4634
4633
4631
4630
4627
4622
4621
4621
4621
4620
4619
4618
4616
4613
4610
4602
4601
4600
4599
4598
4597
4596
4595
4595
4594
4593
4593
4592
4592
4591
4591
4590
4589
4589
4588
4588
4584
4583
4582
4582
4582
4582
4581
4580
4580
4579
4578
4578
4572
4569
4567
4567
4566
4565
4565
4563
4561
4561
4560
4560
4555
4551
4551
4551
4547
4540
4537
4537
4536
4536
4534
4530
4529
4529
4528
4527
4526
4526
4522
4520
4520
4520
4519
4518
4515
4515
4513
4513
4513
4506
4504
4504
4503
4503
4500
4499
4499
4496
4491
4489
4486
4484
4482
4481
4478
4477
4477
4477
4471
4469
4466
4465
4465
4463
4462
4462
4455
4455
4453
4452
4450
4447
4447
4446
4445
4445
4442
4442
4441
4440
4439
4437
4436
4432
4432
4431
4431
4431
4430
4428
4428
4427
4426
4425
4425
4424
4423
4422
4421
4420
4419
4418
4417
4417
4417
4415
4412
4411
4411
4409
4407
4407
4407
4406
4405
4404
4404
4403
4402
4401
4401
4394
4394
4392
4391
4390
4385
4385
4384
4384
4384
4382
4382
4381
4380
4379
4378
4378
4376
4376
4374
4374
4374
4373
4372
4370
4368
4365
4364
4360
4357
4354
4354
4353
4352
4352
4352
4350
4349
4349
4348
4346
4345
4345
4342
4340
4337
4336
4336
4336
4335
4332
4330
4329
4327
4326
4321
4320
4320
4316
4316
4314
4314
4314
4313
4313
4310
4308
4307
4305
4305
4303
4300
4295
4292
4291
4290
4289
4289
4287
4286
4285
4283
4282
4280
4278
4275
4274
4273
4272
4272
4272
4270
4269
4268
4267
4265
4265
4264
4264
4261
4261
4257
4255
4255
4254
4254
4252
4252
4249
4246
4246
4245
4245
4244
4243
4241
4238
4237
4232
4228
4227
4227
4226
4225
4220
4219
4216
4215
4213
4212
4208
4208
4205
4205
4205
4204
4203
4202
4201
4200
4190
4189
4185
4183
4181
4178
4178
4175
4171
4166
4166
4153
4152
4149
4149
4145
4142
4141
4139
4138
4138
4138
4135
4134
4132
4129
4129
4128
4128
4127
4125
4124
4121
4120
4119
4119
4114
4114
4113
4113
4111
4107
4106
4103
4102
4102
4102
4101
4100
4097
4092
4092
4087
4087
4085
4082
4078
4076
4074
4073
4072
4072
4070
4068
4065
4065
4064
4063
4062
4059
4058
4056
4054
4051
4050
4050
4047
4047
4046
4045
4044
4041
4040
4039
4038
4038
4037
4037
4037
4036
4036
4035
4035
4032
4024
4023
4021
4020
4017
4016
4013
4013
4013
4012
4011
4009
4007
4003
4002
3999
3999
3999
3997
3997
3992
3992
3989
3989
3987
3986
3984
3984
3983
3982
3982
3982
3976
3975
3975
3973
3971
3971
3970
3964
3963
3957
3956
3956
3955
3954
3953
3951
3951
3951
3950
3948
3946
3946
3946
3944
3944
3943
3942
3937
3936
3936
3931
3929
3924
3923
3923
3922
3922
3920
3918
3917
3913
3913
3912
3911
3908
3908
3908
3908
3906
3906
3903
3902
3901
3901
3894
3894
3891
3887
3885
3884
3882
3881
3878
3878
3878
3877
3877
3874
3873
3872
3871
3870
3868
3868
3866
3864
3863
3862
3860
3860
3855
3852
3849
3849
3848
3848
3846
3834
3832
3831
3826
3826
3825
3825
3823
3822
3822
3822
3817
3816
3816
3816
3814
3813
3810
3809
3807
3807
3803
3802
3799
3797
3797
3796
3795
3795
3794
3794
3794
3793
3792
3792
3791
3788
3787
3784
3783
3781
3779
3778
3772
3771
3769
3768
3762
3759
3758
3757
3757
3755
3754
3754
3752
3746
3746
3744
3741
3739
3738
3736
3735
3734
3729
3727
3727
3718
3718
3716
3716
3713
3713
3712
3711
3709
3709
3708
3707
3705
3704
3703
3702
3701
3698
3698
3696
3692
3690
3688
3688
3687
3687
3685
3685
3683
3682
3682
3682
3680
3677
3676
3673
3671
3661
3660
3657
3657
3657
3655
3652
3650
3650
3650
3647
3647
3643
3642
3639
3632
3624
3624
3623
3621
3617
3617
3616
3614
3613
3613
3612
3612
3612
3611
3607
3605
3604
3603
3596
3593
3588
3587
3585
3580
3579
3579
3575
3575
3572
3570
3567
3566
3565
3562
3561
3551
3551
3549
3549
3549
3545
3542
3542
3540
3539
3536
3536
3535
3533
3529
3529
3527
3522
3515
3508
3503
3500
3499
3498
3495
3495
3494
3485
3483
3479
3479
3477
3473
3471
3471
3468
3468
3467
3465
3464
3460
3460
3459
3458
3456
3456
3455
3455
3452
3451
3448
3447
3445
3437
3432
3429
3428
3428
3426
3421
3420
3416
3416
3416
3415
3408
3407
3398
3398
3397
3396
3395
3394
3393
3393
3392
3389
3389
3388
3386
3379
3375
3373
3373
3368
3365
3362
3362
3360
3357
3356
3355
3353
3353
3350
3345
3342
3339
3339
3336
3336
3334
3334
3333
3331
3330
3328
3325
3320
3319
3312
3311
3309
3306
3304
3302
3301
3296
3291
3291
3290
3287
3287
3285
3284
3283
3281
3280
3278
3277
3274
3269
3268
3267
3265
3263
3263
3262
3261
3261
3260
3258
3258
3251
3246
3242
3239
3237
3236
3233
3231
3229
3228
3224
3221
3218
3217
3215
3214
3212
3210
3210
3209
3208
3207
3204
3203
3202
3201
3200
3200
3196
3186
3184
3182
3180
3176
3170
3169
3163
3161
3158
3156
3155
3153
3153
3149
3147
3146
3144
3140
3130
3129
3129
3128
3128
3128
3125
3120
3113
3110
3106
3106
3106
3102
3099
3099
3096
3095
3094
3092
3092
3091
3091
3090
3086
3083
3079
3079
3079
3078
3077
3076
3076
3076
3074
3071
3070
3068
3065
3064
3062
3059
3058
3053
3051
3049
3048
3046
3042
3040
3039
3033
3032
3032
3030
3028
3024
3009
3005
3003
3001
2999
2999
2998
2997
2997
2995
2990
2987
2983
2979
2977
2975
2975
2975
2970
2967
2962
2961
2960
2959
2957
2957
2957
2956
2956
2956
2942
2938
2937
2936
2930
2929
2929
2928
2928
2925
2924
2916
2916
2914
2914
2912
2912
2908
2908
2905
2905
2905
2905
2902
2901
2899
2898
2898
2897
2893
2891
2890
2889
2888
2886
2885
2882
2881
2875
2874
2874
2871
2870
2867
2865
2860
2847
2846
2845
2845
2843
2841
2834
2832
2831
2828
2823
2815
2813
2810
2810
2810
2807
2806
2805
2803
2799
2794
2794
2793
2790
2789
2789
2789
2788
2787
2785
2784
2779
2777
2776
2776
2774
2772
2768
2767
2764
2762
2761
2759
2759
2758
2757
2757
2757
2753
2752
2744
2743
2736
2731
2731
2730
2730
2729
2729
2728
2721
2719
2716
2716
2716
2714
2713
2711
2708
2706
2705
2703
2703
2702
2689
2672
2669
2669
2667
2666
2665
2664
2662
2662
2660
2658
2654
2653
2648
2647
2645
2640
2640
2640
2638
2637
2636
2632
2629
2629
2624
2620
2620
2620
2619
2617
2612
2606
2593
2592
2592
2590
2589
2588
2583
2576
2573
2556
2554
2549
2547
2545
2545
2545
2543
2541
2535
2532
2530
2525
2524
2519
2518
2517
2514
2514
2513
2506
2498
2497
2491
2486
2485
2483
2479
2478
2475
2473
2472
2470
2469
2468
2466
2463
2461
2460
2457
2455
2454
2450
2445
2442
2442
2441
2439
2431
2431
2427
2426
2425
2425
2418
2417
2416
2416
2414
2410
2409
2399
2397
2396
2394
2391
2391
2388
2385
2384
2383
2383
2382
2382
2381
2378
2371
2366
2364
2360
2358
2357
2351
2349
2345
2339
2339
2335
2332
2328
2323
2321
2318
2317
2316
2314
2312
2311
2307
2305
2304
2301
2300
2297
2294
2291
2290
2289
2285
2285
2284
2283
2282
2277
2275
2272
2268
2263
2258
2258
2257
2257
2254
2250
2243
2242
2237
2236
2235
2231
2227
2226
2222
2222
2221
2221
2218
2217
2214
2213
2213
2213
2209
2205
2204
2203
2200
2199
2195
2194
2188
2187
2187
2183
2181
2179
2176
2175
2174
2174
2172
2167
2164
2163
2162
2158
2148
2147
2145
2144
2141
2138
2134
2134
2129
2127
2127
2124
2122
2120
2120
2119
2119
2118
2116
2116
2113
2112
2111
2111
2110
2109
2109
2109
2109
2108
2106
2103
2103
2102
2100
2099
2097
2095
2094
2092
2092
2091
2090
2085
2080
2079
2075
2074
2074
2071
2069
2068
2066
2066
2061
2059
2059
2058
2056
2054
2049
2048
2047
2046
2043
2036
2034
2030
2029
2028
2025
2025
2024
2020
2015
2014
2014
2013
2011
2010
2010
2006
2000
1999
1998
1997
1996
1994
1992
1991
1989
1988
1988
1984
1984
1976
1976
1974
1973
1973
1971
1970
1969
1968
1968
1967
1967
1966
1965
1963
1962
1957
1954
1951
1950
1950
1949
1945
1941
1939
1937
1937
1935
1934
1933
1933
1932
1932
1932
1931
1931
1930
1930
1925
1925
1924
1924
1920
1919
1917
1916
1913
1910
1910
1905
1902
1901
1899
1899
1898
1897
1896
1896
1895
1894
1894
1891
1891
1890
1888
1886
1885
1878
1876
1876
1875
1870
1870
1868
1866
1864
1864
1864
1863
1862
1860
1856
1856
1856
1853
1852
1849
1843
1842
1839
1838
1835
1834
1830
1830
1827
1826
1826
1826
1824
1822
1819
1819
1818
1817
1815
1814
1811
1811
1811
1805
1804
1803
1802
1800
1799
1796
1796
1790
1790
1789
1786
1786
1785
1782
1781
1781
1781
1780
1780
1778
1775
1775
1774
1767
1765
1764
1756
1755
1751
1750
1749
1744
1741
1740
1737
1735
1734
1733
1733
1732
1728
1728
1728
1725
1723
1721
1720
1720
1720
1719
1717
1714
1709
1707
1703
1701
1699
1696
1696
1694
1693
1691
1688
1687
1684
1684
1683
1681
1681
1680
1677
1675
1674
1674
1671
1662
1662
1661
1660
1658
1658
1657
1656
1652
1652
1649
1649
1649
1648
1647
1638
1638
1638
1637
1636
1635
1635
1633
1631
1630
1630
1626
1624
1622
1621
1621
1621
1620
1619
1618
1615
1615
1613
1612
1612
1610
1609
1609
1608
1608
1606
1602
1601
1599
1599
1598
1598
1596
1594
1594
1593
1591
1586
1582
1582
1581
1580
1578
1578
1577
1574
1573
1573
1570
1566
1559
1554
1554
1553
1552
1550
1548
1539
1538
1538
1537
1537
1537
1537
1535
1532
1531
1530
1530
1530
1530
1525
1522
1519
1516
1514
1514
1512
1510
1509
1509
1509
1508
1506
1505
1504
1504
1503
1500
1499
1497
1495
1494
1493
1492
1491
1490
1489
1489
1488
1486
1485
1485
1484
1482
1479
1479
1476
1476
1475
1474
1472
1472
1471
1471
1470
1470
1470
1469
1468
1467
1465
1463
1461
1460
1458
1458
1456
1455
1453
1451
1449
1446
1446
1444
1444
1444
1444
1441
1441
1439
1436
1436
1435
1434
1433
1431
1429
1428
1428
1425
1424
1424
1422
1419
1418
1417
1415
1414
1414
1409
1408
1407
1406
1406
1403
1403
1402
1402
1401
1399
1397
1396
1395
1393
1393
1392
1391
1388
1387
1387
1384
1383
1382
1378
1372
1372
1372
1369
1367
1367
1367
1360
1360
1359
1359
1358
1358
1357
1357
1354
1353
1351
1351
1350
1350
1348
1347
1346
1346
1344
1344
1343
1342
1341
1340
1340
1339
1339
1339
1339
1338
1336
1331
1329
1327
1327
1326
1324
1324
1324
1323
1322
1321
1320
1320
1319
1318
1317
1316
1315
1313
1313
1313
1312
1311
1310
1309
1306
1306
1306
1304
1304
1304
1302
1302
1302
1302
1302
1301
1300
1299
1298
1298
1297
1296
1295
1294
1294
1293
1293
1289
1289
1288
1288
1286
1285
1283
1282
1280
1279
1279
1278
1278
1277
1276
1275
1274
1274
1274
1273
1273
1272
1270
1269
1269
1268
1268
1268
1267
1267
1265
1265
1264
1263
1263
1263
1262
1261
1260
1259
1259
1258
1256
1256
1256
1255
1255
1255
1255
1254
1253
1252
1251
1250
1249
1249
1249
1248
1248
1248
1248
1247
1247
1246
1245
1244
1243
1241
1239
1239
1237
1236
1236
1236
1235
1234
1232
1232
1232
1232
1231
1231
1230
1229
1228
1228
1226
1226
1225
1225
1225
1225
1224
1223
1223
1222
1221
1220
1219
1219
1217
1217
1216
1215
1214
1211
1211
1209
1209
1208
1208
1208
1207
1207
1207
1206
1206
1206
1206
1206
1204
1204
1204
1201
1201
1200
1200
1200
1200
1198
1198
1198
1198
1197
1197
1196
1196
1195
1195
1195
1194
1193
1193
1193
1192
1191
1190
1190
1190
1189
1189
1188
1187
1186
1185
1185
1185
1184
1184
1183
1183
1182
1180
1179
1179
1179
1178
1178
1178
1178
1177
1177
1176
1175
1175
1174
1174
1173
1173
1173
1173
1173
1172
1171
1171
1171
1171
1171
1169
1168
1168
1166
1166
1165
1165
1164
1164
1164
1163
1163
1162
1162
1162
1161
1160
1160
1159
1159
1158
1157
1156
1155
1155
1155
1154
1153
1153
1152
1151
1151
1151
1150
1150
1149
1148
1148
1146
1146
1145
1145
1143
1143
1142
1142
1141
1139
1139
1136
1136
1136
1135
1132
1132
1130
1130
1126
1125
1125
1125
1125
1124
1124
1124
1124
1123
1123
1122
1122
1122
1119
1118
1118
1115
1115
1115
1113
1112
1112
1112
1112
1110
1110
1109
1109
1108
1107
1106
1106
1105
1102
1101
1101
1101
1101
1101
1100
1099
1098
1097
1097
1095
1094
1093
1093
1093
1091
1091
1090
1089
1086
1086
1084
1083
1081
1081
1081
1080
1080
1080
1079
1079
1079
1078
1077
1077
1077
1077
1076
1074
1073
1073
1072
1072
1071
1071
1071
1070
1070
1069
1068
1067
1067
1067
1066
1065
1064
1064
1064
1063
1061
1061
1059
1055
1054
1053
1053
1052
1052
1052
1052
1052
1051
1050
1049
1049
1049
1049
1049
1048
1048
1046
1045
1045
1044
1044
1043
1043
1042
1042
1042
1042
1041
1041
1041
1040
1039
1039
1037
1037
1037
1037
1035
1035
1035
1034
1034
1032
1031
1031
1031
1031
1030
1030
1030
1030
1030
1029
1029
1029
1028
1028
1027
1026
1026
1026
1025
1025
1024
1023
1022
1022
1022
1020
1020
1020
1020
1019
1019
1019
1018
1017
1016
1015
1015
1014
1012
1011
1011
1010
1010
1010
1008
1008
1008
1007
1006
1006
1006
1006
1005
1005
1005
1004
1004
1004
1003
1002
1001
1000
1000
999
999
999
998
998
998
997
997
996
995
995
994
994
993
992
991
991
990
990
989
988
988
987
987
986
985
985
985
984
984
984
984
983
982
982
982
982
982
981
981
981
980
978
978
978
978
978
977
977
977
977
977
977
977
976
976
976
976
976
976
976
975
975
975
975
975
974
974
974
974
974
972
972
970
970
969
969
969
968
968
968
966
966
965
964
964
964
964
963
963
961
961
961
961
961
960
960
960
959
959
958
956
956
954
954
953
952
952
952
952
951
951
951
950
950
949
949
948
947
945
945
944
943
943
942
941
941
941
940
939
939
938
938
937
937
935
934
934
933
933
932
931
931
931
930
930
930
929
928
928
927
926
926
926
926
926
926
924
923
922
922
922
921
921
920
920
920
920
919
918
918
918
917
917
917
916
916
916
915
915
914
914
914
914
912
912
912
911
911
910
910
909
909
908
907
906
906
906
906
905
905
905
903
903
903
903
902
902
902
902
901
901
901
900
900
900
900
899
899
898
898
898
898
897
897
896
896
895
894
894
894
894
893
893
892
892
892
891
891
891
889
889
889
889
889
888
888
888
886
886
886
886
885
885
885
885
884
884
884
884
884
884
883
883
883
883
883
882
882
881
881
881
880
880
880
880
879
879
879
879
878
878
878
877
877
876
876
876
875
874
874
873
873
872
872
872
871
871
871
871
871
870
870
870
869
869
869
869
868
868
868
867
867
866
865
864
864
864
864
863
863
863
863
862
861
861
861
861
859
859
858
858
857
857
856
856
856
856
856
856
855
855
855
854
854
854
854
852
852
852
851
851
850
850
850
850
848
848
847
847
846
846
846
846
845
845
845
844
844
842
841
841
840
840
840
840
840
839
838
838
838
838
837
836
836
835
835
835
833
833
833
833
832
832
831
831
831
831
830
830
830
829
829
829
829
828
828
828
828
828
827
827
827
827
826
826
826
826
826
826
825
824
824
824
823
823
823
823
822
822
821
821
821
820
820
820
820
820
820
819
819
819
819
818
818
818
817
817
816
816
816
816
816
815
815
815
813
813
813
813
813
813
812
812
812
811
811
811
811
810
810
810
809
809
809
808
808
808
807
807
807
806
805
805
805
805
805
805
805
804
804
803
802
802
802
802
801
801
800
800
799
799
799
798
798
798
797
797
797
797
796
796
796
796
795
795
795
794
794
794
794
793
793
793
793
793
791
791
791
790
790
789
789
788
788
788
788
787
787
787
787
787
787
787
786
786
786
786
786
785
785
785
784
784
784
783
783
783
782
782
782
782
781
781
780
780
780
780
780
779
779
778
778
778
778
777
777
777
777
777
776
776
776
776
776
776
776
775
775
775
775
774
774
774
773
773
773
773
772
772
772
772
772
771
771
771
771
771
770
770
769
769
768
768
768
768
768
767
767
766
766
766
766
766
765
765
765
765
765
764
764
763
763
763
763
763
762
762
762
762
762
762
761
761
761
761
760
759
759
759
759
758
758
757
757
757
756
756
755
755
755
755
755
754
754
754
754
754
754
754
754
754
753
753
753
753
753
752
752
752
752
752
752
751
750
750
750
749
749
749
748
748
748
747
747
747
747
747
747
746
746
746
746
746
745
745
744
743
743
743
743
743
742
742
742
742
742
742
742
741
741
741
741
740
740
740
740
740
740
739
739
738
738
738
738
737
737
737
737
737
736
736
736
736
736
735
735
735
734
734
734
734
734
733
733
733
733
732
732
732
732
731
731
731
731
731
730
730
730
730
729
729
728
728
728
728
727
727
727
726
726
726
726
726
726
725
725
725
725
724
724
724
724
724
724
723
723
723
722
722
721
721
721
721
721
721
721
721
721
721
721
721
720
720
720
720
720
720
719
719
719
719
719
718
718
718
717
717
717
717
717
716
716
716
716
716
716
716
715
715
715
714
714
714
714
712
712
712
711
711
711
711
710
710
709
709
709
709
708
708
708
708
708
708
707
707
707
706
706
706
706
706
706
705
705
705
705
705
705
705
705
705
704
704
704
703
703
703
703
703
702
702
701
701
700
700
700
700
699
699
699
699
699
698
698
698
698
697
697
697
697
697
696
696
696
696
696
695
695
695
695
695
695
694
694
694
694
694
693
693
693
692
691
691
691
690
690
690
690
689
688
688
687
687
687
687
686
686
686
686
686
686
686
686
686
686
685
685
685
685
685
684
684
684
684
684
683
683
683
683
683
683
683
683
682
682
682
682
682
682
682
681
681
681
681
681
681
680
680
680
680
680
680
679
679
679
679
679
679
679
678
678
678
678
678
677
677
677
677
677
677
677
677
677
677
677
676
676
676
676
675
675
675
675
674
674
674
674
674
673
673
672
671
671
671
671
671
671
671
671
670
670
670
670
670
669
669
669
669
669
669
669
669
668
668
668
668
667
667
667
667
666
666
666
666
666
666
666
665
665
665
665
665
665
665
665
664
664
664
664
664
664
664
664
664
664
664
664
663
663
663
663
663
663
663
663
663
662
662
662
662
662
662
662
662
661
661
661
661
660
660
660
660
660
659
659
659
659
659
659
659
659
659
659
658
658
658
658
657
657
657
657
656
656
656
656
656
656
656
656
656
656
655
655
655
655
655
655
654
654
654
654
654
654
654
653
653
653
653
653
653
652
652
652
652
652
652
651
651
651
651
651
651
650
650
650
650
650
650
649
649
649
649
649
649
649
648
648
648
648
648
648
648
648
647
647
647
647
647
647
647
647
646
646
646
646
645
645
645
645
645
645
645
645
644
644
644
644
644
643
643
642
642
642
642
642
641
641
641
641
641
641
641
641
641
641
640
640
640
640
639
639
639
639
639
638
638
638
638
638
638
638
638
637
637
637
637
637
637
637
636
636
636
636
635
635
635
635
635
635
635
634
634
634
634
634
634
634
634
634
633
633
633
633
633
633
633
633
633
632
632
632
632
632
632
632
632
632
631
631
631
631
630
630
630
630
630
630
630
630
629
629
629
629
629
629
628
628
628
628
628
628
628
628
628
628
628
628
627
627
627
627
627
627
627
626
626
626
626
626
626
626
625
625
625
624
624
624
624
624
623
623
623
623
623
623
623
623
623
622
622
622
622
622
621
621
621
621
621
621
620
620
620
620
619
619
619
619
619
619
619
619
619
619
618
618
618
618
618
618
618
617
617
617
617
617
617
616
616
616
616
616
616
616
616
616
616
615
615
615
615
615
615
615
614
614
613
613
613
613
613
613
613
613
613
613
612
612
612
612
612
612
611
611
611
611
611
611
610
610
610
610
610
610
610
610
609
609
609
609
609
609
609
609
609
608
608
608
608
608
607
607
607
607
607
607
607
607
607
607
607
607
607
607
607
607
607
606
606
606
606
606
606
605
605
605
605
604
604
604
603
603
603
603
603
603
603
603
603
602
602
602
602
602
602
602
601
601
601
601
601
601
601
600
600
600
600
600
600
600
600
599
599
599
599
599
599
599
598
598
598
598
598
598
598
598
598
598
598
598
597
597
597
597
597
597
597
596
596
596
596
596
595
595
595
595
595
594
593
593
593
593
592
592
592
592
592
592
592
592
592
592
591
591
591
591
591
590
590
590
590
590
590
590
590
590
590
590
590
589
589
589
589
589
588
588
588
588
588
588
588
587
587
587
587
586
586
586
586
586
586
586
586
586
586
586
586
586
585
585
585
585
585
584
584
584
584
584
584
583
583
583
583
583
583
583
583
582
582
582
582
582
582
582
582
582
581
581
581
581
581
581
581
580
580
580
580
579
579
579
579
579
579
578
578
578
578
578
578
577
577
577
577
577
577
577
576
576
576
576
576
576
575
575
575
575
575
575
575
575
574
574
574
574
574
574
574
574
574
574
574
574
573
573
573
573
572
572
572
572
572
572
571
571
571
571
571
571
571
570
570
570
570
570
569
569
569
569
569
569
569
569
569
569
568
568
568
568
568
567
567
567
567
567
567
567
567
567
567
567
566
566
566
566
566
566
566
565
565
565
565
565
565
565
564
564
564
564
564
564
564
564
564
564
564
564
563
563
563
563
563
563
563
562
562
562
562
562
562
561
561
561
561
561
561
561
561
560
560
560
560
560
560
560
560
560
560
560
560
560
559
559
559
559
559
559
559
559
558
558
558
558
558
558
558
558
558
558
558
557
557
557
557
557
557
557
557
556
556
556
556
556
556
556
556
556
556
556
555
555
555
555
555
555
555
555
555
555
555
555
555
555
554
554
554
554
554
554
553
553
553
553
552
552
552
552
552
551
551
551
551
551
551
551
551
551
551
551
550
550
550
550
550
550
550
550
550
549
549
549
549
549
548
548
548
548
548
548
548
548
548
547
547
547
547
546
546
546
546
546
545
545
545
545
545
545
545
545
545
545
545
545
545
545
545
545
544
544
544
544
544
544
544
544
544
544
544
543
543
543
543
543
543
543
543
542
542
542
542
542
542
542
542
542
542
541
541
541
541
541
541
541
541
541
541
541
541
540
540
540
540
540
540
540
540
540
540
540
540
540
540
539
539
539
539
539
539
539
539
538
538
538
538
538
538
538
538
538
537
537
537
537
537
537
537
537
537
537
537
536
536
536
536
536
536
536
536
536
536
536
536
536
536
535
535
535
535
535
535
534
534
534
534
534
534
534
534
534
533
533
533
533
533
533
533
533
533
532
532
532
532
532
532
531
531
531
531
531
531
531
531
531
531
531
530
530
530
530
530
530
530
530
530
530
530
529
529
529
529
529
529
529
529
529
529
528
528
528
528
528
528
528
527
527
527
527
527
527
527
527
527
527
527
526
526
526
526
526
526
526
526
526
526
526
525
525
525
525
525
525
525
525
525
525
525
525
525
525
525
525
524
524
524
524
524
523
523
523
523
523
523
523
523
523
523
523
523
523
523
523
522
522
522
522
522
522
522
522
522
522
522
522
522
522
522
522
521
521
521
521
521
521
521
521
521
521
521
521
521
521
520
520
520
520
520
520
520
520
520
520
520
519
519
519
519
519
519
519
519
519
519
519
519
519
518
518
518
518
518
518
518
518
518
518
517
517
517
517
517
517
517
517
517
517
516
516
516
516
516
516
515
515
515
515
515
515
515
515
514
514
514
514
514
514
514
513
513
513
513
513
513
513
513
513
513
513
513
513
513
513
512
512
512
512
512
512
512
512
512
512
511
511
511
511
511
511
511
511
511
511
511
511
511
511
511
511
510
510
510
510
510
510
510
510
510
510
509
509
509
509
509
509
509
508
508
508
508
508
508
508
508
507
507
507
507
507
507
507
507
507
507
507
507
507
507
507
507
506
506
506
506
506
506
506
506
505
505
505
505
505
505
505
505
505
505
505
504
504
504
504
504
504
504
504
504
504
503
503
503
503
503
503
503
502
502
502
502
502
502
502
502
502
502
502
501
501
501
501
501
501
501
501
501
501
501
501
501
500
500
500
500
500
500
500
500
499
499
499
499
499
499
499
499
499
499
499
499
498
498
498
498
498
498
498
498
497
497
497
497
497
497
497
496
496
496
496
496
496
496
496
496
496
496
496
495
495
495
495
495
495
495
495
495
495
495
495
495
495
495
495
495
495
494
494
494
494
494
494
494
494
494
494
494
494
494
494
493
493
493
493
493
493
493
493
493
493
492
492
492
492
492
492
492
492
492
492
492
492
492
492
492
492
492
492
492
492
492
492
492
491
491
491
491
491
491
491
491
491
491
490
490
490
490
490
490
490
490
490
490
490
490
489
489
489
489
489
489
489
489
489
489
489
488
488
488
488
488
488
488
488
488
487
487
487
487
487
487
487
487
487
487
487
487
487
486
486
486
486
486
486
486
486
486
486
486
486
486
486
486
486
486
486
485
485
485
485
485
485
485
485
484
484
484
484
484
484
484
484
483
483
483
483
483
483
483
483
483
482
482
482
482
482
482
481
481
481
481
481
481
481
481
481
481
481
481
481
480
480
480
480
480
480
480
480
480
480
479
479
479
479
479
479
478
478
478
478
478
478
478
478
478
478
478
478
477
477
477
477
477
477
477
477
477
477
477
477
477
477
477
476
476
476
476
476
476
476
476
476
476
476
476
475
475
475
475
475
475
475
475
475
475
475
474
474
474
474
474
474
474
474
474
474
474
474
474
474
474
473
473
473
473
473
473
473
473
473
472
472
472
472
472
472
472
472
472
472
472
472
472
472
472
472
472
471
471
471
471
471
471
471
471
471
471
471
471
471
471
471
470
470
470
470
470
470
470
470
470
470
470
470
470
470
470
470
469
469
469
469
469
469
469
469
469
469
469
469
468
468
468
468
468
468
468
468
468
468
468
468
468
468
468
468
468
467
467
467
467
467
467
467
467
467
467
467
467
466
466
466
466
466
466
466
466
466
466
466
465
465
465
465
465
465
465
465
465
465
465
465
465
465
465
465
464
464
464
464
464
464
464
464
464
464
464
464
464
463
463
463
463
463
463
463
463
463
463
463
463
463
463
463
463
463
463
463
463
462
462
462
462
462
462
462
462
462
462
462
462
462
462
462
462
461
461
461
461
461
461
461
461
461
461
461
461
460
460
460
460
460
460
460
460
460
460
460
459
459
459
459
459
459
459
459
459
458
458
458
458
458
458
458
458
458
458
458
458
458
458
458
458
457
457
457
457
457
457
457
457
457
457
457
457
457
456
456
456
456
456
456
456
456
456
456
455
455
455
455
455
455
455
455
455
455
455
454
454
454
454
454
454
454
454
454
454
454
454
453
453
453
453
453
453
453
453
453
453
453
453
453
453
453
453
453
453
452
452
452
452
452
452
452
451
451
451
451
451
451
451
451
451
451
451
451
451
451
451
451
451
451
451
451
451
451
451
451
451
450
450
450
450
450
450
450
449
449
449
449
449
449
449
449
449
449
449
449
449
449
449
449
449
449
448
448
448
448
448
448
448
448
448
448
448
448
448
447
447
447
447
447
447
447
447
447
446
446
446
446
446
445
445
445
445
445
445
445
445
445
445
445
445
445
445
445
445
445
444
444
444
444
444
444
444
444
444
444
444
444
443
443
443
443
443
443
443
443
443
443
443
443
443
443
443
443
442
442
442
442
442
442
442
442
442
442
442
442
442
441
441
441
441
441
441
441
441
441
441
441
441
441
441
441
441
440
440
440
440
440
440
440
439
439
439
439
439
439
439
439
439
439
439
439
439
439
439
438
438
438
438
438
438
438
438
438
438
438
438
438
438
438
438
438
438
437
437
437
437
437
437
436
436
436
436
436
436
436
436
436
436
435
435
435
435
435
435
435
435
435
435
435
435
435
435
435
434
434
434
434
434
434
434
434
434
434
434
434
434
434
434
434
433
433
433
433
433
433
433
433
433
433
433
433
432
432
432
432
432
432
432
432
432
432
432
432
432
432
432
432
432
431
431
431
431
431
431
431
431
431
431
431
431
431
431
431
431
431
431
430
430
430
430
430
430
430
430
430
430
430
430
430
430
429
429
429
429
429
429
429
429
429
429
429
429
429
429
429
429
428
428
428
428
428
428
428
428
428
428
428
428
428
428
428
428
428
428
428
427
427
427
427
427
427
427
427
427
427
427
427
427
427
427
427
427
427
427
427
426
426
426
426
426
426
426
426
426
426
426
426
425
425
425
425
425
425
425
425
425
425
425
425
425
424
424
424
424
424
424
424
424
424
424
424
424
424
424
424
424
424
423
423
423
423
423
423
423
423
423
423
423
423
422
422
422
422
422
422
422
422
422
422
422
422
422
421
421
421
421
421
421
421
421
421
421
421
420
420
420
420
420
420
420
420
420
420
420
419
419
419
419
419
419
419
419
419
419
419
419
418
418
418
418
418
418
418
418
418
418
418
418
418
418
418
418
418
418
418
418
418
417
417
417
417
417
417
417
417
417
417
417
417
417
416
416
416
416
416
416
416
416
416
416
416
416
416
416
416
416
415
415
415
415
415
415
415
415
415
415
415
415
414
414
414
414
414
414
414
414
414
414
414
414
414
414
414
414
414
414
414
413
413
413
413
413
413
413
413
413
413
413
413
413
413
413
413
413
413
412
412
412
412
412
412
412
412
412
412
412
412
412
412
412
411
411
411
411
411
411
411
411
411
411
411
411
411
411
411
411
411
411
411
411
410
410
410
410
410
410
410
410
410
410
410
410
410
410
410
410
409
409
409
409
409
409
409
409
409
409
409
409
409
409
409
409
408
408
408
408
408
408
408
408
408
408
408
408
408
408
408
408
408
408
408
408
408
407
407
407
407
407
407
407
407
407
407
407
407
407
406
406
406
406
406
406
406
406
406
406
406
406
405
405
405
405
405
405
405
405
405
405
405
405
405
405
405
405
405
404
404
404
404
404
404
404
404
404
404
404
404
404
404
404
403
403
403
403
403
403
403
403
403
403
403
403
403
403
403
403
403
403
403
403
403
402
402
402
402
402
402
402
402
402
402
402
402
402
402
402
402
401
401
401
401
401
401
401
401
401
401
401
401
401
401
401
401
401
401
400
400
400
400
400
400
400
400
400
400
400
400
400
400
400
400
400
400
399
399
399
399
399
399
399
399
399
399
399
399
399
398
398
398
398
398
398
398
398
398
398
398
398
398
398
398
398
398
398
398
398
398
398
397
397
397
397
397
397
397
397
397
397
397
397
397
397
397
397
396
396
396
396
396
396
396
396
396
396
396
396
396
396
396
396
396
396
395
395
395
395
395
395
395
395
395
395
394
394
394
394
394
394
394
394
394
394
394
394
394
394
394
394
394
394
394
394
394
394
394
394
393
393
393
393
393
393
393
393
393
393
393
393
393
393
393
393
393
393
393
392
392
392
392
392
392
392
392
392
392
392
392
392
392
392
392
392
392
392
392
391
391
391
391
391
391
391
391
391
391
390
390
390
390
390
390
390
390
390
390
390
390
390
390
390
390
390
390
390
390
390
390
390
390
390
389
389
389
389
389
389
389
389
389
389
389
389
389
389
389
389
388
388
388
388
388
388
388
388
388
388
388
388
388
388
388
388
388
388
387
387
387
387
387
387
387
387
387
387
387
387
387
387
386
386
386
386
386
386
386
386
386
386
386
385
385
385
385
385
385
385
385
385
384
384
384
384
384
384
384
384
384
384
383
383
383
383
383
383
383
383
383
383
383
383
383
383
383
383
382
382
382
382
382
382
382
382
382
382
382
382
381
381
381
381
381
381
381
381
381
381
381
381
381
380
380
380
380
380
380
379
379
379
379
379
379
379
379
379
379
379
378
378
378
378
378
378
378
378
378
377
377
377
377
377
377
377
377
377
376
376
376
376
376
375
375
375
375
375
375
375
375
375
375
374
374
374
374
374
374
374
374
374
374
374
373
373
373
373
373
373
372
372
372
372
372
372
371
371
371
371
370
370
370
370
370
370
370
369
369
369
369
369
369
369
369
369
369
369
369
368
368
368
368
366
366
366
366
366
366
365
365
365
365
365
364
364
364
364
364
364
364
364
362
362
362
362
362
361
361
361
360
360
359
359
358
357
357
357
356
356
356
355
354
354
354
354
353
353
352
352
352
352
351
351
351
350
350
348
347
347
346
346
346
344
344
344
344
344
343
342
342
342
341
340
338
337
333
331
331
328
327
327
325
324
323
322
322
321
321
319
318
318
315
315
313
308
298
293
291
270
262
262
258
255
255
252
242
240
237
236
225
225
195
194
171
170
169
162
161
153
149
148
142
140
132
128
128
128
