11458
7732
7591
7397
7341
7307
7229
7123
7089
7075
7069
7034
6964
6963
6962
6931
6889
6888
6866
6852
6846
6843
6783
6764
6740
6740
6738
6721
6693
6686
6674
6644
6643
6636
6608
6605
6569
6564
6557
6555
6528
6522
6499
6494
6491
6470
6442
6432
6424
6414
6407
6400
6391
6387
6384
6367
6354
6344
6336
6326
6324
6322
6306
6300
6291
6289
6285
6285
6279
6264
6260
6260
6253
6247
6244
6232
6228
6227
6215
6214
6204
6202
6202
6184
6153
6136
6125
6124
6120
6115
6112
6101
6086
6085
6063
6048
6047
6027
6027
6026
6024
6004
5995
5995
5975
5973
5965
5962
5962
5959
5950
5946
5945
5942
5939
5938
5936
5933
5931
5930
5909
5903
5882
5879
5874
5873
5873
5864
5861
5861
5851
5848
5846
5825
5825
5825
5822
5822
5816
5814
5812
5808
5799
5795
5794
5790
5790
5787
5782
5771
5768
5765
5764
5763
5761
5755
5753
5734
5728
5726
5725
5724
5721
5721
5717
5710
5708
5704
5680
5678
5671
5669
5652
5648
5647
5645
5634
5629
5628
5623
5623
5615
5612
5611
5610
5609
5603
5603
5602
5601
5600
5587
5583
5582
5582
5580
5575
5572
5561
5559
5557
5548
5547
5545
5526
5515
5510
5501
5499
5489
5486
5484
5480
5480
5477
5475
5471
5470
5467
5465
5463
5462
5459
5455
5454
5452
5443
5443
5442
5440
5422
5420
5405
5405
5401
5395
5394
5393
5393
5393
5393
5386
5384
5383
5379
5376
5376
5375
5373
5371
5370
5369
5365
5361
5361
5357
5355
5355
5355
5354
5354
5352
5348
5345
5343
5343
5340
5339
5339
5323
5319
5317
5312
5307
5304
5300
5299
5296
5293
5292
5288
5288
5286
5286
5277
5273
5271
5270
5268
5266
5266
5265
5260
5254
5254
5254
5246
5243
5243
5239
5232
5232
5229
5229
5228
5223
5221
5215
5212
5206
5204
5202
5202
5201
5201
5195
5193
5189
5187
5185
5180
5178
5176
5175
5175
5171
5170
5170
5166
5165
5163
5158
5157
5152
5150
5150
5149
5149
5141
5139
5136
5133
5130
5127
5126
5122
5116
5115
5115
5114
5113
5113
5108
5107
5100
5097
5096
5095
5093
5089
5089
5089
5078
5076
5076
5074
5072
5066
5064
5063
5062
5061
5061
5061
5059
5057
5054
5054
5053
5053
5051
5042
5036
5027
5026
5025
5025
5024
5023
5019
5016
5014
5013
5013
5007
5007
5007
5003
5002
4996
4996
4993
4991
4990
4986
4982
4978
4974
4973
4973
4971
4969
4968
4965
4965
4964
4960
4956
4955
4946
4945
4941
4940
4940
4940
4932
4931
4928
4928
4927
4926
4917
4917
4910
4909
4909
4909
4906
4904
4904
4902
4900
4897
4896
4894
4894
4893
4893
4891
4891
4884
4883
4882
4877
4876
4867
4867
4867
4866
4862
4862
4860
4859
4858
4855
4853
4853
4849
4848
4847
4846
4844
4842
4841
4838
4838
4834
4834
4832
4832
4831
4826
4826
4824
4823
4823
4817
4816
4814
4813
4809
4804
4803
4798
4791
4785
4785
4783
4783
4782
4779
4776
4776
4775
4772
4772
4770
4770
4769
4766
4766
4763
4763
4762
4761
4761
4759
4758
4755
4755
4749
4747
4747
4747
4739
4738
4734
4734
4733
4726
4724
4720
4719
4715
4713
4710
4707
4707
4706
4705
4700
4700
4698
4695
4695
4695
4694
4691
4681
4679
4674
4672
4671
4669
4665
4659
4659
4658
4657
4651
4651
4649
4647
4645
4644
4644
4640
4636
4635
4634
4633
4630
4629
4627
4625
4622
4620
4620
4619
4615
4611
4610
4608
4607
4606
4606
4605
4603
4600
4598
4594
4589
4586
4580
4578
4576
4567
4559
4559
4555
4555
4551
4550
4550
4548
4547
4547
4542
4538
4537
4535
4535
4531
4530
4526
4523
4522
4515
4513
4512
4512
4509
4509
4506
4504
4501
4500
4500
4498
4496
4495
4495
4493
4493
4489
4489
4486
4479
4478
4478
4474
4473
4472
4472
4472
4470
4469
4465
4459
4458
4452
4451
4450
4446
4446
4445
4445
4440
4439
4438
4436
4434
4433
4429
4425
4422
4417
4411
4405
4403
4397
4393
4388
4388
4384
4378
4375
4373
4372
4371
4366
4365
4363
4361
4360
4359
4359
4359
4356
4355
4355
4353
4351
4349
4342
4342
4337
4336
4336
4336
4335
4335
4334
4332
4331
4331
4327
4322
4318
4317
4316
4314
4312
4309
4309
4307
4307
4305
4304
4303
4303
4302
4301
4301
4300
4299
4296
4294
4291
4290
4288
4287
4287
4286
4281
4279
4278
4276
4275
4275
4275
4275
4269
4268
4267
4263
4263
4261
4261
4259
4257
4254
4253
4252
4251
4250
4249
4249
4248
4247
4246
4245
4243
4242
4242
4240
4240
4238
4234
4234
4233
4230
4225
4224
4220
4218
4218
4217
4217
4214
4214
4213
4213
4212
4212
4212
4210
4207
4205
4203
4201
4199
4199
4197
4197
4195
4190
4190
4189
4189
4189
4184
4184
4184
4177
4176
4175
4172
4172
4171
4170
4169
4164
4155
4150
4147
4146
4145
4143
4140
4140
4139
4138
4137
4134
4132
4131
4131
4128
4128
4127
4125
4123
4121
4121
4118
4116
4115
4114
4113
4111
4098
4096
4093
4092
4085
4080
4078
4075
4073
4073
4072
4070
4069
4069
4068
4067
4057
4056
4048
4045
4042
4041
4037
4035
4032
4031
4031
4031
4031
4031
4030
4029
4029
4028
4028
4028
4026
4025
4023
4021
4021
4018
4017
4017
4014
4011
4008
4007
4006
4004
4004
4002
4001
4000
3998
3998
3996
3990
3990
3989
3989
3988
3988
3987
3985
3983
3981
3980
3979
3976
3975
3975
3972
3971
3970
3967
3967
3967
3966
3962
3961
3959
3957
3956
3951
3951
3949
3946
3944
3944
3940
3940
3938
3937
3936
3934
3933
3932
3931
3929
3925
3923
3923
3923
3922
3921
3917
3917
3917
3916
3916
3914
3913
3909
3909
3909
3907
3900
3900
3899
3896
3896
3894
3892
3890
3889
3889
3889
3888
3887
3887
3886
3872
3868
3864
3864
3863
3863
3861
3857
3856
3856
3855
3854
3852
3847
3847
3846
3844
3842
3841
3841
3839
3835
3835
3834
3834
3831
3830
3823
3818
3816
3814
3811
3811
3810
3808
3807
3806
3805
3805
3802
3801
3799
3798
3795
3794
3793
3793
3791
3790
3787
3787
3784
3784
3784
3784
3783
3779
3775
3770
3770
3766
3763
3762
3761
3757
3754
3754
3751
3750
3749
3748
3746
3745
3744
3742
3739
3738
3736
3736
3736
3735
3735
3732
3731
3729
3726
3724
3719
3716
3714
3712
3712
3711
3710
3709
3703
3702
3695
3695
3695
3694
3693
3693
3692
3691
3689
3685
3685
3684
3684
3682
3681
3679
3676
3672
3668
3666
3664
3664
3663
3662
3660
3660
3658
3657
3657
3656
3656
3654
3651
3649
3648
3646
3644
3641
3640
3638
3637
3636
3635
3634
3634
3633
3632
3621
3621
3618
3614
3613
3612
3609
3608
3608
3606
3601
3600
3600
3597
3595
3595
3592
3585
3584
3584
3583
3581
3581
3580
3578
3578
3577
3575
3573
3570
3569
3567
3564
3563
3563
3562
3562
3561
3560
3560
3556
3556
3551
3550
3548
3545
3545
3543
3541
3541
3536
3536
3535
3533
3531
3530
3530
3528
3525
3523
3520
3519
3517
3516
3513
3513
3510
3507
3507
3507
3506
3504
3498
3498
3498
3496
3496
3493
3485
3482
3479
3476
3474
3472
3467
3466
3464
3460
3460
3455
3450
3449
3448
3448
3447
3446
3442
3440
3438
3438
3431
3426
3425
3423
3421
3417
3415
3414
3413
3412
3412
3411
3409
3409
3407
3407
3405
3402
3402
3401
3399
3397
3393
3393
3392
3392
3386
3380
3379
3377
3376
3376
3375
3372
3372
3371
3371
3368
3366
3364
3363
3362
3360
3360
3360
3358
3358
3358
3357
3357
3354
3348
3347
3346
3346
3346
3342
3341
3340
3339
3338
3335
3334
3334
3332
3331
3329
3329
3329
3327
3327
3325
3325
3325
3321
3321
3321
3318
3318
3317
3314
3311
3309
3307
3303
3300
3300
3298
3297
3297
3295
3294
3294
3289
3287
3286
3283
3283
3281
3279
3279
3276
3275
3272
3270
3269
3266
3264
3262
3262
3261
3260
3258
3257
3252
3251
3251
3250
3240
3240
3239
3236
3234
3234
3234
3232
3221
3221
3220
3220
3216
3214
3211
3205
3203
3202
3197
3196
3189
3186
3183
3178
3172
3170
3170
3168
3165
3162
3160
3160
3158
3143
3136
3136
3134
3128
3123
3123
3122
3115
3112
3110
3110
3109
3109
3107
3103
3102
3098
3097
3096
3093
3088
3085
3084
3078
3076
3073
3072
3068
3067
3065
3064
3061
3061
3057
3056
3054
3051
3050
3047
3047
3046
3041
3023
3021
3018
3017
3015
3015
3014
3012
3005
3001
2999
2993
2991
2988
2987
2986
2986
2978
2973
2966
2957
2955
2951
2948
2944
2940
2935
2933
2927
2925
2920
2915
2910
2910
2907
2903
2901
2901
2900
2887
2883
2878
2876
2873
2872
2872
2867
2863
2858
2853
2848
2842
2836
2834
2832
2828
2828
2826
2826
2825
2823
2818
2800
2798
2797
2794
2786
2782
2781
2781
2772
2771
2770
2769
2767
2767
2764
2762
2761
2756
2749
2748
2745
2734
2732
2729
2718
2715
2714
2712
2708
2707
2707
2703
2699
2697
2695
2689
2688
2676
2675
2674
2673
2673
2672
2671
2671
2667
2667
2666
2666
2663
2657
2655
2644
2644
2639
2639
2632
2629
2626
2619
2612
2609
2609
2608
2601
2599
2598
2587
2581
2576
2570
2570
2569
2566
2564
2564
2559
2557
2555
2554
2550
2547
2545
2542
2540
2533
2529
2528
2526
2526
2523
2521
2513
2510
2506
2504
2502
2502
2501
2500
2498
2496
2495
2484
2482
2481
2479
2477
2476
2471
2470
2470
2469
2465
2462
2459
2459
2458
2457
2456
2449
2441
2439
2438
2437
2436
2432
2432
2430
2430
2423
2419
2419
2416
2412
2409
2400
2399
2397
2397
2394
2393
2391
2389
2387
2383
2382
2381
2379
2379
2371
2370
2369
2369
2369
2364
2363
2350
2348
2347
2344
2342
2326
2320
2319
2317
2317
2316
2308
2307
2306
2305
2302
2301
2297
2295
2293
2283
2280
2274
2272
2271
2271
2270
2269
2268
2266
2256
2253
2252
2249
2248
2244
2242
2241
2237
2233
2232
2225
2223
2221
2221
2220
2219
2213
2212
2211
2208
2201
2199
2198
2191
2188
2184
2184
2182
2180
2180
2178
2178
2177
2175
2175
2175
2171
2169
2169
2167
2167
2164
2155
2154
2153
2148
2144
2144
2142
2130
2129
2127
2120
2119
2106
2105
2105
2096
2092
2088
2087
2081
2076
2074
2065
2063
2058
2057
2056
2052
2050
2048
2044
2041
2041
2036
2035
2025
2023
2022
2022
2022
2018
2015
2012
2008
2007
2005
2004
2002
2000
1999
1996
1995
1986
1986
1984
1979
1978
1975
1968
1964
1958
1958
1958
1957
1956
1954
1953
1951
1951
1949
1943
1919
1915
1913
1904
1904
1899
1898
1893
1893
1887
1887
1884
1884
1883
1882
1880
1879
1876
1875
1870
1867
1867
1867
1859
1858
1858
1852
1851
1848
1848
1843
1839
1835
1831
1827
1824
1824
1822
1817
1817
1815
1809
1808
1806
1801
1800
1794
1783
1779
1779
1778
1776
1774
1769
1767
1759
1758
1756
1750
1747
1743
1733
1731
1727
1726
1726
1726
1724
1724
1716
1709
1708
1705
1704
1704
1701
1700
1698
1696
1696
1695
1693
1689
1687
1677
1671
1669
1668
1668
1663
1658
1657
1656
1655
1654
1653
1652
1652
1648
1648
1646
1638
1635
1632
1628
1628
1625
1619
1618
1617
1616
1615
1615
1610
1610
1607
1606
1601
1600
1598
1593
1593
1592
1588
1585
1584
1580
1580
1578
1577
1576
1573
1573
1571
1567
1562
1562
1559
1558
1557
1552
1552
1550
1547
1547
1544
1543
1543
1542
1540
1537
1536
1535
1533
1532
1532
1526
1521
1519
1517
1515
1513
1510
1509
1509
1508
1507
1506
1504
1504
1502
1500
1497
1497
1495
1492
1491
1491
1489
1488
1487
1483
1482
1481
1480
1479
1478
1474
1474
1472
1472
1472
1472
1466
1462
1461
1460
1458
1457
1456
1455
1455
1453
1451
1450
1450
1450
1448
1448
1447
1445
1444
1442
1440
1437
1431
1428
1420
1419
1415
1413
1412
1412
1409
1409
1405
1405
1405
1401
1397
1396
1392
1392
1391
1389
1389
1387
1385
1384
1383
1383
1380
1379
1378
1378
1372
1372
1369
1369
1369
1368
1368
1367
1363
1360
1356
1353
1351
1350
1350
1348
1347
1346
1345
1341
1340
1340
1339
1337
1334
1333
1330
1330
1329
1329
1328
1328
1325
1324
1323
1322
1322
1321
1321
1319
1319
1313
1307
1307
1304
1301
1299
1297
1295
1289
1287
1285
1284
1283
1282
1282
1281
1280
1279
1278
1278
1276
1276
1275
1275
1275
1271
1266
1265
1265
1256
1256
1250
1249
1248
1248
1247
1246
1242
1240
1240
1240
1240
1236
1234
1233
1233
1231
1230
1230
1230
1229
1229
1229
1229
1228
1226
1226
1226
1226
1225
1224
1223
1223
1218
1218
1217
1216
1214
1212
1209
1208
1207
1205
1204
1203
1202
1201
1200
1200
1198
1196
1191
1189
1188
1184
1183
1183
1182
1180
1179
1177
1176
1176
1175
1175
1171
1170
1170
1170
1169
1168
1167
1167
1166
1164
1164
1163
1163
1163
1162
1162
1161
1160
1160
1158
1156
1156
1156
1155
1154
1154
1153
1153
1153
1152
1152
1150
1147
1147
1147
1147
1146
1146
1146
1145
1145
1145
1140
1138
1136
1134
1133
1132
1131
1131
1130
1130
1130
1129
1129
1129
1129
1127
1127
1127
1124
1122
1122
1122
1119
1119
1117
1117
1117
1113
1113
1112
1112
1111
1111
1110
1110
1109
1109
1106
1106
1106
1106
1105
1101
1100
1099
1098
1095
1092
1092
1091
1091
1091
1090
1086
1085
1085
1085
1083
1082
1082
1081
1079
1079
1078
1078
1078
1075
1075
1075
1075
1073
1073
1072
1072
1072
1069
1069
1067
1067
1066
1065
1064
1063
1063
1063
1063
1063
1062
1062
1061
1061
1061
1060
1060
1058
1058
1058
1058
1058
1057
1054
1054
1053
1052
1049
1048
1045
1044
1040
1040
1039
1039
1038
1038
1037
1035
1035
1034
1034
1033
1033
1032
1032
1032
1031
1031
1030
1030
1029
1029
1028
1028
1028
1027
1027
1026
1026
1025
1024
1023
1022
1022
1021
1021
1020
1018
1017
1014
1014
1014
1013
1013
1011
1010
1008
1008
1008
1007
1007
1007
1007
1006
1006
1005
1005
1005
1004
1003
1003
1000
1000
1000
999
999
999
997
995
993
993
992
991
989
989
989
989
988
987
986
986
985
984
984
983
983
983
981
981
979
979
979
978
977
976
976
974
973
972
971
971
970
968
967
967
967
967
966
966
965
965
965
965
965
964
962
960
960
959
959
959
958
958
957
957
955
953
951
950
948
947
945
944
943
943
942
941
941
941
938
937
937
936
936
934
934
933
933
933
932
931
930
930
929
928
928
927
926
925
925
925
925
924
923
923
923
922
922
922
921
918
918
917
916
915
913
913
912
910
909
908
906
905
905
905
905
904
903
902
901
900
900
899
899
898
898
898
897
897
897
896
896
895
895
895
895
894
894
894
893
892
889
888
887
886
884
883
883
882
882
881
881
881
880
880
880
879
878
877
877
877
876
874
874
873
872
872
872
872
871
869
869
868
868
868
867
867
865
864
864
864
863
863
863
863
862
862
862
860
859
859
858
858
858
858
858
857
856
856
854
854
854
854
852
852
851
850
850
850
850
850
850
848
848
847
847
846
844
844
844
844
843
842
842
842
842
841
841
840
840
840
839
839
839
839
839
838
837
836
836
836
835
835
834
833
833
833
833
833
832
831
831
831
831
831
831
830
830
830
826
826
826
826
825
825
824
821
821
820
820
819
819
819
819
819
818
818
818
817
817
816
816
816
815
815
815
814
814
814
812
812
812
811
811
810
810
810
809
809
807
807
807
807
806
806
806
805
805
805
805
804
804
804
804
804
804
803
803
803
802
802
802
801
801
800
800
800
799
799
798
797
797
796
796
795
795
795
795
794
794
794
793
793
793
793
792
792
791
790
790
790
790
790
790
789
789
789
789
789
788
787
787
785
784
784
784
783
783
783
783
783
782
782
782
782
782
781
781
781
780
779
779
779
778
778
778
777
777
777
776
776
775
775
775
775
775
775
774
774
773
773
773
771
771
771
770
770
769
769
769
768
768
768
767
767
767
767
767
767
766
766
766
766
766
765
765
765
765
765
764
764
763
763
763
763
762
762
761
760
760
760
760
759
759
759
758
758
758
758
758
756
755
755
754
754
754
753
753
752
752
752
752
751
751
751
751
751
750
750
749
749
749
749
749
749
749
749
747
747
747
746
745
745
745
744
744
744
744
743
742
742
742
742
742
740
740
740
739
739
739
739
738
738
738
738
738
737
737
736
736
736
736
735
735
734
734
733
733
733
733
732
732
732
732
731
730
730
730
730
729
729
729
729
728
727
727
726
726
726
726
726
725
725
725
724
724
724
724
723
723
723
723
723
723
722
722
722
721
721
721
721
720
719
719
719
719
719
719
719
718
718
718
717
717
717
717
716
715
715
715
715
714
714
713
713
713
713
713
713
712
712
711
711
711
710
709
709
709
709
708
708
708
708
708
708
706
706
706
706
705
705
705
705
705
705
705
704
704
703
703
702
702
702
701
701
701
701
701
701
700
700
699
699
699
699
699
698
698
698
697
697
696
696
696
696
695
695
695
695
695
695
695
694
693
693
693
692
692
691
690
690
689
689
688
687
687
687
687
687
686
686
686
685
685
685
685
685
685
685
685
685
685
684
684
683
683
683
683
683
683
683
683
682
682
682
682
681
681
680
680
680
680
679
679
679
679
679
679
679
678
678
678
678
678
678
676
676
676
675
675
674
674
674
674
673
673
672
672
672
672
672
671
671
670
669
668
668
668
668
667
667
667
666
666
666
666
665
665
665
664
664
664
664
664
663
663
663
663
662
662
662
662
662
662
662
661
661
661
661
661
661
660
659
659
659
659
658
658
658
658
658
658
658
657
657
657
656
656
656
656
656
656
655
655
655
655
654
654
654
654
653
653
653
652
652
652
652
651
651
651
650
650
650
650
650
650
649
649
649
649
648
648
648
648
648
648
648
648
648
648
648
648
647
647
647
647
647
646
646
646
646
645
645
645
644
644
643
643
643
642
642
642
642
642
642
642
642
641
641
641
641
641
640
640
640
639
639
639
639
639
639
638
638
638
638
638
638
638
638
637
637
637
637
637
637
636
636
636
636
636
636
636
635
635
635
635
635
635
635
635
634
634
634
634
634
634
634
634
634
633
633
633
633
633
633
633
633
632
631
631
631
631
631
630
630
630
629
629
629
629
629
629
629
629
627
627
627
627
626
626
625
625
625
624
624
624
624
624
624
622
622
622
622
621
621
621
621
621
620
620
620
620
620
620
620
620
620
619
619
619
619
619
619
618
618
618
618
618
618
618
617
617
617
617
617
617
616
616
616
616
616
615
615
615
615
615
615
614
614
614
613
613
613
612
612
611
611
611
611
611
611
611
611
610
609
609
609
609
609
609
608
608
608
608
608
608
607
607
607
607
607
607
607
607
606
606
606
606
606
606
606
605
605
605
604
604
604
604
603
603
603
603
603
603
603
602
602
602
602
602
602
602
601
601
601
601
601
601
600
599
599
598
598
598
598
598
598
598
598
598
597
597
597
597
596
596
596
596
595
595
595
594
594
594
594
594
593
593
593
593
593
593
593
593
593
593
593
593
593
592
592
592
592
591
591
591
591
590
590
590
590
590
590
590
590
589
589
589
589
589
589
589
588
588
588
588
588
588
588
588
587
587
587
587
586
586
586
586
586
586
585
585
585
584
584
584
584
584
584
583
583
582
582
582
582
582
582
582
581
581
581
581
581
581
581
580
580
579
579
579
578
578
578
578
578
578
578
578
577
577
577
577
577
577
577
576
576
576
576
576
576
576
576
576
576
575
575
575
574
574
574
574
574
574
574
574
574
573
573
573
573
573
573
573
573
573
572
572
572
572
572
571
571
571
571
571
571
571
570
570
570
570
570
570
569
569
569
569
569
569
568
568
568
568
568
568
567
567
567
567
566
566
566
566
566
566
565
565
565
565
565
565
565
564
564
564
564
564
563
563
563
563
562
562
562
562
562
562
562
562
561
561
561
561
561
560
560
560
560
560
560
560
559
559
559
559
559
559
559
558
558
558
558
558
557
557
557
557
557
557
557
557
556
556
556
556
556
556
555
555
555
555
555
555
555
555
555
555
555
554
554
554
554
554
554
553
553
553
552
552
552
552
552
552
552
552
552
552
552
551
551
551
551
551
551
551
551
551
551
551
550
550
550
550
549
549
549
549
549
549
549
549
548
548
548
548
548
548
548
548
548
548
547
547
547
547
546
546
546
546
546
546
546
546
545
545
545
545
545
545
545
545
545
544
544
543
543
543
543
543
543
543
543
543
543
543
543
543
543
543
543
542
542
542
542
542
542
541
541
541
541
541
541
541
540
540
540
540
540
539
539
539
539
539
539
539
539
539
538
538
538
538
538
538
538
538
537
537
537
537
537
537
537
536
536
536
536
535
535
535
535
535
535
535
535
535
534
534
534
534
534
534
534
534
534
533
533
533
533
533
533
533
533
533
532
532
531
531
531
531
531
531
530
530
530
530
530
530
530
530
529
529
529
529
529
529
529
529
528
528
528
528
528
528
527
527
527
527
527
527
527
527
527
527
526
526
526
526
526
526
526
525
525
525
525
525
525
525
524
524
524
524
524
524
524
524
524
524
523
523
523
523
523
523
522
522
522
522
522
522
522
521
521
521
521
521
521
521
520
520
520
520
520
520
519
519
519
519
519
519
519
519
518
518
518
518
518
518
518
518
518
517
517
517
517
517
517
517
516
516
516
516
516
516
516
516
515
515
515
515
515
515
514
514
514
514
514
514
514
514
514
514
514
514
514
513
513
513
513
513
513
513
513
512
512
512
512
512
512
512
512
512
511
511
511
511
511
511
511
510
510
510
510
510
510
510
510
510
510
510
510
510
510
510
510
510
509
509
509
509
509
508
508
508
508
508
507
507
507
507
507
507
507
506
506
506
506
506
506
506
506
506
506
505
505
505
505
505
505
505
505
505
504
504
504
504
503
503
503
503
503
503
503
503
502
502
502
502
502
501
501
501
501
501
501
501
501
501
501
501
500
500
500
500
500
500
500
499
499
499
499
499
499
499
499
499
499
499
499
499
498
498
498
498
498
498
498
498
498
497
497
497
497
497
497
497
497
497
497
497
496
496
496
496
496
496
496
495
495
495
495
495
495
494
494
494
494
494
494
494
494
494
494
494
494
494
494
494
493
493
493
493
493
493
493
493
493
493
493
493
492
492
492
492
492
492
492
492
492
492
492
491
491
491
491
491
491
490
490
490
490
490
490
490
489
489
489
489
489
489
489
489
489
489
489
488
488
488
488
488
488
488
487
487
487
487
487
487
487
486
486
486
486
486
486
486
486
486
485
485
485
485
485
485
485
485
485
484
484
484
484
484
484
484
484
484
484
484
483
483
483
483
483
483
483
483
482
482
482
482
482
482
482
482
482
482
481
481
481
481
481
481
481
481
481
481
481
480
480
480
480
480
480
480
480
479
479
479
479
479
479
478
478
478
478
478
478
477
477
477
477
477
477
477
477
476
476
476
476
476
476
476
476
476
476
476
476
476
475
475
475
475
475
475
475
475
474
474
474
474
474
474
474
474
474
474
474
473
473
473
473
473
473
473
473
473
473
473
472
472
472
472
472
472
472
472
472
472
472
471
471
470
470
470
470
470
470
470
470
470
469
469
469
469
468
468
468
468
468
468
468
468
468
468
468
468
467
467
467
467
467
467
467
467
467
467
467
467
467
467
466
466
466
466
466
466
466
466
465
465
465
465
465
465
465
465
465
465
465
465
465
465
464
464
464
464
464
464
464
464
464
464
464
464
464
463
463
463
463
463
463
463
463
462
462
462
462
462
462
462
462
461
461
461
461
460
460
460
460
460
460
460
460
460
459
459
459
459
459
459
459
459
459
459
459
459
458
458
458
458
458
458
458
458
458
457
457
457
457
457
457
457
457
457
457
457
457
457
457
456
456
456
456
456
456
456
456
456
456
456
455
455
455
455
455
454
454
454
454
454
454
454
454
454
454
454
453
453
453
453
453
453
453
453
453
452
452
452
452
452
451
451
451
451
451
451
451
451
451
451
451
450
450
450
450
450
450
450
450
450
450
450
450
450
450
449
449
449
449
449
449
449
449
449
449
449
449
449
449
449
448
448
448
448
448
448
448
448
448
447
447
447
447
447
447
447
447
447
447
447
446
446
446
446
446
446
446
446
446
446
446
446
446
446
446
446
445
445
445
445
445
445
445
445
445
445
445
445
445
445
445
444
444
444
444
444
444
444
444
444
444
444
444
444
444
443
443
443
443
443
443
443
443
443
443
442
442
442
442
442
442
442
442
442
442
441
441
441
441
441
441
441
440
440
440
440
440
439
439
439
439
439
439
439
439
439
439
439
439
439
439
438
438
438
438
438
438
438
438
437
437
437
437
437
437
437
437
436
436
436
436
436
436
436
436
436
435
435
435
435
435
435
435
435
435
435
435
435
435
434
434
434
434
434
434
434
434
434
434
434
433
433
433
433
433
433
433
433
433
432
432
432
432
432
432
432
432
432
432
432
431
431
431
431
431
431
431
431
431
431
431
431
430
430
430
430
430
430
430
430
430
429
429
429
429
429
429
429
428
428
428
428
428
428
428
428
428
428
428
428
428
428
428
427
427
427
427
427
427
427
427
427
427
427
427
427
427
426
426
426
426
426
426
426
426
426
426
426
425
425
425
425
425
425
425
425
425
425
425
425
425
425
425
425
425
424
424
424
424
424
424
424
424
424
424
424
424
424
423
423
423
423
423
423
423
423
423
423
423
422
422
422
422
422
422
422
422
422
422
422
422
421
421
421
421
421
421
421
421
421
420
420
420
420
420
420
420
420
420
420
420
419
419
419
419
419
419
419
419
419
419
419
419
418
418
418
418
418
418
418
418
418
418
418
417
417
417
417
417
417
417
417
417
417
417
417
417
417
417
417
417
417
417
417
416
416
416
416
416
416
416
416
416
416
416
416
415
415
415
415
415
415
415
415
415
415
415
414
414
414
414
414
414
414
414
414
414
414
413
413
413
413
413
413
413
413
413
413
413
413
413
413
412
412
412
412
412
412
412
412
412
411
411
411
411
411
411
410
410
410
410
410
410
410
410
410
410
410
410
409
409
409
409
409
409
409
409
409
409
409
409
409
409
409
409
409
409
409
409
409
408
408
408
408
408
408
408
408
408
408
408
408
408
408
408
408
408
408
407
407
407
407
407
407
407
407
407
407
407
407
407
407
407
407
407
407
406
406
406
406
406
406
406
406
406
406
406
406
406
406
406
406
406
406
406
406
406
406
405
405
405
405
405
405
405
405
405
405
405
405
404
404
404
404
404
404
404
404
404
404
404
404
404
404
404
404
404
404
404
404
404
403
403
403
403
403
403
403
403
403
403
403
403
403
403
403
403
403
402
402
402
402
402
402
402
402
402
402
402
402
401
401
401
401
401
401
401
401
401
401
401
401
401
401
400
400
400
400
400
400
400
400
400
400
400
400
400
399
399
399
399
399
399
399
399
399
399
398
398
398
398
398
398
398
398
398
398
398
398
398
398
398
397
397
397
397
397
397
397
397
397
397
397
397
396
396
396
396
396
396
396
396
396
396
396
396
396
396
396
396
396
396
396
396
396
396
396
396
396
396
396
396
395
395
395
395
395
395
395
395
395
395
395
395
395
395
395
394
394
394
394
394
394
394
394
394
394
394
394
394
394
394
394
394
394
394
393
393
393
393
393
393
393
393
393
393
393
393
393
393
393
393
393
393
393
393
393
392
392
392
392
392
392
392
392
392
392
392
391
391
391
391
391
391
391
391
391
391
391
391
390
390
390
390
390
390
390
390
390
390
390
390
390
390
390
389
389
389
389
389
389
389
389
389
389
389
389
389
389
389
388
388
388
388
388
388
388
388
388
388
388
388
388
387
387
387
387
387
387
387
387
387
387
387
386
386
386
386
386
386
386
386
386
386
385
385
385
385
385
385
385
385
385
385
385
385
385
384
384
384
384
384
384
384
384
384
384
384
384
384
384
384
383
383
383
383
383
383
383
383
383
383
383
382
382
382
382
382
382
382
382
382
382
382
382
382
382
382
381
381
381
381
381
381
381
381
381
381
381
381
381
381
381
381
381
380
380
380
380
380
380
380
380
380
380
379
379
379
379
379
379
379
379
379
378
378
378
378
378
378
378
378
378
378
377
377
377
377
377
376
376
376
376
376
376
376
376
376
376
376
376
376
376
375
375
375
375
375
375
375
375
375
375
375
374
374
374
374
374
374
374
374
374
374
373
373
373
373
373
373
372
372
372
372
372
371
371
371
371
371
371
371
370
370
370
370
370
370
370
369
369
369
369
369
369
369
368
368
368
368
368
367
367
367
367
367
367
366
366
366
366
366
365
365
365
365
364
364
363
363
363
363
363
362
362
362
361
361
361
361
360
360
360
359
358
358
357
357
357
356
356
356
356
355
353
351
351
351
351
351
351
349
349
349
349
349
348
347
346
346
344
344
343
342
341
341
341
341
340
339
338
337
337
336
335
334
334
333
333
333
333
333
332
331
330
326
326
325
324
320
318
316
315
315
314
314
314
313
312
305
304
302
296
296
288
285
281
273
255
252
252
252
248
247
242
241
240
239
239
231
231
229
228
225
218
218
216
209
208
207
204
204
202
188
187
182
177
176
174
168
163
162
158
158
154
151
151
146
143
143
142
141
141
139
135
130
130
130
130
128
128
128
128
128
128
128
128
