12168
8612
7845
7581
7416
7286
7176
7099
7099
7021
7015
6996
6952
6910
6909
6878
6876
6846
6843
6838
6831
6788
6788
6774
6743
6737
6714
6685
6670
6667
6636
6635
6633
6609
6607
6605
6602
6582
6564
6564
6533
6526
6525
6515
6515
6508
6491
6477
6467
6433
6431
6429
6420
6419
6418
6407
6396
6394
6394
6388
6379
6366
6358
6347
6345
6345
6337
6336
6335
6333
6329
6329
6322
6312
6299
6295
6289
6288
6285
6283
6278
6270
6269
6269
6263
6252
6249
6249
6243
6239
6237
6236
6227
6224
6224
6222
6220
6215
6215
6209
6207
6201
6198
6189
6187
6186
6173
6136
6134
6132
6128
6121
6119
6118
6111
6109
6107
6104
6104
6101
6086
6083
6079
6073
6063
6060
6059
6057
6055
6053
6046
6042
6036
6025
6018
6015
6008
6008
6005
6005
6001
5998
5996
5996
5994
5988
5980
5968
5967
5953
5947
5946
5937
5925
5921
5921
5918
5913
5907
5904
5900
5900
5896
5895
5879
5875
5875
5873
5871
5869
5868
5864
5863
5860
5859
5851
5845
5837
5836
5834
5827
5825
5824
5822
5810
5809
5808
5807
5806
5803
5799
5796
5795
5790
5788
5786
5785
5778
5778
5776
5773
5766
5765
5765
5764
5763
5761
5761
5761
5761
5760
5759
5753
5753
5750
5746
5744
5726
5723
5723
5722
5721
5720
5719
5718
5717
5717
5716
5714
5713
5705
5700
5695
5693
5693
5692
5692
5689
5688
5687
5684
5681
5678
5668
5667
5665
5664
5656
5654
5653
5652
5650
5648
5642
5641
5641
5641
5640
5638
5631
5629
5629
5627
5626
5623
5619
5614
5614
5612
5612
5606
5604
5601
5599
5598
5597
5593
5590
5590
5589
5588
5581
5581
5577
5576
5575
5571
5571
5568
5568
5566
5563
5561
5557
5556
5556
5555
5554
5548
5544
5544
5541
5539
5539
5538
5536
5536
5535
5535
5531
5530
5529
5529
5529
5528
5527
5522
5519
5515
5512
5511
5509
5509
5509
5503
5502
5502
5501
5500
5499
5499
5491
5490
5489
5488
5486
5482
5482
5480
5479
5478
5475
5475
5475
5474
5474
5469
5465
5465
5464
5459
5458
5457
5453
5451
5450
5450
5448
5448
5445
5440
5440
5439
5436
5435
5434
5432
5431
5430
5429
5428
5424
5422
5421
5421
5419
5415
5414
5414
5412
5410
5405
5403
5402
5399
5398
5398
5397
5389
5388
5387
5385
5378
5377
5374
5374
5370
5367
5364
5361
5361
5354
5353
5352
5351
5348
5347
5347
5344
5343
5343
5342
5341
5340
5336
5333
5331
5330
5329
5329
5327
5325
5324
5322
5319
5319
5310
5307
5306
5306
5306
5306
5303
5303
5302
5300
5298
5293
5291
5287
5287
5286
5286
5286
5280
5278
5277
5276
5274
5274
5273
5269
5269
5268
5267
5266
5266
5264
5261
5260
5259
5255
5255
5254
5254
5253
5251
5250
5249
5246
5244
5243
5242
5241
5239
5238
5236
5235
5231
5231
5229
5229
5226
5224
5223
5218
5216
5215
5214
5212
5212
5212
5208
5205
5203
5199
5199
5199
5197
5196
5196
5194
5193
5193
5191
5190
5190
5189
5188
5187
5187
5186
5186
5185
5184
5182
5181
5173
5168
5165
5163
5162
5158
5157
5156
5154
5154
5150
5149
5149
5148
5148
5145
5145
5140
5140
5139
5138
5138
5131
5130
5130
5130
5129
5129
5128
5121
5121
5119
5117
5115
5114
5112
5111
5110
5109
5108
5105
5105
5105
5104
5103
5103
5103
5102
5101
5100
5098
5092
5092
5092
5090
5088
5088
5087
5084
5083
5082
5081
5081
5079
5078
5078
5076
5075
5075
5074
5073
5073
5071
5071
5071
5069
5067
5066
5064
5064
5064
5062
5061
5059
5059
5058
5057
5057
5056
5055
5053
5052
5050
5048
5045
5043
5043
5042
5040
5039
5039
5038
5038
5037
5036
5035
5035
5034
5029
5028
5027
5026
5025
5025
5025
5021
5020
5020
5019
5016
5015
5015
5013
5011
5011
5009
5009
5005
5003
5003
5002
5002
5000
5000
5000
4998
4996
4996
4994
4994
4992
4991
4988
4988
4985
4983
4983
4981
4979
4979
4979
4979
4979
4978
4978
4976
4974
4974
4973
4972
4972
4972
4970
4969
4969
4968
4966
4965
4962
4961
4961
4960
4957
4955
4954
4953
4951
4951
4950
4949
4949
4948
4947
4941
4940
4940
4936
4935
4934
4931
4930
4927
4925
4925
4924
4923
4922
4920
4920
4919
4917
4915
4911
4911
4909
4909
4907
4907
4905
4903
4903
4903
4902
4897
4897
4890
4889
4889
4888
4887
4886
4886
4885
4885
4885
4885
4885
4883
4883
4881
4880
4878
4878
4874
4874
4871
4871
4868
4867
4866
4864
4863
4862
4861
4860
4857
4855
4855
4855
4853
4852
4851
4851
4848
4847
4847
4847
4847
4843
4842
4842
4842
4841
4838
4838
4838
4838
4837
4835
4834
4833
4833
4833
4829
4828
4827
4826
4824
4824
4824
4822
4820
4817
4816
4816
4815
4812
4812
4811
4804
4804
4800
4799
4798
4796
4796
4796
4794
4792
4792
4792
4790
4786
4786
4785
4783
4783
4782
4782
4782
4781
4781
4779
4778
4777
4776
4776
4776
4776
4775
4775
4773
4769
4768
4767
4764
4764
4758
4757
4754
4754
4752
4752
4752
4751
4749
4748
4747
4746
4745
4745
4745
4744
4742
4741
4739
4734
4733
4733
4732
4732
4731
4729
4728
4728
4727
4726
4725
4724
4723
4722
4722
4722
4721
4720
4718
4717
4715
4713
4711
4710
4709
4707
4705
4703
4700
4700
4699
4698
4698
4695
4693
4693
4692
4692
4692
4692
4692
4691
4690
4688
4687
4687
4685
4683
4683
4681
4681
4679
4678
4677
4677
4676
4675
4674
4674
4673
4672
4670
4669
4669
4668
4667
4666
4665
4662
4660
4658
4656
4655
4655
4654
4651
4649
4649
4648
4647
4647
4647
4647
4646
4645
4645
4644
4644
4644
4644
4640
4640
4638
4637
4636
4635
4635
4634
4633
4633
4630
4630
4630
4630
4628
4628
4625
4624
4622
4621
4620
4619
4616
4615
4615
4614
4611
4611
4609
4607
4606
4605
4604
4601
4601
4600
4599
4598
4598
4598
4594
4594
4594
4594
4593
4590
4589
4587
4578
4578
4578
4572
4572
4568
4567
4564
4564
4564
4563
4563
4562
4562
4562
4560
4559
4559
4557
4557
4556
4556
4554
4554
4549
4548
4547
4546
4546
4544
4542
4541
4540
4540
4539
4539
4539
4539
4537
4537
4536
4536
4535
4535
4534
4534
4534
4532
4532
4529
4528
4528
4528
4528
4527
4527
4524
4522
4521
4518
4517
4517
4516
4514
4512
4511
4511
4511
4511
4511
4510
4507
4505
4504
4503
4500
4499
4494
4493
4492
4491
4490
4486
4485
4485
4484
4483
4480
4477
4475
4474
4473
4473
4472
4469
4467
4465
4465
4464
4463
4463
4460
4459
4459
4458
4458
4458
4457
4454
4454
4453
4453
4453
4450
4449
4449
4449
4449
4448
4448
4444
4443
4443
4441
4440
4440
4439
4438
4437
4433
4432
4431
4430
4429
4429
4428
4425
4424
4424
4423
4423
4423
4422
4422
4421
4420
4417
4416
4416
4415
4413
4410
4409
4407
4407
4406
4405
4404
4404
4404
4403
4402
4402
4401
4401
4400
4399
4398
4398
4397
4395
4395
4395
4392
4391
4391
4390
4390
4390
4388
4387
4387
4386
4386
4384
4383
4383
4383
4382
4381
4381
4378
4378
4377
4377
4377
4376
4376
4373
4371
4368
4366
4365
4365
4365
4363
4362
4361
4361
4360
4358
4356
4356
4355
4353
4352
4350
4349
4348
4348
4346
4346
4344
4343
4343
4343
4343
4342
4342
4341
4341
4340
4338
4337
4337
4336
4335
4332
4332
4330
4329
4329
4326
4324
4324
4323
4322
4322
4322
4319
4318
4316
4315
4314
4314
4314
4314
4312
4311
4311
4309
4309
4309
4306
4306
4306
4305
4305
4304
4302
4302
4301
4300
4300
4299
4298
4297
4296
4296
4295
4294
4294
4294
4293
4293
4293
4293
4291
4291
4290
4290
4290
4288
4288
4286
4285
4285
4285
4284
4284
4283
4282
4281
4281
4281
4279
4278
4277
4276
4275
4274
4273
4273
4272
4272
4271
4271
4270
4270
4269
4268
4268
4266
4265
4265
4265
4264
4263
4260
4259
4258
4257
4256
4255
4255
4254
4252
4251
4251
4250
4249
4248
4245
4242
4242
4241
4241
4241
4239
4238
4237
4235
4235
4234
4233
4232
4231
4231
4228
4227
4225
4224
4223
4223
4223
4222
4222
4222
4221
4221
4218
4215
4215
4215
4214
4213
4212
4211
4210
4209
4209
4209
4208
4207
4207
4206
4206
4205
4205
4203
4203
4202
4201
4201
4200
4199
4199
4198
4198
4195
4194
4194
4191
4191
4189
4187
4184
4184
4183
4182
4182
4181
4180
4180
4177
4176
4176
4175
4174
4174
4172
4170
4170
4167
4166
4166
4162
4162
4161
4161
4161
4160
4160
4159
4159
4158
4157
4156
4156
4151
4150
4149
4148
4148
4147
4146
4145
4145
4144
4144
4143
4142
4141
4141
4140
4139
4138
4137
4135
4135
4134
4131
4126
4124
4123
4123
4123
4123
4123
4121
4121
4120
4118
4117
4117
4117
4116
4115
4115
4115
4114
4114
4114
4113
4113
4112
4110
4109
4108
4108
4106
4103
4102
4102
4102
4100
4100
4098
4098
4098
4097
4097
4096
4096
4095
4094
4094
4094
4094
4094
4092
4091
4090
4089
4088
4085
4085
4084
4084
4080
4079
4078
4076
4076
4076
4074
4068
4068
4067
4066
4065
4064
4064
4063
4063
4063
4062
4061
4060
4060
4058
4057
4055
4052
4052
4052
4052
4051
4049
4049
4048
4048
4047
4046
4046
4045
4043
4042
4042
4040
4040
4039
4038
4037
4037
4035
4033
4033
4031
4028
4028
4027
4025
4024
4023
4023
4020
4020
4016
4016
4013
4011
4010
4006
4004
4004
4003
4000
4000
4000
3998
3996
3995
3994
3992
3990
3989
3988
3987
3984
3984
3983
3980
3977
3977
3975
3974
3973
3973
3971
3970
3969
3968
3967
3965
3965
3964
3964
3960
3960
3959
3959
3958
3958
3956
3956
3955
3954
3953
3952
3952
3951
3950
3950
3949
3948
3947
3947
3947
3946
3946
3941
3939
3937
3937
3936
3934
3933
3933
3932
3931
3930
3930
3926
3925
3924
3921
3920
3919
3919
3918
3917
3915
3915
3912
3909
3908
3905
3902
3902
3901
3900
3898
3894
3893
3892
3891
3890
3890
3890
3889
3888
3888
3886
3886
3885
3885
3882
3881
3880
3879
3878
3877
3876
3873
3872
3870
3870
3869
3868
3866
3866
3864
3863
3862
3861
3861
3858
3858
3856
3856
3856
3856
3856
3855
3855
3854
3854
3852
3851
3851
3850
3847
3846
3844
3842
3842
3842
3842
3842
3840
3839
3836
3831
3831
3830
3829
3828
3828
3826
3825
3824
3824
3824
3823
3821
3820
3820
3820
3818
3818
3817
3815
3814
3811
3809
3809
3809
3808
3806
3805
3805
3804
3802
3800
3798
3798
3798
3797
3796
3793
3791
3789
3789
3787
3785
3784
3784
3783
3782
3782
3779
3779
3779
3778
3778
3777
3777
3777
3776
3775
3775
3775
3773
3771
3770
3766
3766
3763
3763
3763
3763
3762
3761
3761
3761
3759
3758
3756
3756
3755
3754
3754
3753
3750
3745
3744
3744
3744
3744
3744
3742
3738
3736
3736
3733
3733
3733
3732
3730
3726
3726
3724
3721
3720
3720
3718
3717
3714
3713
3713
3713
3713
3710
3709
3709
3709
3709
3708
3707
3707
3706
3705
3705
3705
3702
3702
3702
3701
3701
3700
3699
3695
3694
3693
3692
3692
3691
3690
3689
3688
3685
3683
3683
3681
3680
3678
3678
3675
3675
3672
3672
3672
3667
3667
3666
3665
3665
3663
3662
3662
3660
3659
3659
3658
3657
3657
3655
3655
3655
3647
3646
3645
3645
3642
3642
3642
3638
3637
3636
3636
3633
3631
3631
3631
3629
3629
3624
3621
3620
3620
3620
3619
3616
3614
3613
3612
3608
3607
3606
3606
3605
3604
3603
3602
3602
3601
3600
3600
3599
3598
3598
3598
3597
3595
3594
3592
3591
3591
3589
3587
3587
3580
3579
3577
3577
3577
3577
3576
3576
3572
3571
3571
3568
3568
3568
3568
3567
3566
3566
3564
3562
3559
3558
3558
3558
3558
3558
3555
3553
3553
3552
3551
3551
3549
3549
3548
3548
3548
3548
3540
3537
3534
3532
3530
3528
3527
3523
3522
3520
3519
3519
3518
3518
3516
3515
3514
3513
3512
3512
3511
3510
3509
3509
3508
3507
3507
3506
3506
3505
3503
3502
3501
3499
3498
3497
3496
3495
3494
3493
3492
3492
3492
3490
3490
3488
3488
3485
3484
3482
3479
3477
3477
3476
3474
3474
3473
3473
3473
3472
3469
3466
3465
3465
3464
3464
3463
3462
3460
3453
3451
3449
3449
3449
3448
3448
3448
3448
3447
3445
3445
3442
3440
3440
3438
3438
3438
3436
3435
3434
3432
3432
3432
3431
3429
3429
3429
3428
3428
3427
3427
3427
3425
3423
3420
3417
3417
3415
3415
3415
3414
3413
3411
3410
3409
3409
3407
3407
3406
3400
3399
3399
3397
3396
3394
3390
3390
3388
3386
3386
3381
3381
3379
3378
3378
3377
3377
3373
3372
3372
3369
3369
3367
3365
3363
3362
3362
3362
3362
3361
3360
3359
3359
3358
3358
3357
3356
3356
3354
3352
3351
3351
3351
3350
3350
3348
3346
3344
3344
3343
3343
3343
3343
3342
3339
3338
3337
3336
3336
3335
3335
3334
3334
3334
3334
3334
3333
3332
3331
3330
3329
3327
3326
3323
3319
3314
3314
3311
3310
3308
3303
3303
3299
3295
3295
3294
3292
3292
3290
3290
3284
3284
3283
3283
3280
3278
3278
3277
3277
3277
3277
3273
3272
3271
3270
3269
3268
3267
3267
3261
3260
3259
3259
3252
3251
3250
3248
3248
3246
3245
3242
3240
3240
3239
3238
3238
3236
3231
3229
3228
3228
3227
3221
3218
3217
3216
3213
3210
3209
3209
3204
3203
3200
3200
3199
3199
3198
3195
3195
3195
3192
3192
3192
3189
3188
3188
3185
3185
3182
3180
3180
3179
3178
3175
3174
3171
3171
3170
3170
3170
3169
3163
3158
3154
3150
3149
3147
3146
3144
3142
3140
3140
3139
3139
3136
3132
3131
3129
3116
3115
3115
3114
3111
3110
3109
3105
3104
3104
3103
3102
3100
3094
3092
3090
3090
3089
3087
3085
3084
3083
3081
3080
3080
3077
3074
3070
3070
3069
3066
3065
3064
3064
3063
3061
3060
3057
3055
3053
3050
3050
3047
3046
3040
3037
3036
3034
3034
3033
3033
3032
3031
3030
3030
3030
3028
3027
3026
3022
3022
3021
3016
3015
3015
3014
3005
3005
3004
3003
3003
3000
2999
2997
2997
2997
2997
2995
2994
2992
2991
2988
2987
2986
2986
2983
2983
2983
2981
2981
2981
2980
2976
2976
2974
2973
2970
2968
2968
2967
2963
2962
2962
2958
2954
2954
2953
2952
2951
2950
2948
2946
2946
2944
2944
2942
2942
2941
2940
2936
2935
2934
2932
2930
2927
2927
2926
2925
2924
2924
2923
2923
2922
2922
2921
2920
2920
2919
2918
2916
2915
2914
2914
2913
2911
2910
2909
2908
2907
2907
2904
2903
2901
2896
2895
2893
2893
2892
2888
2888
2887
2887
2886
2886
2885
2879
2877
2877
2875
2873
2871
2869
2868
2868
2866
2863
2861
2861
2861
2858
2855
2853
2853
2851
2850
2849
2848
2845
2845
2839
2838
2838
2836
2835
2834
2834
2832
2830
2829
2828
2824
2823
2823
2822
2822
2821
2818
2818
2815
2814
2814
2812
2812
2812
2809
2806
2806
2805
2802
2801
2801
2800
2796
2791
2790
2790
2789
2789
2787
2787
2787
2786
2786
2786
2785
2784
2783
2782
2778
2778
2777
2776
2774
2773
2773
2773
2771
2771
2769
2762
2758
2757
2754
2753
2752
2749
2749
2748
2746
2745
2742
2739
2737
2737
2736
2736
2735
2733
2732
2731
2728
2722
2722
2721
2719
2718
2717
2715
2710
2710
2709
2709
2708
2705
2704
2702
2698
2698
2694
2693
2692
2688
2688
2687
2683
2681
2679
2679
2678
2677
2676
2675
2674
2674
2673
2671
2670
2669
2669
2666
2663
2660
2660
2658
2657
2656
2656
2656
2654
2653
2651
2651
2650
2649
2649
2647
2644
2643
2641
2640
2638
2638
2637
2635
2635
2634
2632
2631
2631
2626
2625
2623
2622
2622
2620
2616
2615
2614
2614
2611
2611
2608
2607
2604
2603
2602
2601
2601
2601
2596
2596
2595
2595
2594
2589
2589
2587
2586
2585
2584
2584
2581
2580
2580
2579
2579
2579
2578
2578
2577
2573
2569
2567
2563
2561
2559
2557
2557
2553
2552
2552
2552
2551
2549
2548
2547
2546
2546
2546
2545
2545
2544
2542
2541
2541
2541
2539
2537
2534
2533
2531
2531
2530
2530
2530
2529
2529
2528
2527
2523
2522
2522
2521
2515
2511
2509
2508
2507
2506
2504
2502
2502
2501
2501
2500
2499
2499
2499
2498
2497
2495
2494
2492
2491
2488
2488
2486
2486
2486
2483
2483
2482
2482
2480
2477
2473
2473
2473
2470
2470
2468
2467
2458
2457
2457
2456
2455
2455
2454
2452
2452
2449
2449
2447
2446
2446
2445
2444
2441
2436
2433
2433
2432
2429
2428
2427
2427
2422
2416
2415
2413
2412
2411
2410
2410
2409
2407
2405
2401
2399
2397
2395
2394
2393
2392
2389
2389
2389
2388
2386
2384
2384
2384
2384
2382
2381
2380
2380
2379
2378
2376
2376
2375
2375
2374
2374
2373
2370
2370
2369
2365
2365
2364
2364
2363
2363
2363
2363
2362
2361
2360
2359
2359
2358
2358
2354
2353
2353
2352
2352
2351
2351
2350
2349
2348
2346
2344
2338
2337
2335
2334
2333
2332
2332
2331
2330
2330
2330
2329
2329
2329
2329
2327
2326
2323
2323
2322
2321
2319
2318
2318
2315
2315
2315
2314
2313
2312
2312
2309
2308
2307
2307
2307
2305
2305
2302
2296
2295
2294
2294
2293
2291
2289
2289
2288
2288
2284
2283
2282
2281
2281
2280
2280
2280
2280
2277
2277
2277
2276
2274
2274
2273
2272
2265
2264
2261
2261
2258
2258
2255
2255
2254
2254
2251
2251
2249
2247
2246
2245
2245
2243
2241
2241
2240
2240
2240
2239
2239
2238
2238
2237
2236
2235
2232
2231
2231
2229
2227
2223
2223
2220
2220
2218
2217
2217
2216
2214
2213
2211
2211
2209
2206
2206
2205
2204
2203
2198
2197
2195
2192
2189
2188
2185
2184
2183
2181
2180
2180
2179
2178
2176
2175
2174
2170
2167
2167
2166
2166
2166
2165
2164
2162
2157
2157
2156
2156
2154
2154
2154
2154
2150
2150
2147
2145
2143
2143
2142
2140
2139
2136
2134
2133
2133
2132
2131
2130
2129
2129
2127
2122
2121
2120
2117
2117
2116
2114
2113
2112
2104
2103
2102
2102
2101
2101
2100
2100
2098
2097
2096
2094
2094
2093
2093
2092
2089
2087
2086
2086
2085
2084
2082
2081
2080
2079
2079
2078
2078
2076
2075
2075
2074
2074
2072
2068
2068
2067
2065
2064
2063
2061
2059
2059
2058
2056
2056
2051
2051
2049
2047
2043
2041
2040
2040
2040
2040
2039
2039
2039
2038
2037
2033
2032
2032
2031
2029
2029
2028
2027
2027
2025
2022
2022
2019
2019
2017
2015
2014
2009
2008
2006
2004
2004
2004
2001
1998
1998
1995
1994
1994
1994
1994
1993
1993
1992
1990
1989
1989
1989
1988
1987
1986
1985
1984
1984
1983
1982
1982
1979
1978
1975
1975
1975
1975
1974
1973
1972
1972
1971
1970
1968
1968
1968
1964
1963
1962
1961
1959
1959
1958
1957
1957
1955
1952
1952
1952
1950
1949
1947
1947
1943
1940
1940
1939
1939
1938
1936
1935
1932
1932
1931
1929
1929
1929
1929
1928
1928
1927
1926
1923
1921
1921
1917
1916
1916
1916
1914
1914
1912
1910
1910
1909
1909
1909
1906
1906
1905
1904
1903
1903
1903
1902
1902
1902
1900
1899
1898
1897
1897
1897
1896
1895
1895
1890
1888
1885
1885
1884
1883
1882
1881
1879
1879
1877
1876
1875
1873
1871
1870
1869
1869
1867
1865
1861
1860
1859
1859
1858
1858
1857
1855
1854
1853
1853
1851
1850
1848
1843
1840
1838
1838
1837
1835
1835
1833
1833
1831
1831
1830
1829
1827
1826
1826
1826
1825
1825
1825
1824
1822
1822
1821
1819
1818
1818
1814
1812
1811
1811
1810
1808
1808
1805
1804
1803
1803
1802
1800
1799
1798
1797
1797
1795
1795
1795
1795
1795
1793
1793
1793
1793
1792
1790
1790
1790
1788
1786
1786
1786
1784
1784
1783
1781
1781
1780
1780
1778
1777
1776
1773
1772
1772
1772
1770
1770
1770
1769
1767
1766
1765
1765
1763
1761
1761
1761
1760
1760
1759
1759
1758
1758
1757
1757
1756
1756
1755
1754
1754
1754
1754
1753
1753
1753
1752
1751
1745
1744
1743
1739
1737
1736
1736
1735
1735
1735
1735
1735
1735
1734
1733
1733
1732
1732
1732
1731
1731
1731
1730
1730
1729
1728
1728
1727
1726
1726
1725
1725
1724
1722
1721
1719
1719
1715
1715
1714
1712
1712
1710
1708
1708
1708
1706
1706
1706
1705
1704
1704
1702
1702
1699
1699
1696
1695
1694
1694
1689
1688
1686
1686
1685
1684
1684
1683
1683
1681
1680
1680
1680
1678
1677
1677
1675
1675
1675
1674
1674
1674
1672
1671
1670
1667
1665
1663
1662
1662
1661
1661
1657
1657
1657
1656
1655
1655
1655
1655
1654
1652
1652
1649
1648
1646
1646
1644
1644
1644
1643
1642
1642
1641
1640
1639
1639
1639
1639
1639
1638
1637
1636
1636
1635
1633
1632
1631
1629
1628
1628
1627
1627
1627
1626
1626
1625
1625
1625
1625
1625
1624
1623
1623
1623
1623
1623
1621
1621
1619
1618
1617
1616
1613
1612
1611
1611
1609
1608
1608
1608
1608
1607
1607
1606
1606
1605
1604
1603
1601
1598
1597
1596
1596
1595
1595
1594
1593
1592
1590
1588
1587
1587
1587
1585
1585
1583
1583
1581
1581
1580
1580
1580
1578
1578
1578
1578
1578
1577
1577
1576
1575
1575
1575
1574
1572
1571
1571
1571
1571
1570
1568
1568
1567
1567
1566
1565
1563
1562
1562
1560
1559
1557
1557
1557
1555
1554
1554
1553
1553
1552
1552
1552
1550
1544
1543
1543
1542
1540
1540
1538
1538
1538
1535
1534
1534
1533
1532
1532
1532
1531
1528
1527
1526
1525
1525
1525
1524
1524
1523
1523
1523
1523
1522
1522
1521
1521
1520
1520
1517
1516
1515
1513
1513
1512
1512
1511
1511
1510
1510
1510
1509
1508
1508
1508
1507
1507
1507
1507
1507
1504
1504
1503
1503
1503
1502
1502
1501
1501
1500
1500
1499
1499
1499
1498
1498
1497
1497
1497
1496
1496
1494
1493
1492
1492
1490
1488
1488
1488
1487
1486
1486
1485
1484
1484
1483
1483
1483
1483
1482
1482
1481
1479
1479
1479
1478
1476
1475
1475
1470
1469
1469
1469
1469
1468
1468
1466
1466
1466
1465
1465
1465
1465
1464
1463
1462
1460
1459
1459
1458
1457
1457
1457
1455
1455
1455
1455
1453
1451
1450
1449
1449
1449
1448
1448
1448
1448
1447
1447
1446
1444
1444
1443
1443
1442
1441
1441
1441
1441
1441
1440
1440
1440
1440
1440
1439
1438
1438
1438
1436
1435
1434
1431
1431
1430
1430
1429
1429
1428
1428
1428
1428
1427
1427
1424
1423
1423
1422
1422
1421
1420
1420
1420
1419
1418
1418
1418
1418
1418
1416
1416
1415
1415
1413
1411
1410
1410
1409
1408
1408
1407
1406
1405
1404
1403
1401
1400
1399
1397
1397
1396
1394
1393
1391
1390
1390
1389
1389
1387
1386
1386
1385
1385
1385
1384
1383
1383
1383
1383
1382
1381
1380
1378
1378
1377
1377
1377
1376
1374
1374
1373
1372
1371
1371
1370
1370
1370
1369
1368
1368
1368
1367
1367
1367
1366
1365
1365
1365
1365
1364
1364
1361
1360
1360
1360
1359
1358
1356
1355
1355
1354
1354
1354
1352
1352
1351
1350
1349
1349
1349
1346
1346
1346
1345
1345
1345
1344
1344
1343
1343
1343
1342
1342
1341
1340
1340
1339
1339
1339
1338
1338
1337
1337
1336
1336
1333
1333
1332
1331
1330
1330
1329
1329
1328
1328
1328
1327
1327
1327
1326
1326
1325
1324
1324
1324
1324
1323
1323
1322
1322
1321
1321
1321
1320
1319
1318
1317
1317
1317
1317
1316
1316
1315
1315
1314
1314
1313
1313
1312
1311
1311
1310
1309
1308
1308
1307
1307
1307
1306
1305
1305
1303
1303
1303
1303
1302
1302
1301
1300
1300
1299
1299
1299
1298
1298
1295
1295
1294
1294
1293
1293
1293
1292
1292
1289
1289
1287
1286
1284
1284
1281
1281
1280
1279
1279
1278
1278
1278
1277
1277
1277
1275
1275
1274
1272
1271
1271
1270
1270
1269
1269
1269
1269
1269
1268
1268
1268
1268
1268
1267
1265
1265
1265
1265
1264
1263
1262
1261
1260
1259
1259
1259
1258
1258
1256
1256
1256
1255
1255
1254
1253
1253
1252
1252
1251
1251
1251
1251
1251
1250
1249
1248
1247
1247
1247
1247
1247
1247
1246
1246
1246
1246
1246
1245
1245
1245
1245
1245
1244
1244
1243
1242
1241
1241
1241
1241
1241
1240
1240
1240
1240
1239
1238
1238
1238
1238
1237
1236
1235
1235
1235
1234
1233
1233
1233
1233
1233
1232
1232
1231
1231
1231
1231
1230
1229
1229
1228
1228
1227
1227
1227
1226
1226
1226
1225
1224
1224
1221
1221
1221
1220
1220
1220
1219
1219
1219
1218
1218
1218
1218
1218
1216
1216
1215
1215
1214
1213
1213
1212
1212
1211
1210
1209
1209
1209
1209
1208
1208
1207
1207
1207
1207
1207
1206
1206
1205
1205
1205
1204
1204
1204
1204
1203
1203
1203
1202
1202
1201
1201
1200
1199
1199
1199
1198
1198
1195
1193
1193
1192
1192
1191
1191
1191
1191
1190
1190
1189
1189
1189
1188
1187
1187
1187
1186
1186
1186
1182
1180
1179
1179
1179
1177
1177
1177
1177
1177
1176
1176
1175
1174
1174
1173
1173
1172
1172
1172
1171
1171
1170
1170
1169
1169
1169
1168
1168
1167
1167
1167
1166
1165
1164
1164
1164
1163
1163
1162
1162
1161
1161
1161
1161
1160
1160
1160
1160
1159
1159
1159
1158
1155
1155
1155
1155
1155
1155
1154
1154
1154
1154
1153
1152
1152
1151
1150
1150
1150
1150
1149
1149
1149
1148
1148
1148
1148
1147
1146
1145
1145
1144
1144
1143
1143
1142
1142
1142
1142
1142
1142
1142
1142
1141
1141
1141
1141
1141
1141
1140
1140
1139
1138
1137
1137
1137
1136
1135
1135
1135
1134
1134
1133
1132
1131
1131
1130
1130
1129
1129
1129
1129
1128
1128
1128
1128
1127
1127
1127
1127
1127
1127
1126
1126
1126
1126
1125
1124
1124
1123
1123
1122
1122
1122
1121
1121
1121
1120
1120
1120
1120
1120
1119
1119
1119
1118
1118
1117
1117
1117
1116
1115
1115
1114
1114
1113
1113
1113
1113
1113
1112
1112
1112
1112
1111
1111
1110
1110
1110
1109
1109
1108
1106
1105
1105
1105
1104
1104
1103
1103
1103
1103
1103
1102
1102
1101
1101
1101
1101
1100
1100
1100
1099
1099
1098
1098
1097
1097
1095
1095
1095
1095
1095
1094
1094
1094
1094
1093
1093
1093
1093
1093
1093
1092
1092
1092
1091
1091
1090
1090
1089
1087
1087
1087
1087
1087
1086
1085
1085
1084
1083
1082
1082
1082
1082
1081
1081
1081
1080
1080
1080
1079
1079
1079
1079
1079
1078
1078
1078
1078
1077
1077
1077
1076
1076
1075
1075
1075
1075
1074
1074
1074
1073
1073
1073
1072
1072
1072
1072
1071
1071
1071
1071
1069
1069
1069
1069
1068
1068
1068
1068
1067
1067
1067
1067
1067
1066
1066
1066
1065
1065
1065
1063
1063
1063
1063
1061
1061
1061
1060
1060
1060
1059
1059
1058
1058
1058
1058
1057
1057
1057
1057
1057
1056
1056
1056
1056
1055
1055
1055
1055
1055
1054
1054
1054
1054
1054
1053
1053
1052
1052
1051
1051
1051
1051
1051
1051
1051
1050
1050
1049
1048
1048
1048
1048
1048
1048
1047
1047
1047
1046
1046
1046
1045
1045
1045
1045
1045
1045
1044
1044
1044
1044
1043
1043
1043
1043
1042
1042
1042
1042
1042
1041
1041
1040
1040
1040
1040
1040
1039
1039
1039
1039
1037
1037
1037
1037
1037
1036
1036
1036
1036
1036
1036
1036
1035
1035
1035
1034
1034
1033
1033
1033
1033
1033
1031
1031
1031
1031
1030
1030
1030
1030
1029
1029
1028
1028
1028
1027
1027
1027
1027
1027
1027
1027
1026
1026
1026
1025
1025
1025
1024
1023
1023
1023
1023
1023
1023
1022
1022
1022
1022
1022
1021
1020
1020
1020
1019
1019
1019
1018
1017
1017
1017
1017
1016
1016
1016
1016
1016
1016
1016
1015
1014
1014
1014
1014
1013
1013
1012
1012
1012
1012
1012
1012
1012
1011
1011
1010
1010
1009
1008
1007
1007
1007
1007
1007
1006
1006
1005
1005
1004
1003
1003
1003
1003
1002
1002
1002
1002
1000
999
999
999
999
999
998
998
998
998
997
997
996
996
996
996
995
995
995
994
994
994
994
994
993
993
993
993
993
993
993
992
992
991
991
991
990
990
990
989
989
989
989
989
989
989
988
988
988
987
987
987
986
986
986
986
985
984
984
984
984
983
983
983
983
982
982
982
982
981
981
980
980
979
979
979
979
979
978
978
977
976
976
976
975
975
975
975
975
975
974
974
974
974
974
974
974
973
973
973
973
973
973
972
972
972
971
971
971
971
971
971
971
971
971
969
969
969
969
968
968
968
967
967
967
966
966
966
966
966
966
965
965
965
965
964
964
964
963
963
962
962
962
962
961
961
961
960
960
960
960
960
960
959
959
959
959
958
958
958
958
958
957
957
957
957
956
956
956
956
955
955
955
955
955
954
954
954
954
954
954
953
952
952
952
952
952
952
951
951
951
951
950
950
950
950
950
949
949
949
949
948
948
948
948
948
948
947
947
947
947
946
946
946
946
946
946
945
945
945
944
944
944
944
943
943
943
943
942
942
942
942
941
941
941
941
940
940
940
939
939
939
938
938
938
937
937
937
937
936
936
935
935
935
935
934
934
934
933
933
933
933
932
932
932
932
932
932
931
931
931
930
930
930
930
930
929
929
929
929
929
929
929
929
928
928
927
927
927
927
926
926
926
926
925
925
925
925
924
924
924
923
922
922
922
922
921
921
921
921
921
920
920
920
920
920
920
920
920
919
919
919
918
918
918
918
917
917
917
917
917
917
917
916
916
916
916
916
916
916
916
915
915
915
914
914
914
914
913
912
912
912
912
912
911
911
910
910
910
909
909
909
908
908
908
907
907
907
907
907
906
906
906
906
905
905
905
904
904
904
904
904
903
902
902
902
902
901
901
901
901
901
900
900
900
899
899
899
899
899
898
898
898
898
898
898
897
897
897
897
897
896
896
896
896
896
896
895
895
895
894
893
893
893
893
893
893
893
893
893
893
892
892
892
892
892
892
892
892
892
892
891
891
891
891
891
891
890
890
890
890
890
890
890
889
889
889
889
889
889
888
888
888
887
887
886
886
886
886
886
885
885
884
884
884
884
884
884
883
883
882
882
882
882
882
882
882
881
881
881
881
881
881
881
881
881
880
880
879
879
879
879
879
879
879
879
879
879
879
878
878
878
877
877
877
877
877
877
877
877
876
876
876
875
874
874
874
874
874
874
874
874
873
873
873
873
872
872
872
872
872
871
871
871
870
870
870
870
869
869
868
868
868
868
868
867
867
867
867
867
867
867
867
867
867
867
866
866
866
866
865
865
865
865
865
864
864
864
864
864
864
864
863
863
863
863
863
863
863
862
862
862
862
862
861
861
861
860
860
860
860
860
860
859
859
859
859
859
859
859
858
858
858
858
858
857
857
857
856
856
856
855
855
855
855
855
854
854
854
854
854
854
853
853
853
853
853
853
853
852
852
852
852
852
852
852
851
851
851
851
850
850
850
850
849
849
849
849
848
848
848
848
848
848
847
847
847
847
847
847
846
846
846
846
846
846
845
845
845
845
845
845
845
844
844
844
844
844
844
844
844
843
843
843
842
842
842
842
842
842
842
841
841
841
841
841
841
840
840
840
840
839
839
839
839
838
838
838
838
837
837
837
837
837
837
836
836
836
836
836
836
835
835
835
835
835
834
834
834
834
833
833
833
833
833
833
832
832
832
832
832
832
832
832
831
831
831
831
831
831
831
831
831
831
831
831
830
830
830
829
829
829
829
829
828
828
828
828
827
827
827
827
827
826
826
826
826
826
826
826
825
825
825
825
825
825
824
824
824
824
824
824
823
823
823
823
822
822
822
822
822
821
821
821
821
821
820
820
820
820
820
820
819
819
819
819
819
819
819
819
819
819
818
818
818
818
818
818
817
817
817
816
816
816
815
815
815
815
815
815
815
814
814
814
814
814
813
813
813
812
812
812
812
812
812
812
811
811
811
811
811
811
811
810
810
810
810
810
809
809
809
809
809
808
808
808
808
808
808
807
807
807
807
807
807
806
806
806
805
805
805
805
805
805
805
805
805
805
805
805
805
805
804
804
804
804
804
804
804
804
804
803
803
803
803
803
802
802
802
802
802
802
802
802
801
801
801
801
801
800
800
800
800
800
799
799
799
799
798
798
798
798
798
798
797
797
797
797
797
796
796
796
796
796
796
795
795
795
795
795
795
795
795
795
795
794
794
794
793
793
792
792
792
792
792
792
792
792
791
791
791
791
791
791
791
790
790
790
790
790
790
790
789
789
789
788
788
788
788
788
788
787
787
787
787
787
787
787
786
786
786
786
786
785
785
785
785
785
785
784
784
784
784
784
783
783
783
783
782
782
782
782
782
782
782
782
781
781
781
781
781
781
780
780
780
780
780
780
780
780
780
779
779
779
779
779
779
779
779
778
778
778
777
777
777
777
777
777
776
776
776
776
776
776
776
776
776
776
776
775
775
775
775
775
775
775
774
774
774
774
774
774
774
773
773
773
773
773
773
772
772
772
772
772
772
772
772
772
772
772
772
771
771
771
770
770
770
770
770
770
769
769
769
769
769
769
769
768
768
768
768
768
768
768
768
768
767
767
767
767
767
767
766
766
766
766
766
766
765
765
765
765
765
765
765
765
764
764
764
764
764
764
763
763
763
763
762
762
762
762
762
762
762
762
761
761
761
760
760
760
760
760
760
760
760
760
759
759
759
758
758
758
758
758
758
758
758
758
758
758
758
757
757
756
756
756
756
756
756
756
756
755
755
755
755
755
755
755
755
755
754
754
754
754
754
754
753
753
753
753
753
752
752
752
752
752
752
752
752
752
752
752
752
752
751
751
751
751
751
751
751
751
751
750
750
750
750
749
749
749
749
749
749
749
749
749
748
748
748
748
748
748
748
748
747
747
747
747
747
747
747
746
746
746
746
746
746
746
745
745
745
745
745
745
744
744
744
744
744
744
744
743
743
743
743
743
743
743
743
742
742
742
742
742
742
742
742
741
741
741
741
741
741
741
741
741
740
740
740
740
740
740
739
739
739
738
738
738
738
738
738
738
737
737
737
737
737
736
736
736
736
736
736
736
736
736
736
736
736
736
736
736
736
735
735
735
735
735
734
734
734
734
734
734
734
734
734
734
733
733
733
733
733
733
733
733
733
732
732
732
732
732
732
732
731
731
731
731
731
731
731
731
730
730
730
730
730
729
729
729
729
729
729
729
728
728
728
728
728
728
728
728
728
728
728
727
727
727
727
727
727
726
726
726
726
726
726
725
725
725
725
725
725
725
724
724
724
724
724
724
724
724
724
724
724
723
723
723
722
722
722
722
722
722
721
721
721
721
721
721
721
721
720
720
720
720
720
720
720
720
719
719
719
719
719
719
719
719
718
718
718
718
718
718
717
717
717
717
717
717
717
717
717
717
717
716
716
716
716
716
716
716
716
716
715
715
715
715
715
715
715
714
714
714
714
714
714
714
714
713
713
713
713
713
713
713
713
713
713
713
713
713
712
712
712
712
712
712
712
711
711
711
711
711
711
710
710
710
710
710
710
710
710
709
709
709
709
709
709
709
709
709
708
708
708
708
708
708
708
708
707
707
707
707
707
707
707
707
707
707
707
707
707
707
707
706
706
706
706
706
706
706
706
706
706
706
706
706
705
705
705
705
705
705
705
705
705
705
705
705
704
704
704
704
704
704
704
704
704
704
704
703
703
703
703
703
703
703
703
703
703
703
702
702
702
702
702
702
702
702
701
701
701
701
701
701
700
700
700
700
700
700
700
699
699
699
699
699
699
698
698
698
698
698
698
698
698
698
698
698
698
698
697
697
697
697
696
696
696
696
696
696
696
696
696
696
696
696
696
696
696
696
696
695
695
695
695
695
695
695
695
695
695
695
695
694
694
694
694
694
694
694
694
694
694
694
694
694
694
693
693
693
693
693
693
693
693
692
692
692
692
692
692
692
692
692
692
691
691
691
690
690
690
690
690
690
690
689
689
689
689
688
688
688
688
688
688
688
688
688
688
687
687
687
687
687
687
687
687
687
687
686
686
686
686
686
686
686
686
686
685
685
685
685
685
685
684
684
684
684
684
684
683
683
683
683
683
683
683
683
682
682
682
682
682
682
682
681
681
681
681
681
681
681
681
680
680
680
680
680
680
680
680
680
680
680
680
679
679
679
679
679
679
679
679
679
679
679
679
679
679
678
678
678
678
678
678
678
678
678
677
677
677
677
677
677
677
677
676
676
676
676
676
675
675
675
675
675
675
675
675
675
674
674
674
674
674
674
674
674
674
674
673
673
673
673
673
673
673
673
673
673
673
673
673
672
672
672
672
672
672
672
672
672
671
671
671
671
671
671
671
671
670
670
670
670
670
670
670
670
670
670
670
670
670
669
669
669
668
668
668
668
668
668
668
668
668
668
668
668
668
668
667
667
666
666
666
666
666
666
666
666
666
666
666
666
666
666
665
665
665
665
665
665
665
665
664
664
664
664
664
664
664
663
663
663
663
663
663
663
663
663
663
663
662
662
662
662
662
662
662
662
662
662
661
661
661
661
661
661
661
661
660
660
660
660
660
660
660
660
660
660
660
660
660
659
659
659
659
659
659
659
659
659
659
658
658
658
658
658
658
658
657
657
656
656
656
656
655
655
655
655
655
655
655
655
655
655
655
654
654
654
654
654
654
654
654
654
654
654
653
653
653
653
653
653
653
653
653
653
653
653
653
653
653
653
652
652
652
652
652
651
651
651
651
651
651
651
651
650
650
650
650
650
650
650
650
650
650
650
650
650
650
650
649
649
649
649
649
649
649
649
649
649
649
649
649
649
649
649
649
648
648
648
648
648
648
648
648
648
648
647
647
647
647
647
647
647
647
647
647
647
647
647
647
647
647
647
647
647
647
646
646
646
646
646
646
646
646
646
646
646
645
645
645
645
645
645
645
645
645
645
644
644
644
644
644
644
644
644
644
643
643
643
643
643
643
643
642
642
642
642
642
641
641
641
641
641
641
641
641
641
641
641
641
641
640
640
640
640
640
640
640
640
640
640
640
640
639
639
638
638
638
638
638
638
638
638
638
638
638
638
638
638
637
637
637
637
637
637
637
637
637
637
637
636
636
636
636
636
636
636
636
636
636
636
636
636
635
635
635
635
635
635
635
635
635
635
635
635
635
635
634
634
634
634
634
634
634
634
634
634
634
634
633
633
633
633
633
633
633
633
633
633
632
632
632
632
632
632
632
632
632
632
632
631
631
631
631
631
631
631
631
631
631
631
631
631
631
630
630
630
630
630
630
630
630
629
629
629
629
629
629
629
629
629
629
629
629
629
629
628
628
628
628
628
628
628
628
628
628
628
628
628
628
628
628
627
627
627
627
627
627
627
627
627
627
627
627
627
627
627
627
627
627
627
627
627
626
626
626
626
626
626
626
626
626
626
625
625
625
625
625
625
625
625
625
625
624
624
624
624
624
624
624
624
624
624
624
623
623
623
623
623
623
623
622
622
622
622
622
622
622
622
622
621
621
621
621
621
621
621
621
621
621
620
620
620
620
620
620
620
620
620
620
620
620
620
620
620
620
619
619
619
619
619
619
619
619
619
619
619
619
619
618
618
618
618
618
618
618
618
618
618
618
618
618
618
618
618
618
618
618
618
618
618
617
617
617
617
617
617
617
617
617
616
616
616
616
616
616
616
616
616
616
616
616
616
616
615
615
615
615
615
615
615
615
615
615
614
614
614
614
614
614
614
614
614
614
614
614
614
614
614
613
613
613
613
613
613
613
613
613
613
613
612
612
612
612
612
612
612
612
612
612
612
611
611
611
611
611
611
611
611
611
611
611
611
610
610
610
610
610
610
610
610
610
610
610
610
610
609
609
609
609
609
609
609
609
609
609
609
609
609
609
608
608
608
608
608
608
608
608
608
608
608
608
607
607
607
607
607
607
607
607
607
607
607
607
607
607
606
606
606
606
606
606
606
606
606
606
606
606
606
606
605
605
605
605
605
605
605
605
605
605
605
605
605
605
605
604
604
604
604
604
604
604
604
604
604
604
604
603
603
603
603
603
603
603
603
603
603
603
603
603
603
603
602
602
602
602
602
602
602
602
602
602
602
602
602
602
602
602
601
601
601
601
601
601
601
601
601
601
601
601
601
601
601
600
600
600
600
600
600
600
600
600
600
600
600
600
600
600
599
599
599
599
599
599
599
599
599
598
598
598
598
598
598
598
598
598
598
597
597
597
597
597
597
597
597
597
597
597
597
596
596
596
596
596
596
596
596
596
596
596
596
596
596
595
595
595
595
595
595
595
595
595
595
595
595
595
595
595
595
594
594
594
594
594
594
594
594
594
594
594
594
594
594
594
593
593
593
593
593
593
593
593
593
593
593
593
593
593
593
593
593
593
592
592
592
592
592
592
592
592
592
592
592
592
592
592
591
591
591
591
591
591
591
591
591
591
591
590
590
590
590
590
590
590
590
590
590
590
590
590
590
590
589
589
589
589
589
589
589
589
589
589
589
589
589
589
589
589
589
588
588
588
588
588
588
588
588
588
588
587
587
587
587
587
587
587
587
587
587
587
587
587
586
586
586
586
586
586
586
586
586
586
586
586
585
585
585
585
585
585
585
585
585
585
585
585
585
585
585
584
584
584
584
584
584
584
584
584
584
583
583
583
583
583
583
583
583
583
582
582
582
582
582
582
582
582
582
582
582
582
582
582
581
581
581
581
581
581
581
581
581
581
581
581
581
581
581
581
581
581
580
580
580
580
580
580
580
580
580
580
580
580
580
580
580
580
580
580
580
580
580
580
579
579
579
579
579
579
579
579
579
579
579
579
579
579
579
579
579
578
578
578
578
578
578
578
578
578
578
578
578
578
577
577
577
577
577
577
577
577
577
577
577
577
577
577
577
577
576
576
576
576
576
576
576
576
576
576
576
576
576
576
576
576
576
575
575
575
575
575
575
575
575
575
575
575
575
575
575
575
575
574
574
574
574
574
574
574
574
574
574
574
574
573
573
573
573
573
573
573
573
573
572
572
572
572
572
572
572
572
572
572
572
572
572
572
572
572
572
572
572
571
571
571
571
571
571
571
571
571
571
571
571
571
571
571
570
570
570
570
570
570
570
570
570
570
570
570
570
570
570
570
570
570
570
570
570
569
569
569
569
569
569
569
569
569
569
569
569
569
569
569
569
569
569
568
568
568
568
568
568
568
568
568
568
568
568
568
568
568
568
568
568
568
567
567
567
567
567
567
567
567
567
567
567
566
566
566
566
566
566
566
566
566
566
566
566
566
566
566
566
566
566
565
565
565
565
565
565
565
565
565
565
565
565
564
564
564
564
564
564
564
564
564
564
564
564
564
564
564
564
564
564
564
564
563
563
563
563
563
563
563
563
563
563
563
563
563
563
563
563
563
563
563
563
562
562
562
562
562
562
562
562
562
562
562
562
562
562
562
561
561
561
561
561
561
561
561
560
560
560
560
560
560
560
560
560
560
560
560
560
560
560
560
560
560
560
560
560
560
559
559
559
559
559
559
559
559
559
559
558
558
558
558
558
558
558
558
558
558
558
558
558
558
558
558
558
558
557
557
557
557
557
557
557
557
557
557
557
557
557
557
557
556
556
556
556
556
556
556
556
556
556
556
556
556
556
555
555
555
555
555
555
555
555
555
555
555
555
555
555
555
555
554
554
554
554
554
554
554
554
554
554
554
554
554
554
554
554
553
553
553
553
553
553
553
553
553
552
552
552
552
552
552
552
552
552
552
552
552
552
552
552
552
552
552
551
551
551
551
551
551
551
551
551
551
551
551
551
551
551
551
551
551
551
551
551
550
550
550
550
550
550
550
550
550
550
550
550
550
550
550
550
549
549
549
549
549
549
549
549
549
549
549
549
549
548
548
548
548
548
548
548
548
548
548
547
547
547
547
547
547
547
547
547
547
547
547
547
547
547
547
547
547
547
546
546
546
546
546
546
546
546
546
546
546
546
546
545
545
545
545
545
545
545
545
545
545
545
545
545
545
545
545
545
545
545
544
544
544
544
544
544
544
544
544
544
544
544
544
544
544
544
543
543
543
543
543
543
543
543
543
543
543
543
543
543
543
543
543
542
542
542
542
542
542
542
542
542
542
542
542
542
542
542
541
541
541
541
541
541
541
541
541
541
541
541
541
541
541
541
540
540
540
540
540
540
540
540
540
540
540
540
540
540
540
540
540
540
540
540
539
539
539
539
539
539
539
539
539
539
539
539
539
539
539
539
539
539
539
539
538
538
538
538
538
538
538
538
538
538
538
538
538
538
538
538
538
538
537
537
537
537
537
537
537
537
537
537
537
537
537
537
537
537
537
537
536
536
536
536
536
536
536
536
536
536
536
536
536
536
536
536
536
535
535
535
535
535
535
535
535
534
534
534
534
534
534
534
534
534
534
534
534
534
534
534
534
534
533
533
533
533
533
533
533
533
533
533
533
533
533
532
532
532
532
532
532
532
532
532
532
532
532
532
532
531
531
531
531
531
531
531
531
531
531
531
531
531
531
530
530
530
530
530
530
530
530
530
530
530
530
530
530
530
530
530
530
530
529
529
529
529
529
529
529
529
529
529
529
529
529
529
529
529
529
529
529
529
528
528
528
528
528
528
528
528
528
528
528
528
528
528
528
527
527
527
527
527
527
527
527
527
527
527
527
527
527
526
526
526
526
526
526
526
526
526
526
526
526
526
526
526
526
526
526
526
526
526
526
526
526
526
526
525
525
525
525
525
525
525
525
525
525
525
525
525
525
524
524
524
524
524
524
524
524
524
524
524
524
524
524
524
524
524
524
524
524
524
524
523
523
523
523
523
523
523
523
523
523
523
523
523
523
523
523
523
523
523
523
522
522
522
522
522
522
522
522
522
522
522
522
522
522
522
522
522
522
522
521
521
521
521
521
521
521
521
521
521
521
521
521
521
521
521
521
521
521
521
521
520
520
520
520
520
520
520
520
520
520
520
520
520
520
520
520
520
520
520
520
519
519
519
519
519
519
519
519
519
519
519
519
519
519
519
519
519
519
519
518
518
518
518
518
518
518
518
518
518
518
518
518
518
518
518
517
517
517
517
517
517
517
517
517
517
516
516
516
516
516
516
516
516
516
516
516
516
516
516
516
515
515
515
515
515
515
515
515
515
515
515
515
515
515
515
515
515
515
515
515
515
515
515
515
515
515
515
515
514
514
514
514
514
514
514
514
514
514
514
514
514
514
514
514
514
513
513
513
513
513
513
513
513
513
513
513
512
512
512
512
512
512
512
512
512
512
512
512
512
512
512
512
512
512
512
512
511
511
511
511
511
511
511
511
511
511
511
511
511
511
511
511
511
510
510
510
510
510
510
510
510
510
510
510
510
510
510
510
510
510
510
510
509
509
509
509
509
509
509
509
509
509
509
509
509
509
509
509
509
509
508
508
508
508
508
508
508
508
508
508
508
508
508
508
508
508
508
508
507
507
507
507
507
507
507
507
507
507
507
507
507
507
507
506
506
506
506
506
506
506
506
506
506
506
506
506
506
506
506
506
506
505
505
505
505
505
505
505
505
505
505
505
505
505
505
505
505
505
505
505
505
505
505
505
504
504
504
504
504
504
504
504
504
504
504
504
504
504
504
504
504
503
503
503
503
503
503
503
503
503
503
503
503
503
503
502
502
502
502
502
502
502
502
502
502
502
502
502
502
502
502
502
502
502
502
502
502
502
502
502
502
502
501
501
501
501
501
501
501
501
501
501
501
501
501
501
501
501
501
501
501
501
501
501
501
501
500
500
500
500
500
500
500
500
500
500
500
500
500
500
500
500
500
500
500
500
500
499
499
499
499
499
499
499
499
499
499
499
499
499
499
499
499
499
499
499
499
499
499
499
499
499
498
498
498
498
498
498
498
498
498
498
498
498
498
498
498
498
498
498
498
497
497
497
497
497
497
497
497
497
497
497
497
497
497
497
497
496
496
496
496
496
496
496
496
496
496
496
496
496
496
496
496
496
496
496
496
496
496
496
495
495
495
495
495
495
495
495
495
495
495
495
495
495
495
495
495
495
495
495
495
495
495
495
495
494
494
494
494
494
494
494
494
494
494
494
494
493
493
493
493
493
493
493
493
493
493
493
493
493
493
493
493
493
492
492
492
492
492
492
492
492
492
492
492
492
492
492
492
492
492
492
492
492
492
492
492
492
492
492
491
491
491
491
491
491
491
491
491
491
491
491
491
491
491
491
491
491
491
491
491
491
491
491
491
491
491
490
490
490
490
490
490
490
490
490
490
490
490
490
490
490
490
490
490
490
490
489
489
489
489
489
489
489
489
489
489
489
489
489
489
489
489
489
489
488
488
488
488
488
488
488
488
488
488
488
488
488
488
488
488
488
488
488
487
487
487
487
487
487
487
487
487
487
487
487
487
487
487
487
487
487
487
487
487
487
487
487
486
486
486
486
486
486
486
486
486
486
486
486
486
486
486
486
486
486
486
486
486
486
486
485
485
485
485
485
485
485
485
485
485
485
485
485
485
485
485
485
485
485
485
484
484
484
484
484
484
484
484
484
484
484
484
484
484
484
484
484
484
484
484
484
484
483
483
483
483
483
483
483
483
483
483
483
482
482
482
482
482
482
482
482
482
482
482
482
482
482
482
482
482
482
482
482
482
482
482
481
481
481
481
481
481
481
481
481
481
481
481
481
481
481
481
481
481
481
481
480
480
480
480
480
480
480
480
480
480
480
480
480
480
480
480
480
480
480
480
480
480
480
480
480
480
480
479
479
479
479
479
479
479
479
479
479
479
479
479
479
479
479
479
479
479
479
479
479
479
479
479
479
478
478
478
478
478
478
478
478
478
478
478
478
478
478
478
478
478
478
478
477
477
477
477
477
477
477
477
477
477
477
477
477
477
477
477
477
477
477
477
477
477
477
477
477
477
477
477
476
476
476
476
476
476
476
476
476
476
476
476
476
476
476
476
476
476
476
476
475
475
475
475
475
475
475
475
475
475
475
475
475
475
475
475
475
475
475
475
475
475
475
475
475
475
475
475
475
475
475
475
475
475
475
475
474
474
474
474
474
474
474
474
474
474
474
474
474
474
474
474
474
474
473
473
473
473
473
473
473
473
473
473
473
473
473
473
473
473
473
473
473
473
473
473
473
472
472
472
472
472
472
472
472
472
472
472
472
472
472
472
472
472
472
472
472
472
471
471
471
471
471
471
471
471
471
471
471
471
471
471
471
471
471
470
470
470
470
470
470
470
470
470
470
470
470
470
470
470
469
469
469
469
469
469
469
469
469
469
469
469
469
469
469
469
469
469
469
469
469
469
468
468
468
468
468
468
468
468
468
468
468
468
468
468
468
468
468
468
468
468
467
467
467
467
467
467
467
467
467
467
467
467
467
467
467
467
467
467
467
467
467
467
466
466
466
466
466
466
466
466
466
466
466
466
466
466
466
466
466
466
466
466
466
466
465
465
465
465
465
465
465
465
465
465
465
465
465
465
465
465
465
465
465
465
465
465
465
465
465
465
465
465
464
464
464
464
464
464
464
464
464
464
464
464
464
464
464
464
464
464
463
463
463
463
463
463
463
463
463
463
463
463
463
463
463
463
463
463
463
463
463
462
462
462
462
462
462
462
462
462
462
462
462
462
462
462
462
462
462
462
462
462
462
462
462
462
462
461
461
461
461
461
461
461
461
461
461
461
461
461
461
461
461
461
461
461
461
461
461
461
461
461
460
460
460
460
460
460
460
460
460
460
460
460
460
460
460
460
460
460
460
460
460
460
459
459
459
459
459
459
459
459
459
459
459
459
459
459
459
459
459
459
459
459
459
459
459
459
459
459
459
459
459
459
458
458
458
458
458
458
458
458
458
458
458
458
458
458
458
458
458
458
458
458
458
457
457
457
457
457
457
457
457
457
457
457
457
457
457
457
457
457
457
457
457
457
457
457
457
457
457
457
457
457
457
457
456
456
456
456
456
456
456
456
456
456
456
456
456
456
456
456
456
456
456
455
455
455
455
455
455
455
455
455
455
455
455
455
455
455
455
455
455
455
455
455
455
455
455
455
455
455
455
455
454
454
454
454
454
454
454
454
454
454
454
454
454
454
454
454
454
454
454
454
454
454
454
454
453
453
453
453
453
453
453
453
453
453
453
453
453
453
453
453
453
452
452
452
452
452
452
452
452
452
452
452
452
452
452
452
452
452
452
452
452
451
451
451
451
451
451
451
451
451
451
451
451
451
451
451
451
451
451
451
451
451
451
451
451
451
450
450
450
450
450
450
450
450
450
450
450
450
450
449
449
449
449
449
449
449
449
449
449
449
449
449
449
449
449
449
449
449
449
449
449
449
449
449
449
449
449
449
449
449
449
449
449
448
448
448
448
448
448
448
448
448
448
448
448
448
448
448
448
448
448
448
448
448
448
448
448
448
447
447
447
447
447
447
447
447
447
447
447
447
447
447
447
447
447
447
447
446
446
446
446
446
446
446
446
446
446
446
446
446
446
446
446
446
446
446
446
446
446
446
446
446
446
446
445
445
445
445
445
445
445
445
445
445
445
445
445
445
445
445
445
445
445
445
445
444
444
444
444
444
444
444
444
444
444
444
444
444
444
444
444
444
444
444
444
444
444
444
444
444
444
444
443
443
443
443
443
443
443
443
443
443
443
443
443
443
443
443
443
443
443
442
442
442
442
442
442
442
442
442
442
442
442
442
442
442
442
442
442
442
442
442
441
441
441
441
441
441
441
441
441
441
441
441
441
441
441
441
441
441
441
441
441
441
441
441
441
441
441
440
440
440
440
440
440
440
440
440
440
440
440
440
440
440
440
440
440
440
440
440
440
440
440
440
440
440
440
440
439
439
439
439
439
439
439
439
439
439
439
439
439
439
439
439
439
439
439
439
439
439
439
439
438
438
438
438
438
438
438
438
438
438
438
438
438
438
438
438
438
438
438
438
438
438
438
438
438
438
437
437
437
437
437
437
437
437
437
437
437
437
437
437
437
437
437
437
437
437
437
437
437
437
437
437
437
437
437
437
436
436
436
436
436
436
436
436
436
436
436
436
436
436
436
436
436
436
436
436
436
436
435
435
435
435
435
435
435
435
435
435
435
435
435
435
435
435
435
435
435
435
435
435
435
435
435
435
435
435
434
434
434
434
434
434
434
434
434
434
434
434
434
434
433
433
433
433
433
433
433
433
433
433
433
433
433
433
433
433
433
433
433
433
433
433
433
433
433
432
432
432
432
432
432
432
432
432
432
432
432
432
432
432
432
432
432
432
431
431
431
431
431
431
431
431
431
431
431
431
431
431
431
431
431
431
431
431
431
431
431
431
431
431
431
431
431
430
430
430
430
430
430
430
430
430
430
430
430
430
430
430
430
430
430
430
430
430
430
430
430
430
430
430
430
430
430
430
429
429
429
429
429
429
429
429
429
429
429
429
429
429
429
429
429
429
429
429
429
429
429
429
429
429
429
429
429
429
429
428
428
428
428
428
428
428
428
428
428
428
428
428
428
428
428
428
427
427
427
427
427
427
427
427
427
427
427
427
427
427
427
427
427
427
427
427
427
427
427
427
427
427
427
427
426
426
426
426
426
426
426
426
426
426
426
426
426
426
426
426
426
426
426
426
426
426
426
426
426
425
425
425
425
425
425
425
425
425
425
425
425
425
425
425
425
425
425
425
425
425
425
425
425
425
425
425
425
424
424
424
424
424
424
424
424
424
424
424
424
424
424
424
424
424
424
424
424
424
424
424
424
424
424
424
424
424
424
424
424
424
424
423
423
423
423
423
423
423
423
423
423
423
423
423
423
423
423
423
422
422
422
422
422
422
422
422
422
422
422
422
422
422
422
422
422
422
422
422
422
422
422
422
422
422
422
421
421
421
421
421
421
421
421
421
421
421
421
421
421
421
421
421
421
421
421
421
421
421
421
421
421
421
421
421
421
421
420
420
420
420
420
420
420
420
420
420
420
420
420
420
420
420
420
420
420
420
420
420
420
420
420
420
420
420
420
420
420
420
420
419
419
419
419
419
419
419
419
419
419
419
419
419
419
419
419
419
419
419
419
419
419
419
419
419
419
419
419
418
418
418
418
418
418
418
418
418
418
418
418
418
418
418
418
418
418
418
418
418
418
418
418
418
418
418
418
418
418
418
418
418
418
418
418
418
418
418
417
417
417
417
417
417
417
417
417
417
417
417
417
417
417
417
417
417
417
417
417
417
417
417
416
416
416
416
416
416
416
416
416
416
416
416
416
416
416
416
416
416
416
416
416
416
416
416
416
416
416
416
416
415
415
415
415
415
415
415
415
415
415
415
415
415
415
415
415
415
415
415
415
415
415
415
414
414
414
414
414
414
414
414
414
414
414
414
414
414
414
414
414
414
414
414
414
414
414
414
414
414
413
413
413
413
413
413
413
413
413
413
413
413
413
413
413
413
413
413
413
413
413
413
413
412
412
412
412
412
412
412
412
412
412
412
412
412
412
412
412
412
412
412
412
412
412
412
412
412
412
412
412
412
412
411
411
411
411
411
411
411
411
411
411
411
411
411
411
411
411
411
411
411
411
411
411
411
410
410
410
410
410
410
410
410
410
410
410
410
410
410
410
410
410
410
410
410
410
410
410
410
410
410
410
410
410
410
409
409
409
409
409
409
409
409
409
409
409
409
409
409
409
409
409
409
409
409
409
409
409
409
409
409
409
409
409
408
408
408
408
408
408
408
408
408
408
408
408
408
408
408
408
408
408
408
408
408
408
408
408
408
408
408
407
407
407
407
407
407
407
407
407
407
407
407
407
407
407
407
407
407
407
407
407
407
407
407
407
407
407
407
406
406
406
406
406
406
406
406
406
406
406
406
406
406
406
406
406
406
406
406
406
406
406
405
405
405
405
405
405
405
405
405
405
405
405
405
405
405
405
405
405
405
405
405
405
405
404
404
404
404
404
404
404
404
404
404
404
404
404
404
404
404
404
404
404
404
404
404
404
404
404
404
404
404
403
403
403
403
403
403
403
403
403
403
403
403
403
403
403
403
403
403
403
403
403
403
403
403
403
403
403
403
403
403
403
402
402
402
402
402
402
402
402
402
402
402
402
402
402
402
402
402
402
402
402
402
402
402
402
402
402
402
402
402
402
402
402
402
402
402
402
402
402
401
401
401
401
401
401
401
401
401
401
401
401
401
401
401
401
401
401
401
401
401
401
401
401
401
401
401
401
401
401
401
401
401
401
400
400
400
400
400
400
400
400
400
400
400
400
400
400
400
400
400
400
400
400
400
400
400
400
400
400
400
400
400
399
399
399
399
399
399
399
399
399
399
399
399
399
399
399
399
399
399
399
399
399
399
399
399
399
399
399
399
399
399
399
399
399
399
398
398
398
398
398
398
398
398
398
398
398
398
398
398
398
398
398
398
398
398
398
398
398
398
398
397
397
397
397
397
397
397
397
397
397
397
397
397
397
397
397
397
397
397
397
397
397
397
397
397
397
397
397
397
397
397
396
396
396
396
396
396
396
396
396
396
396
396
396
396
396
396
396
396
396
396
396
396
396
396
396
396
396
396
396
396
396
396
395
395
395
395
395
395
395
395
395
395
395
395
395
395
395
395
395
395
395
395
395
395
394
394
394
394
394
394
394
394
394
394
394
394
394
394
394
394
394
394
394
394
394
394
394
394
394
394
394
394
394
394
394
393
393
393
393
393
393
393
393
393
393
393
393
393
393
393
393
393
393
393
393
392
392
392
392
392
392
392
392
392
392
392
392
392
392
392
392
392
392
392
392
392
392
392
392
392
392
392
392
392
392
392
392
391
391
391
391
391
391
391
391
391
391
391
391
391
391
391
391
391
391
391
391
391
391
391
391
391
391
391
391
391
390
390
390
390
390
390
390
390
390
390
390
390
390
390
390
390
390
390
390
390
390
390
390
390
390
390
390
390
390
390
389
389
389
389
389
389
389
389
389
389
389
389
389
389
389
389
389
389
389
389
389
389
389
389
389
388
388
388
388
388
388
388
388
388
388
388
388
388
388
388
388
388
388
388
388
388
388
388
388
388
388
388
388
388
387
387
387
387
387
387
387
387
387
387
387
387
387
387
387
387
387
387
387
387
387
387
387
387
387
387
387
387
386
386
386
386
386
386
386
386
386
386
386
386
386
386
386
386
386
386
386
386
386
386
386
386
386
386
386
386
386
385
385
385
385
385
385
385
385
385
385
385
385
385
385
385
385
385
385
385
385
385
385
385
385
385
385
385
385
385
384
384
384
384
384
384
384
384
384
384
384
384
384
384
384
384
384
384
384
384
384
384
384
384
384
384
383
383
383
383
383
383
383
383
383
383
383
383
383
383
383
383
383
383
383
383
383
383
383
383
383
383
383
383
383
383
382
382
382
382
382
382
382
382
382
382
382
382
382
382
382
382
382
382
382
382
382
382
382
382
382
381
381
381
381
381
381
381
381
381
381
381
381
381
381
381
381
381
380
380
380
380
380
380
380
380
380
380
380
380
380
380
380
380
380
380
380
380
380
380
380
380
379
379
379
379
379
379
379
379
379
379
379
379
379
379
379
379
379
378
378
378
378
378
378
378
378
378
377
377
377
377
377
377
377
377
377
377
377
377
377
377
377
376
376
376
376
376
376
376
376
376
376
376
375
375
375
375
375
375
375
375
374
374
374
374
374
374
374
374
374
374
374
373
373
373
373
373
373
373
373
373
372
372
372
372
372
372
372
372
372
371
371
371
371
371
371
371
371
371
371
371
370
370
370
370
370
370
370
370
370
370
369
369
369
369
369
369
369
368
368
368
368
368
368
368
367
367
367
367
367
367
367
367
367
366
366
366
366
366
366
365
365
365
365
365
365
365
365
365
364
364
364
364
364
364
364
364
364
364
364
363
363
363
363
363
363
362
362
362
362
362
362
361
361
361
361
361
361
360
360
360
360
360
360
359
359
359
359
359
359
357
357
357
357
357
357
357
356
356
356
356
356
355
355
355
355
354
354
354
354
354
353
353
353
352
352
352
352
350
349
349
349
349
348
348
348
348
348
347
346
346
345
345
345
345
344
344
344
343
343
343
343
343
342
342
342
342
342
342
341
340
340
339
338
338
337
337
335
335
334
332
332
331
330
330
330
330
329
327
327
327
325
325
325
321
314
312
310
308
308
308
307
305
304
300
298
296
295
289
278
277
277
263
255
237
236
228
227
225
223
218
211
197
196
183
183
180
173
170
169
163
148
128
