12044
11400
11312
10412
7321
7220
7219
7209
7190
7183
7170
7138
7098
7062
7056
7042
7019
6990
6981
6967
6966
6962
6962
6956
6950
6940
6933
6925
6921
6905
6899
6894
6880
6877
6861
6861
6861
6853
6839
6830
6826
6824
6816
6812
6811
6806
6802
6773
6768
6755
6753
6744
6744
6726
6723
6717
6716
6713
6712
6692
6686
6685
6682
6679
6668
6657
6651
6636
6630
6628
6626
6610
6607
6604
6603
6602
6601
6594
6589
6587
6586
6579
6579
6576
6572
6570
6566
6561
6557
6538
6529
6515
6514
6511
6505
6502
6500
6486
6486
6486
6485
6484
6484
6481
6480
6476
6459
6458
6458
6455
6453
6450
6450
6444
6443
6440
6428
6422
6421
6415
6415
6414
6413
6413
6413
6409
6406
6404
6397
6394
6393
6393
6392
6392
6390
6381
6378
6378
6373
6365
6364
6364
6363
6347
6344
6343
6342
6341
6339
6337
6330
6329
6327
6322
6317
6302
6299
6299
6296
6285
6280
6278
6275
6271
6271
6268
6265
6259
6254
6253
6252
6251
6250
6241
6240
6239
6237
6228
6227
6227
6227
6224
6221
6218
6216
6215
6215
6211
6209
6209
6207
6200
6199
6194
6193
6192
6191
6189
6189
6188
6187
6187
6186
6185
6181
6180
6179
6178
6178
6174
6171
6170
6164
6159
6153
6152
6151
6151
6150
6149
6146
6146
6143
6140
6140
6140
6135
6134
6134
6133
6125
6120
6117
6116
6115
6115
6115
6113
6107
6104
6103
6102
6095
6094
6094
6092
6092
6091
6091
6085
6084
6080
6079
6077
6077
6076
6076
6067
6067
6065
6065
6064
6063
6057
6055
6050
6049
6049
6048
6046
6041
6039
6035
6033
6028
6024
6024
6023
6020
6019
6017
6016
6011
6010
6010
6009
6003
6001
5997
5993
5993
5989
5989
5989
5988
5985
5985
5984
5983
5978
5978
5976
5972
5971
5969
5964
5964
5963
5963
5962
5958
5957
5953
5952
5949
5945
5942
5941
5939
5935
5930
5929
5928
5923
5923
5919
5919
5917
5917
5916
5913
5911
5909
5908
5906
5906
5905
5905
5903
5899
5896
5893
5893
5892
5890
5888
5886
5881
5881
5880
5875
5875
5873
5871
5870
5867
5866
5865
5864
5861
5860
5860
5857
5856
5855
5853
5852
5851
5851
5850
5850
5847
5847
5846
5846
5845
5844
5843
5838
5837
5836
5836
5836
5834
5833
5829
5826
5823
5821
5820
5818
5817
5811
5810
5810
5808
5807
5802
5801
5799
5799
5797
5797
5796
5795
5788
5787
5778
5773
5773
5771
5768
5768
5767
5763
5763
5762
5759
5759
5755
5749
5748
5745
5743
5742
5742
5741
5741
5738
5738
5737
5736
5733
5733
5732
5729
5729
5726
5718
5717
5715
5715
5714
5714
5714
5711
5711
5707
5707
5701
5699
5699
5698
5696
5696
5695
5692
5690
5688
5686
5682
5682
5680
5679
5675
5675
5674
5667
5667
5665
5659
5658
5658
5650
5649
5648
5646
5641
5640
5639
5639
5636
5634
5633
5630
5626
5626
5625
5625
5622
5618
5613
5613
5612
5607
5606
5602
5600
5599
5598
5597
5597
5596
5595
5595
5595
5591
5591
5590
5585
5583
5583
5580
5579
5579
5579
5577
5576
5575
5574
5571
5571
5562
5562
5561
5560
5558
5553
5550
5549
5544
5542
5541
5541
5539
5539
5538
5538
5530
5530
5530
5529
5528
5527
5527
5527
5526
5526
5526
5525
5522
5521
5517
5517
5517
5516
5516
5516
5514
5513
5508
5508
5506
5506
5506
5506
5505
5505
5504
5498
5496
5495
5491
5489
5486
5486
5485
5485
5480
5478
5477
5477
5476
5474
5474
5474
5474
5472
5471
5471
5471
5467
5466
5459
5457
5456
5456
5454
5454
5451
5450
5448
5440
5436
5435
5435
5434
5430
5427
5426
5425
5421
5421
5419
5418
5415
5411
5407
5405
5405
5403
5401
5401
5401
5399
5394
5393
5393
5393
5390
5390
5389
5389
5388
5387
5387
5382
5380
5376
5376
5375
5372
5372
5371
5371
5370
5369
5369
5368
5368
5365
5364
5363
5362
5360
5360
5359
5357
5356
5354
5353
5350
5346
5346
5345
5345
5343
5339
5339
5337
5335
5333
5333
5329
5328
5327
5323
5322
5318
5318
5313
5311
5309
5306
5304
5303
5299
5298
5298
5298
5295
5295
5294
5291
5290
5289
5288
5288
5285
5284
5283
5282
5281
5281
5280
5280
5278
5278
5278
5277
5276
5275
5275
5271
5267
5267
5267
5259
5258
5258
5257
5255
5255
5252
5251
5249
5247
5245
5244
5244
5242
5240
5238
5236
5234
5228
5228
5224
5222
5219
5218
5217
5216
5214
5212
5211
5210
5210
5210
5207
5201
5201
5200
5197
5195
5193
5192
5191
5187
5185
5185
5182
5180
5178
5178
5178
5178
5177
5177
5177
5176
5176
5171
5169
5168
5156
5152
5149
5147
5143
5142
5142
5141
5141
5140
5139
5138
5137
5135
5134
5133
5133
5129
5127
5126
5123
5123
5121
5120
5120
5117
5116
5116
5115
5114
5112
5111
5111
5110
5108
5106
5106
5102
5097
5097
5095
5094
5093
5089
5089
5088
5086
5085
5084
5083
5082
5082
5082
5080
5080
5076
5076
5074
5071
5071
5071
5070
5070
5069
5069
5066
5063
5055
5054
5051
5049
5049
5048
5046
5046
5044
5044
5043
5043
5037
5034
5033
5031
5031
5031
5029
5025
5022
5021
5019
5018
5010
5009
5004
5004
5001
4999
4999
4997
4997
4995
4993
4991
4988
4988
4987
4986
4985
4980
4979
4977
4976
4974
4973
4970
4969
4968
4967
4965
4963
4962
4961
4959
4955
4954
4952
4949
4949
4945
4945
4937
4936
4935
4932
4932
4931
4929
4925
4922
4918
4917
4915
4914
4910
4910
4908
4906
4905
4903
4903
4900
4897
4894
4892
4891
4889
4886
4885
4880
4880
4878
4878
4876
4873
4867
4867
4867
4861
4859
4856
4856
4856
4855
4855
4854
4850
4849
4847
4847
4846
4845
4844
4843
4842
4842
4839
4836
4836
4836
4835
4834
4832
4831
4828
4827
4827
4827
4826
4822
4819
4818
4818
4816
4816
4815
4812
4810
4809
4809
4808
4807
4806
4805
4802
4800
4798
4798
4796
4796
4792
4789
4789
4787
4784
4777
4774
4774
4773
4773
4772
4771
4770
4768
4767
4767
4763
4758
4757
4756
4754
4751
4750
4749
4748
4747
4745
4745
4744
4743
4742
4738
4734
4730
4728
4728
4726
4724
4723
4723
4722
4722
4721
4720
4715
4714
4708
4707
4702
4692
4691
4690
4687
4683
4675
4670
4666
4665
4664
4662
4660
4655
4652
4647
4646
4646
4645
4645
4645
4644
4642
4642
4639
4633
4625
4623
4621
4619
4617
4617
4617
4616
4612
4605
4604
4601
4599
4598
4594
4594
4590
4588
4588
4588
4587
4578
4578
4564
4558
4556
4548
4548
4548
4546
4546
4540
4536
4534
4525
4513
4508
4506
4499
4496
4496
4492
4490
4485
4482
4481
4480
4480
4477
4477
4476
4476
4461
4459
4446
4442
4442
4435
4435
4425
4425
4424
4423
4423
4422
4415
4414
4410
4410
4407
4400
4400
4400
4399
4398
4396
4394
4391
4390
4388
4384
4372
4367
4362
4360
4359
4359
4357
4357
4352
4351
4349
4348
4348
4346
4346
4340
4337
4337
4330
4329
4326
4318
4317
4317
4315
4311
4307
4307
4304
4303
4302
4298
4298
4296
4296
4295
4293
4280
4273
4272
4270
4268
4266
4263
4261
4260
4257
4256
4252
4245
4236
4230
4227
4225
4225
4223
4222
4213
4210
4210
4184
4179
4178
4178
4170
4170
4167
4167
4154
4144
4139
4134
4134
4127
4126
4124
4112
4110
4110
4108
4102
4095
4095
4095
4091
4084
4081
4077
4077
4067
4067
4065
4063
4058
4057
4056
4054
4044
4042
4042
4034
4029
4016
3996
3989
3988
3987
3977
3975
3972
3966
3964
3961
3960
3958
3958
3946
3945
3940
3938
3937
3936
3917
3912
3911
3907
3907
3903
3901
3899
3899
3893
3891
3891
3888
3886
3883
3873
3872
3865
3865
3855
3846
3837
3834
3831
3822
3820
3813
3811
3809
3807
3803
3803
3802
3799
3799
3793
3791
3784
3783
3769
3764
3761
3761
3761
3756
3753
3745
3745
3738
3735
3734
3732
3730
3728
3720
3716
3716
3714
3708
3707
3706
3698
3696
3692
3692
3692
3688
3681
3679
3676
3675
3674
3671
3671
3671
3667
3666
3663
3661
3659
3658
3643
3637
3636
3634
3627
3624
3619
3616
3616
3615
3613
3607
3603
3597
3592
3589
3578
3578
3572
3571
3571
3569
3567
3566
3562
3561
3558
3554
3552
3551
3547
3539
3535
3535
3512
3512
3508
3507
3505
3499
3493
3492
3490
3481
3476
3473
3472
3460
3455
3452
3442
3442
3441
3433
3432
3428
3425
3423
3423
3417
3411
3403
3399
3395
3381
3380
3377
3370
3361
3358
3353
3344
3338
3337
3336
3336
3335
3329
3325
3317
3315
3314
3300
3291
3287
3281
3279
3275
3274
3272
3269
3268
3266
3261
3256
3256
3255
3252
3250
3248
3247
3220
3218
3217
3214
3209
3209
3207
3205
3203
3203
3201
3200
3190
3189
3187
3185
3170
3170
3167
3166
3161
3158
3156
3154
3154
3152
3151
3150
3147
3144
3139
3136
3123
3123
3122
3117
3102
3102
3100
3096
3091
3091
3088
3081
3080
3079
3079
3078
3076
3075
3070
3069
3068
3057
3054
3045
3045
3044
3038
3031
3029
3026
3022
3016
3012
3004
3000
2998
2996
2992
2988
2980
2972
2968
2968
2961
2961
2961
2957
2954
2954
2951
2950
2947
2940
2935
2931
2931
2929
2929
2928
2924
2921
2911
2904
2902
2902
2896
2895
2891
2891
2887
2887
2884
2884
2881
2881
2880
2878
2877
2868
2866
2861
2860
2856
2850
2846
2840
2836
2817
2815
2810
2806
2798
2796
2796
2793
2783
2782
2782
2780
2779
2771
2770
2769
2767
2764
2761
2753
2747
2746
2742
2742
2742
2741
2729
2728
2723
2723
2717
2716
2713
2707
2702
2697
2696
2695
2691
2691
2687
2682
2675
2667
2665
2665
2659
2659
2656
2647
2647
2643
2641
2641
2641
2633
2632
2625
2625
2621
2620
2619
2619
2616
2614
2612
2611
2601
2601
2599
2596
2596
2591
2588
2588
2585
2579
2576
2575
2572
2570
2569
2567
2565
2563
2557
2552
2550
2549
2545
2542
2541
2540
2537
2521
2513
2505
2499
2499
2497
2494
2492
2483
2480
2479
2478
2477
2477
2466
2463
2463
2461
2460
2452
2448
2447
2437
2434
2432
2432
2429
2429
2428
2419
2415
2409
2401
2397
2397
2390
2390
2390
2389
2385
2385
2380
2376
2370
2368
2368
2367
2365
2364
2364
2362
2360
2353
2351
2350
2350
2346
2344
2343
2342
2339
2338
2333
2332
2332
2331
2330
2328
2315
2308
2307
2305
2296
2289
2287
2283
2280
2280
2274
2273
2272
2257
2256
2253
2249
2245
2239
2238
2237
2235
2235
2235
2233
2228
2224
2219
2219
2218
2211
2207
2205
2202
2201
2191
2191
2190
2189
2183
2177
2170
2170
2169
2167
2166
2165
2164
2164
2163
2152
2149
2148
2147
2147
2147
2146
2143
2141
2139
2136
2136
2135
2129
2124
2120
2120
2111
2108
2107
2106
2100
2099
2099
2097
2097
2095
2093
2089
2088
2084
2084
2073
2070
2069
2068
2067
2064
2064
2061
2060
2057
2055
2054
2052
2050
2050
2049
2047
2046
2044
2044
2042
2038
2038
2036
2032
2032
2032
2030
2028
2026
2024
2020
2016
2006
2003
2002
2000
1999
1989
1985
1985
1984
1977
1971
1969
1965
1962
1961
1958
1957
1954
1954
1949
1948
1946
1946
1946
1944
1942
1942
1930
1928
1928
1922
1919
1918
1916
1915
1906
1905
1904
1903
1903
1899
1899
1889
1886
1886
1876
1876
1874
1874
1873
1872
1871
1869
1869
1868
1864
1863
1862
1857
1856
1856
1854
1850
1847
1847
1845
1843
1839
1839
1839
1838
1834
1831
1831
1828
1826
1820
1817
1814
1813
1812
1812
1809
1805
1805
1803
1799
1793
1792
1790
1790
1790
1789
1788
1781
1781
1779
1772
1771
1770
1767
1766
1764
1761
1758
1757
1756
1754
1749
1747
1746
1746
1745
1745
1744
1742
1740
1739
1734
1734
1730
1726
1724
1721
1718
1715
1715
1713
1711
1709
1709
1707
1704
1703
1702
1701
1700
1699
1698
1695
1691
1690
1689
1689
1683
1683
1681
1680
1676
1676
1672
1671
1671
1670
1669
1667
1667
1660
1657
1655
1655
1649
1648
1645
1644
1638
1636
1635
1633
1630
1630
1628
1627
1623
1623
1622
1619
1618
1616
1614
1612
1612
1612
1610
1608
1605
1605
1604
1602
1602
1601
1599
1598
1594
1594
1591
1589
1580
1579
1578
1578
1578
1577
1576
1571
1571
1568
1568
1563
1563
1563
1555
1554
1553
1551
1551
1550
1550
1549
1548
1546
1545
1545
1545
1545
1545
1544
1543
1542
1541
1534
1531
1530
1530
1525
1525
1524
1523
1520
1518
1518
1517
1516
1511
1509
1509
1507
1506
1505
1504
1504
1501
1500
1499
1499
1494
1493
1493
1488
1487
1484
1483
1481
1480
1478
1476
1476
1476
1475
1475
1475
1474
1474
1473
1471
1470
1465
1464
1463
1462
1456
1456
1453
1452
1451
1451
1451
1449
1448
1448
1446
1446
1445
1445
1445
1444
1441
1439
1435
1434
1433
1432
1432
1431
1431
1430
1429
1428
1427
1423
1422
1421
1421
1419
1416
1416
1415
1414
1410
1404
1404
1401
1400
1397
1397
1397
1394
1393
1393
1393
1391
1389
1387
1387
1384
1382
1382
1381
1380
1380
1379
1378
1378
1377
1375
1374
1373
1372
1371
1369
1366
1365
1365
1363
1362
1360
1360
1360
1358
1356
1356
1354
1354
1354
1354
1352
1352
1350
1349
1348
1346
1346
1346
1344
1344
1341
1338
1337
1336
1336
1336
1333
1332
1331
1330
1330
1329
1328
1326
1325
1324
1323
1322
1321
1320
1318
1314
1313
1309
1308
1308
1307
1307
1307
1306
1305
1303
1302
1302
1301
1300
1298
1296
1296
1295
1295
1294
1294
1291
1290
1290
1290
1289
1288
1286
1285
1285
1284
1282
1280
1280
1280
1279
1278
1278
1278
1278
1277
1276
1276
1276
1275
1275
1275
1274
1269
1268
1267
1267
1265
1264
1263
1260
1260
1259
1256
1253
1252
1252
1250
1247
1246
1246
1245
1244
1244
1244
1242
1241
1240
1240
1238
1237
1235
1234
1234
1234
1232
1231
1229
1228
1228
1228
1226
1226
1225
1225
1224
1224
1222
1220
1219
1217
1216
1211
1211
1210
1208
1207
1207
1207
1207
1205
1204
1201
1200
1198
1197
1196
1195
1193
1192
1192
1190
1189
1189
1188
1187
1187
1186
1185
1185
1185
1185
1185
1182
1181
1180
1177
1177
1176
1175
1175
1174
1174
1173
1172
1172
1170
1170
1168
1168
1167
1166
1165
1165
1164
1164
1163
1163
1162
1162
1162
1160
1159
1158
1158
1155
1155
1154
1154
1153
1153
1151
1150
1149
1149
1149
1149
1148
1148
1147
1146
1145
1144
1144
1144
1142
1142
1142
1140
1140
1139
1139
1139
1139
1138
1136
1136
1136
1134
1134
1134
1133
1133
1133
1133
1131
1131
1130
1129
1129
1129
1129
1127
1124
1123
1122
1119
1117
1117
1116
1116
1115
1115
1114
1114
1113
1113
1112
1110
1110
1110
1110
1109
1109
1108
1107
1107
1106
1105
1104
1104
1104
1103
1103
1102
1102
1102
1101
1100
1100
1098
1098
1097
1096
1096
1096
1096
1095
1092
1092
1092
1091
1091
1090
1090
1090
1088
1088
1087
1085
1084
1083
1083
1081
1080
1080
1079
1079
1077
1077
1077
1077
1076
1075
1075
1074
1074
1073
1073
1073
1070
1070
1070
1069
1068
1067
1067
1067
1067
1067
1065
1065
1064
1064
1063
1063
1063
1062
1061
1061
1059
1058
1057
1055
1054
1053
1052
1052
1051
1051
1050
1050
1050
1049
1046
1045
1043
1043
1043
1042
1042
1042
1041
1041
1041
1041
1041
1039
1039
1038
1038
1037
1037
1036
1035
1035
1034
1033
1033
1032
1031
1031
1031
1031
1031
1030
1028
1028
1026
1026
1026
1026
1026
1025
1024
1023
1020
1018
1018
1017
1017
1017
1016
1015
1015
1012
1009
1009
1008
1008
1008
1008
1006
1006
1005
1004
1004
1003
1003
1003
1002
1001
1001
1000
999
999
999
999
999
998
998
998
998
997
995
995
995
994
994
993
993
993
993
992
992
991
989
989
988
988
988
987
986
986
986
985
985
985
984
983
983
983
983
983
982
981
981
980
980
980
980
978
976
974
973
972
972
970
970
970
968
966
966
965
965
964
964
964
964
963
963
963
961
960
958
957
957
957
955
955
954
953
952
952
952
951
950
950
950
949
949
948
948
948
947
947
947
947
946
946
945
945
945
944
944
943
943
942
942
941
941
941
940
940
939
939
939
938
938
938
938
937
937
935
935
935
934
934
932
932
931
930
930
930
929
929
928
928
928
928
927
927
927
925
925
924
924
924
924
924
923
923
923
922
922
921
921
919
919
918
918
918
918
917
917
916
916
916
916
915
915
914
914
913
911
911
911
911
910
910
908
908
907
907
907
907
907
905
905
904
904
904
904
904
903
903
901
901
901
901
899
899
899
899
899
899
898
898
897
896
896
895
895
895
895
893
893
892
892
892
892
891
890
890
890
889
889
889
889
888
888
888
887
886
886
886
886
885
885
885
884
884
882
882
881
881
881
881
880
880
880
879
879
878
878
878
878
877
877
876
876
876
876
875
875
874
874
874
873
873
873
872
871
871
871
870
870
870
869
869
868
867
867
867
867
865
865
863
863
863
863
862
862
861
861
861
859
859
859
859
857
857
857
856
855
854
854
854
854
853
853
853
853
852
852
851
851
851
851
851
850
850
850
850
850
849
849
848
847
847
846
846
846
845
845
845
844
844
843
843
842
842
841
841
841
840
840
840
840
840
839
838
837
837
836
836
836
836
836
835
835
835
835
834
834
833
833
832
832
832
831
831
831
831
830
830
830
830
830
830
830
829
829
829
829
828
828
828
828
827
827
827
827
827
827
826
826
825
825
825
824
824
824
824
824
824
823
823
823
823
822
821
821
821
820
820
819
818
818
818
818
818
818
817
817
816
816
815
815
815
814
813
813
813
813
813
813
812
812
811
811
811
811
810
810
810
810
809
809
809
809
809
808
807
807
806
805
805
805
805
804
804
804
804
804
804
803
803
803
802
802
802
802
802
802
802
801
801
801
801
801
799
798
798
798
798
797
797
797
796
795
795
795
793
793
793
793
792
792
791
791
791
790
790
790
790
790
789
789
789
788
788
788
788
788
787
787
787
787
786
786
786
786
786
786
786
786
785
785
785
785
785
784
784
784
783
783
781
781
781
781
781
780
780
780
780
780
779
779
777
777
777
776
776
775
775
775
774
773
773
772
772
772
771
771
771
771
771
771
771
770
770
770
770
770
769
769
769
769
769
768
768
768
767
766
766
766
766
766
765
765
765
764
763
763
763
763
762
762
762
761
761
761
760
760
760
760
760
760
759
759
759
759
758
758
758
758
757
757
757
756
755
755
755
755
754
754
754
754
754
754
753
753
752
752
752
752
752
752
752
751
751
751
751
751
751
751
750
750
750
750
750
750
750
749
749
749
749
749
749
749
749
748
748
748
748
748
748
747
747
747
747
747
747
746
746
746
746
746
745
745
745
745
745
745
745
744
744
744
744
744
743
743
743
742
742
741
741
741
741
741
741
741
741
740
739
739
739
739
738
738
738
738
738
738
737
737
737
737
737
737
737
737
737
737
737
737
737
736
736
736
736
735
735
735
734
734
734
734
734
734
733
733
733
732
732
732
732
732
732
731
731
731
730
729
729
728
728
728
728
728
727
727
727
727
727
726
726
726
725
725
725
724
724
724
724
724
724
723
723
723
722
722
722
722
722
722
721
721
720
720
720
720
720
720
719
719
719
719
719
719
718
718
718
717
717
717
717
716
715
715
715
714
714
714
714
714
714
713
713
712
712
712
712
711
711
711
711
711
711
710
710
710
710
709
709
709
709
709
708
708
708
708
708
707
707
707
707
707
707
707
707
707
707
707
706
706
706
706
706
706
705
705
705
704
703
703
703
703
703
703
703
703
702
702
702
702
702
702
702
702
702
702
701
701
701
701
701
701
701
700
700
700
699
699
699
699
699
698
698
698
698
698
697
697
697
696
696
695
695
695
695
694
694
693
693
693
693
693
693
693
693
692
692
691
691
691
691
691
691
690
690
690
690
689
689
689
689
689
689
688
688
688
688
688
688
688
688
688
687
687
687
687
686
686
685
685
685
684
684
684
684
683
683
683
683
683
682
682
682
681
681
681
681
681
681
681
680
680
680
679
679
679
679
679
678
678
678
678
678
678
677
677
677
677
677
677
677
677
677
677
676
676
676
676
676
675
675
675
675
675
675
674
674
674
674
673
673
673
673
673
672
672
672
672
671
671
671
671
671
671
671
670
670
670
670
670
670
669
669
669
668
668
668
668
668
668
668
667
667
667
666
666
666
665
665
665
665
665
665
664
664
664
663
663
663
663
663
663
663
663
663
662
662
662
662
662
661
661
660
660
660
660
660
659
659
659
659
659
659
658
657
657
657
657
657
657
657
657
657
656
656
656
656
656
656
656
655
655
655
655
655
655
655
654
654
654
654
653
653
653
653
652
652
652
652
652
652
651
651
651
651
651
651
650
650
649
649
649
648
648
648
648
648
648
648
648
648
647
647
647
647
647
647
647
647
646
646
646
646
645
645
645
645
645
645
645
645
644
644
644
643
642
642
642
642
642
641
641
641
641
641
641
641
641
641
640
640
640
640
640
640
640
640
639
639
639
639
639
639
639
639
639
638
638
638
638
637
637
637
636
636
636
636
636
636
635
635
635
635
635
635
635
634
634
634
634
634
633
633
633
632
632
632
632
632
631
631
631
631
631
631
631
631
630
630
630
630
629
629
629
629
629
628
628
628
628
628
627
627
627
627
627
627
627
627
627
626
626
626
626
626
626
626
626
626
626
625
625
625
625
625
625
625
625
625
625
624
624
624
623
623
623
623
623
622
622
622
621
621
621
621
621
621
621
621
621
621
620
620
620
620
620
620
620
619
619
619
619
619
619
619
618
618
618
618
618
618
618
618
617
617
617
617
617
617
617
617
617
617
617
617
617
617
617
617
616
616
616
616
616
616
616
616
616
616
615
615
615
615
615
615
615
615
615
615
614
614
614
614
614
614
614
614
613
613
613
613
613
613
612
612
612
612
612
612
612
612
611
611
611
611
611
611
611
611
610
610
610
610
610
609
609
609
609
609
609
609
608
608
608
608
607
607
607
607
607
607
607
606
606
606
606
606
606
606
606
605
605
605
604
604
604
604
604
604
604
604
604
603
603
603
603
603
603
603
603
603
603
602
602
602
601
601
601
601
601
601
600
600
600
600
599
599
599
599
599
598
598
598
598
598
598
598
598
597
597
597
597
597
597
596
596
596
596
596
596
596
596
596
596
596
595
595
595
595
595
595
595
594
594
594
594
594
594
594
594
594
594
594
593
593
593
593
593
593
593
592
592
592
592
591
591
591
591
591
591
591
591
591
591
591
590
590
590
590
589
589
589
589
589
588
588
588
588
588
588
588
588
587
587
587
587
587
587
587
587
587
586
586
586
586
586
585
585
585
585
584
584
584
584
584
584
584
584
584
584
584
584
584
584
584
583
583
583
583
583
582
582
582
582
582
582
581
581
581
581
581
581
581
581
581
580
580
580
580
580
580
580
580
580
580
579
579
579
579
579
579
579
579
578
578
578
578
578
578
577
577
577
577
576
576
576
576
575
575
575
575
575
575
575
575
574
574
574
574
574
573
573
573
573
573
573
573
572
572
572
572
572
572
572
572
572
572
572
572
572
571
571
571
571
570
570
570
570
570
570
570
570
570
569
569
569
569
569
569
569
568
568
568
568
568
568
568
567
567
567
567
567
567
567
567
566
566
566
566
566
565
565
565
565
565
564
564
564
564
564
564
564
563
563
563
563
563
563
562
562
562
562
562
562
562
562
561
561
561
561
561
561
561
560
560
560
560
560
560
559
559
559
559
559
559
559
559
559
558
558
558
558
558
558
558
557
557
557
557
557
557
557
557
557
557
557
557
557
557
556
556
556
556
556
556
555
555
555
555
555
555
555
555
555
555
554
554
554
554
554
554
554
554
554
554
554
553
553
553
552
552
552
552
552
552
552
552
552
552
552
552
551
551
551
551
551
551
551
551
551
551
551
551
550
550
550
550
550
550
550
549
549
549
549
549
549
549
549
549
548
547
547
547
547
547
547
547
547
546
546
546
546
546
546
546
546
546
546
545
545
545
545
545
545
545
544
544
544
544
543
543
543
543
543
543
543
543
543
543
543
542
542
542
542
542
542
542
542
542
542
542
542
541
541
541
541
541
541
541
540
540
540
540
540
540
540
540
540
540
539
539
539
539
539
539
539
538
538
537
537
537
537
537
537
537
537
536
536
536
536
536
536
535
535
535
535
535
534
534
534
534
534
534
534
534
533
533
533
533
533
533
533
533
533
533
533
533
533
533
533
533
532
532
532
532
532
532
531
531
531
531
531
531
531
531
531
531
531
530
530
530
530
530
530
530
530
530
530
529
529
529
529
529
529
529
529
528
528
528
528
528
528
528
528
527
527
527
527
527
527
527
527
527
527
527
527
527
526
526
526
526
526
526
526
525
525
525
525
525
525
525
524
524
524
524
524
524
524
524
524
524
524
524
523
523
523
523
523
523
523
523
522
522
522
522
521
521
521
521
521
521
521
521
521
520
520
520
520
520
520
520
520
520
520
519
519
519
519
519
519
519
518
518
518
518
518
518
518
517
517
517
517
517
516
516
516
516
516
516
515
515
515
515
515
515
515
515
515
515
515
515
514
514
514
514
514
514
514
514
514
513
513
513
513
513
513
513
513
513
512
512
512
512
512
512
512
511
511
511
511
511
511
511
511
511
511
511
511
511
511
511
511
510
510
510
510
510
510
510
510
510
510
510
510
510
510
510
509
509
509
509
509
509
509
509
509
509
509
508
508
508
508
508
508
508
508
507
507
507
507
507
507
507
507
507
507
507
506
506
506
506
506
506
506
506
506
506
506
506
506
505
505
505
505
505
505
505
505
504
504
504
504
504
504
504
504
504
504
504
504
504
504
504
503
503
503
503
503
503
503
502
502
502
502
502
502
502
502
502
501
501
501
501
501
501
501
501
501
501
500
500
500
500
500
500
500
500
500
500
499
499
499
499
499
499
498
498
498
498
498
498
498
498
498
498
498
498
498
498
498
497
497
497
497
497
497
497
497
497
497
496
496
496
496
496
496
496
496
496
496
495
495
495
495
495
495
495
495
495
495
495
495
495
495
495
495
495
495
495
495
494
494
494
494
494
494
494
494
494
494
494
494
494
493
493
493
493
493
493
493
493
493
493
492
492
492
492
492
492
492
492
492
491
491
491
491
491
491
491
491
491
491
491
491
491
490
490
490
490
490
490
490
490
490
490
489
489
489
489
489
489
489
489
489
489
489
489
489
489
489
489
489
489
488
488
488
488
488
488
488
488
488
488
488
487
487
487
487
487
487
487
487
487
487
487
487
487
487
487
487
487
487
486
486
486
486
486
486
486
486
485
485
485
485
485
485
485
484
484
484
484
484
484
484
484
484
484
484
483
483
483
483
483
483
483
483
482
482
482
482
482
482
482
482
482
482
482
482
482
482
481
481
481
481
481
480
480
480
480
480
480
480
480
480
480
480
480
480
480
479
479
479
479
479
479
479
479
479
479
479
478
478
478
478
478
478
478
478
478
478
478
478
477
477
477
477
477
477
477
477
477
477
477
477
476
476
476
476
476
476
476
476
476
476
475
475
475
475
475
475
475
475
475
475
475
475
474
474
474
474
474
474
474
473
473
473
473
473
473
473
473
473
473
473
473
473
473
473
473
472
472
472
472
472
472
472
472
472
472
472
472
472
471
471
471
471
471
471
471
471
471
471
471
471
471
470
470
470
470
470
470
470
470
470
470
470
470
469
469
469
469
469
469
469
469
469
469
468
468
468
468
468
468
468
468
468
468
468
468
468
468
467
467
467
467
467
467
467
467
467
467
467
467
467
467
466
466
466
466
466
466
466
466
466
466
466
465
465
465
465
465
465
465
464
464
464
464
464
464
464
464
464
464
464
464
463
463
463
463
463
463
463
463
463
463
463
463
462
462
462
462
462
462
462
462
462
462
462
462
462
461
461
461
461
461
461
461
461
460
460
460
460
460
460
460
460
460
460
459
459
459
459
459
459
458
458
458
458
458
458
458
458
458
458
457
457
457
457
457
457
457
457
457
457
457
457
457
457
457
456
456
456
456
456
456
456
456
455
455
455
455
455
455
455
455
455
455
455
455
455
455
455
455
455
455
454
454
454
453
453
453
453
453
453
453
453
453
453
453
453
452
452
452
452
452
452
452
452
452
452
452
452
451
451
451
451
451
451
451
451
451
451
451
451
451
450
450
450
450
450
450
450
450
450
450
450
450
450
449
449
449
449
449
449
449
449
449
448
448
448
448
448
448
448
448
447
447
447
447
447
447
447
447
447
447
447
447
447
446
446
446
446
446
446
446
446
445
445
445
445
445
445
445
445
444
444
444
444
444
444
444
444
444
444
444
444
444
444
444
444
444
444
444
444
443
443
443
443
443
443
443
443
443
443
443
443
443
443
442
442
442
442
442
442
442
442
442
442
442
442
441
441
441
441
441
441
441
441
441
441
441
441
441
441
441
441
441
441
440
440
440
440
440
440
440
440
440
439
439
439
439
439
439
439
439
439
439
438
438
438
438
438
438
438
438
438
438
438
438
437
437
437
437
437
437
437
437
437
437
436
436
436
436
436
436
436
436
436
436
436
436
436
436
436
435
435
435
435
435
435
435
435
435
435
435
435
434
434
434
434
434
434
434
434
434
434
434
434
434
434
434
434
434
433
433
433
433
433
433
433
433
433
433
433
433
433
433
432
432
432
432
432
432
432
432
432
432
432
432
432
432
432
432
432
432
432
432
431
431
431
431
431
431
431
431
431
431
431
431
431
431
430
430
430
430
430
430
430
430
430
430
430
430
430
430
430
430
429
429
429
429
429
429
429
429
428
428
428
428
428
428
428
428
428
428
428
428
427
427
427
427
427
427
427
427
427
427
427
427
427
427
427
427
427
427
427
427
426
426
426
426
426
426
426
426
425
425
425
425
425
425
425
425
425
425
425
425
425
425
425
425
425
425
425
425
425
425
424
424
424
424
424
424
424
424
424
423
423
423
423
423
423
423
423
423
423
422
422
422
422
422
422
422
422
422
422
422
422
422
422
422
422
421
421
421
421
421
421
421
421
421
421
421
421
421
421
421
421
421
420
420
420
420
420
420
420
420
420
420
420
420
420
420
420
420
419
419
419
419
419
419
419
419
419
419
419
419
419
418
418
418
418
418
418
418
418
418
418
418
418
418
418
417
417
417
417
417
417
417
417
417
417
417
417
417
417
417
417
417
417
417
416
416
416
416
416
416
416
416
416
416
416
416
416
416
416
415
415
415
415
415
415
415
415
415
415
415
415
415
415
415
415
414
414
414
414
414
414
414
414
414
414
414
414
414
413
413
413
413
413
413
413
413
413
413
413
413
413
413
413
413
413
412
412
412
412
412
412
412
412
412
412
412
412
411
411
411
411
411
411
411
411
411
411
411
411
411
411
411
410
410
410
410
410
410
410
410
410
410
410
410
410
410
410
410
410
410
410
410
410
410
409
409
409
409
409
409
409
409
409
409
408
408
408
408
408
408
408
408
408
408
408
408
408
408
408
407
407
407
407
407
407
407
407
407
407
407
407
406
406
406
406
406
406
406
406
406
406
406
406
406
405
405
405
405
405
405
405
405
405
405
405
405
405
405
405
405
405
405
404
404
404
404
404
404
404
404
404
404
404
404
404
404
403
403
403
403
403
403
403
403
403
403
403
403
403
403
403
402
402
402
402
402
402
402
402
402
402
402
402
402
402
402
402
402
402
402
402
402
401
401
401
401
401
401
401
401
401
401
401
401
400
400
400
400
400
400
400
400
400
400
400
400
400
400
400
400
400
399
399
399
399
399
399
399
399
399
399
399
399
399
398
398
398
398
398
398
398
398
398
398
398
398
398
398
398
398
398
398
398
398
398
398
398
397
397
397
397
397
397
397
397
397
397
397
397
397
397
397
397
397
397
397
396
396
396
396
396
396
396
396
396
396
396
396
396
396
396
396
396
396
396
396
395
395
395
395
395
395
395
395
395
395
395
395
395
395
394
394
394
394
394
394
394
394
394
394
394
394
394
394
394
394
394
394
393
393
393
393
393
393
393
393
393
393
393
393
393
393
393
393
393
393
393
393
392
392
392
392
392
392
392
392
392
392
392
392
392
392
391
391
391
391
391
391
391
391
391
391
391
391
391
391
391
391
391
390
390
390
390
390
390
390
390
390
390
390
389
389
389
389
389
389
389
389
389
389
388
388
388
388
388
388
388
388
388
388
388
388
388
388
387
387
387
387
387
387
387
387
387
387
387
387
387
387
387
386
386
386
386
386
386
386
386
386
386
386
386
386
386
386
386
386
386
385
385
385
385
385
385
385
385
385
385
385
385
385
384
384
384
384
384
384
384
384
383
383
383
383
383
383
383
383
382
382
382
382
382
382
382
382
382
382
382
382
382
381
381
381
381
381
381
381
381
381
381
381
381
380
380
380
380
380
380
380
379
379
379
378
378
378
378
377
377
377
376
376
376
376
375
375
375
375
375
374
374
373
373
373
373
373
373
372
372
372
372
372
372
372
371
371
371
371
371
371
371
370
370
370
370
370
369
369
369
369
368
368
368
368
368
368
367
366
366
366
366
365
365
364
364
364
364
363
363
363
363
363
362
362
362
361
360
359
359
358
358
356
356
355
355
354
354
354
354
354
353
353
353
352
352
352
351
350
349
349
349
348
348
348
348
347
346
346
346
346
345
344
344
343
342
341
340
338
338
334
333
333
331
329
327
325
325
321
319
318
316
314
296
291
280
255
255
255
255
244
239
238
228
225
225
223
212
207
202
187
185
181
179
178
167
166
166
165
154
154
153
149
148
147
144
139
134
128
