9570
8424
8372
7260
7211
7179
7129
6988
6971
6925
6921
6817
6806
6789
6748
6738
6726
6716
6700
6690
6680
6680
6677
6662
6652
6633
6624
6624
6609
6561
6549
6540
6534
6526
6516
6510
6508
6505
6499
6482
6478
6434
6411
6400
6374
6373
6370
6365
6353
6352
6344
6333
6319
6316
6315
6306
6306
6305
6297
6297
6280
6279
6251
6247
6230
6214
6211
6210
6210
6207
6195
6186
6178
6175
6160
6155
6150
6145
6124
6122
6117
6115
6114
6114
6112
6108
6104
6100
6096
6096
6092
6089
6088
6080
6078
6074
6068
6053
6053
6041
6040
6040
6037
6037
6036
6035
6031
6028
6018
6018
6010
6008
5997
5976
5974
5970
5968
5965
5959
5955
5949
5939
5918
5914
5911
5911
5910
5901
5897
5883
5882
5875
5873
5873
5872
5867
5865
5863
5863
5856
5853
5844
5842
5837
5833
5833
5832
5827
5826
5821
5820
5817
5817
5812
5810
5809
5808
5804
5803
5800
5794
5785
5781
5779
5772
5771
5770
5766
5763
5751
5750
5745
5744
5740
5738
5737
5733
5731
5725
5725
5724
5718
5713
5713
5713
5708
5705
5701
5695
5694
5687
5682
5673
5666
5663
5662
5662
5661
5657
5652
5649
5647
5646
5645
5643
5641
5641
5639
5632
5628
5625
5625
5624
5620
5608
5607
5604
5603
5602
5599
5598
5596
5595
5592
5591
5586
5582
5579
5579
5575
5575
5570
5569
5567
5564
5561
5553
5552
5552
5551
5547
5546
5544
5543
5539
5534
5533
5532
5531
5529
5528
5526
5526
5519
5518
5517
5513
5511
5509
5508
5508
5507
5502
5501
5500
5498
5497
5496
5493
5493
5486
5486
5486
5483
5481
5479
5479
5478
5476
5475
5473
5471
5468
5468
5465
5464
5459
5458
5456
5456
5455
5455
5447
5447
5447
5446
5445
5444
5432
5428
5426
5424
5423
5419
5419
5415
5414
5414
5413
5407
5404
5404
5404
5403
5399
5391
5388
5387
5387
5386
5386
5383
5382
5382
5377
5377
5375
5370
5366
5358
5358
5357
5355
5354
5351
5351
5348
5344
5342
5341
5339
5336
5335
5328
5327
5325
5324
5324
5324
5319
5318
5315
5313
5305
5305
5300
5295
5295
5294
5293
5293
5293
5288
5274
5274
5273
5271
5268
5267
5262
5259
5255
5251
5249
5248
5247
5247
5244
5241
5240
5240
5237
5235
5235
5234
5232
5232
5231
5231
5231
5228
5227
5223
5222
5219
5215
5214
5213
5211
5211
5208
5206
5204
5202
5202
5201
5200
5197
5192
5192
5192
5187
5187
5187
5184
5184
5179
5178
5177
5176
5176
5174
5172
5172
5172
5172
5171
5171
5170
5170
5170
5170
5168
5166
5166
5166
5164
5158
5156
5156
5155
5153
5151
5147
5145
5144
5144
5142
5141
5140
5138
5137
5136
5131
5129
5128
5128
5126
5126
5124
5123
5120
5119
5119
5119
5118
5109
5106
5104
5103
5103
5101
5098
5097
5093
5093
5091
5090
5089
5087
5084
5082
5081
5076
5075
5074
5068
5068
5068
5067
5065
5063
5062
5062
5061
5060
5058
5057
5054
5052
5052
5050
5048
5048
5046
5044
5040
5040
5039
5039
5038
5038
5037
5036
5034
5032
5031
5025
5023
5022
5022
5021
5020
5020
5018
5017
5015
5012
5012
5012
5012
5011
5008
5007
5007
5006
5006
5004
5002
5000
4999
4998
4998
4997
4996
4992
4991
4991
4987
4985
4984
4983
4983
4979
4979
4979
4978
4977
4975
4974
4973
4973
4971
4970
4970
4966
4962
4961
4957
4957
4957
4956
4955
4954
4954
4953
4952
4952
4951
4948
4948
4943
4941
4940
4940
4939
4935
4935
4935
4934
4934
4934
4933
4933
4932
4931
4931
4930
4930
4928
4928
4927
4927
4926
4926
4924
4923
4923
4922
4921
4921
4918
4915
4915
4914
4912
4912
4911
4910
4910
4909
4909
4906
4905
4904
4902
4902
4901
4900
4896
4895
4895
4895
4893
4890
4889
4889
4887
4884
4883
4881
4880
4880
4879
4877
4876
4874
4873
4872
4871
4871
4866
4866
4864
4862
4862
4862
4860
4859
4859
4858
4858
4858
4856
4855
4855
4854
4853
4853
4849
4848
4847
4845
4845
4844
4844
4843
4841
4837
4834
4834
4834
4833
4832
4832
4832
4830
4829
4828
4827
4826
4826
4824
4824
4821
4820
4820
4819
4819
4817
4816
4816
4813
4813
4812
4811
4808
4807
4806
4805
4805
4805
4799
4798
4797
4796
4795
4795
4795
4793
4791
4790
4790
4785
4782
4782
4781
4781
4780
4780
4778
4775
4775
4774
4773
4773
4771
4770
4768
4767
4766
4763
4763
4761
4758
4758
4755
4755
4754
4752
4749
4748
4747
4746
4746
4745
4742
4741
4740
4739
4737
4736
4734
4731
4731
4730
4729
4729
4728
4728
4722
4722
4722
4718
4714
4713
4706
4705
4703
4701
4700
4700
4699
4696
4696
4696
4696
4694
4693
4692
4691
4691
4690
4689
4688
4685
4684
4684
4683
4681
4680
4680
4675
4675
4674
4674
4673
4672
4671
4667
4667
4664
4663
4663
4662
4661
4659
4658
4655
4648
4646
4646
4645
4645
4644
4642
4641
4641
4640
4640
4639
4639
4638
4636
4635
4632
4632
4630
4630
4629
4629
4628
4628
4628
4627
4620
4620
4617
4617
4617
4616
4615
4614
4611
4610
4607
4606
4604
4602
4601
4600
4599
4596
4596
4595
4594
4594
4593
4593
4592
4592
4590
4589
4589
4589
4588
4588
4588
4588
4588
4586
4586
4586
4581
4581
4580
4580
4579
4579
4578
4578
4577
4576
4574
4572
4571
4567
4566
4564
4563
4560
4560
4559
4559
4558
4557
4556
4556
4554
4554
4553
4553
4551
4550
4546
4542
4541
4541
4541
4540
4540
4539
4539
4539
4538
4535
4534
4534
4533
4532
4532
4529
4529
4528
4525
4524
4523
4521
4520
4520
4519
4518
4517
4515
4515
4514
4514
4514
4512
4511
4510
4510
4506
4505
4504
4504
4502
4502
4500
4499
4499
4499
4498
4498
4498
4496
4493
4492
4491
4489
4489
4488
4487
4486
4485
4485
4483
4483
4483
4482
4481
4481
4481
4481
4479
4479
4479
4476
4475
4475
4475
4474
4473
4472
4472
4471
4471
4470
4468
4468
4468
4467
4466
4464
4463
4463
4462
4462
4461
4460
4459
4457
4456
4456
4454
4453
4453
4452
4450
4450
4448
4445
4445
4445
4444
4444
4444
4443
4441
4438
4436
4436
4435
4435
4435
4434
4433
4431
4429
4429
4429
4429
4428
4428
4426
4426
4426
4425
4425
4424
4424
4423
4423
4422
4422
4422
4421
4420
4420
4418
4417
4415
4415
4415
4414
4412
4411
4409
4405
4404
4403
4402
4402
4402
4401
4401
4399
4399
4399
4398
4396
4395
4395
4394
4393
4392
4391
4390
4389
4389
4387
4387
4387
4386
4385
4385
4385
4384
4383
4382
4382
4380
4379
4379
4376
4376
4375
4374
4374
4373
4373
4372
4372
4372
4369
4367
4365
4365
4364
4364
4363
4362
4360
4360
4360
4355
4355
4355
4354
4353
4353
4352
4350
4348
4348
4348
4348
4346
4346
4346
4346
4341
4340
4340
4340
4339
4337
4336
4336
4336
4335
4335
4335
4335
4333
4328
4327
4326
4326
4325
4323
4323
4323
4322
4322
4320
4318
4317
4317
4316
4316
4315
4315
4315
4314
4313
4312
4312
4311
4309
4309
4308
4308
4307
4306
4305
4304
4301
4301
4300
4299
4298
4295
4293
4293
4292
4292
4292
4291
4291
4289
4289
4288
4287
4287
4287
4286
4284
4284
4284
4282
4282
4282
4280
4279
4278
4277
4277
4277
4277
4274
4274
4274
4273
4272
4272
4269
4268
4267
4267
4266
4264
4263
4263
4262
4259
4259
4256
4256
4254
4253
4249
4249
4248
4248
4247
4246
4246
4245
4244
4244
4243
4242
4242
4241
4241
4239
4238
4237
4235
4235
4233
4232
4231
4230
4227
4226
4223
4221
4219
4218
4218
4217
4217
4217
4216
4216
4214
4213
4212
4211
4210
4209
4209
4206
4206
4206
4205
4204
4204
4203
4203
4202
4201
4200
4199
4199
4198
4198
4197
4195
4195
4195
4195
4192
4191
4191
4190
4189
4188
4185
4185
4184
4181
4181
4178
4178
4177
4177
4176
4175
4175
4174
4174
4173
4173
4173
4173
4172
4171
4171
4171
4168
4168
4167
4166
4166
4166
4166
4165
4163
4163
4162
4161
4161
4160
4160
4159
4158
4158
4157
4151
4150
4150
4148
4148
4148
4147
4145
4145
4144
4143
4143
4142
4141
4140
4139
4137
4135
4135
4135
4134
4133
4133
4133
4128
4127
4127
4127
4126
4125
4125
4124
4122
4122
4122
4122
4121
4121
4121
4119
4117
4117
4117
4115
4114
4114
4114
4113
4111
4111
4111
4111
4110
4109
4109
4106
4106
4105
4105
4100
4100
4098
4095
4093
4092
4091
4090
4090
4089
4089
4089
4088
4087
4086
4085
4083
4083
4076
4076
4073
4073
4073
4070
4067
4064
4064
4064
4063
4063
4061
4060
4060
4059
4058
4056
4055
4054
4054
4054
4046
4045
4043
4042
4042
4041
4039
4039
4038
4037
4037
4035
4034
4030
4030
4029
4028
4028
4026
4025
4024
4023
4023
4020
4020
4019
4018
4017
4017
4014
4014
4013
4012
4011
4011
4009
4009
4008
4007
4007
4007
4007
4006
4006
4005
4004
4004
4003
4003
4000
3998
3998
3997
3991
3989
3989
3988
3988
3986
3986
3985
3985
3981
3980
3978
3977
3976
3976
3973
3971
3970
3970
3970
3969
3967
3966
3963
3963
3963
3963
3961
3960
3959
3959
3958
3958
3956
3955
3951
3951
3950
3950
3950
3950
3949
3946
3944
3944
3943
3943
3940
3939
3938
3937
3936
3936
3936
3935
3934
3934
3933
3932
3930
3929
3928
3925
3925
3923
3920
3920
3916
3916
3915
3915
3914
3913
3912
3910
3910
3910
3908
3908
3907
3904
3902
3901
3901
3900
3899
3898
3898
3896
3896
3892
3891
3891
3890
3889
3889
3889
3887
3886
3884
3883
3882
3880
3879
3878
3878
3877
3877
3877
3876
3876
3875
3875
3875
3874
3874
3874
3872
3871
3871
3871
3871
3871
3871
3870
3869
3867
3866
3866
3865
3859
3858
3857
3856
3855
3855
3855
3855
3854
3854
3853
3853
3853
3852
3851
3846
3846
3846
3846
3845
3844
3844
3844
3844
3843
3843
3842
3840
3840
3840
3839
3838
3838
3838
3837
3837
3835
3835
3834
3833
3833
3833
3833
3831
3828
3827
3823
3819
3818
3818
3816
3816
3814
3814
3814
3811
3811
3809
3808
3808
3807
3807
3803
3802
3802
3802
3801
3800
3799
3798
3798
3798
3797
3797
3796
3796
3795
3795
3794
3793
3793
3793
3792
3792
3792
3791
3791
3787
3784
3783
3782
3781
3780
3780
3780
3778
3777
3777
3776
3775
3775
3774
3773
3772
3770
3770
3766
3766
3764
3764
3763
3762
3761
3760
3760
3758
3758
3756
3755
3753
3752
3751
3750
3750
3750
3749
3748
3746
3745
3745
3744
3743
3742
3742
3740
3740
3739
3739
3738
3737
3736
3736
3735
3735
3733
3731
3730
3729
3728
3726
3723
3721
3719
3719
3718
3718
3717
3717
3717
3716
3715
3714
3711
3711
3709
3709
3707
3706
3706
3705
3704
3704
3704
3702
3702
3702
3702
3700
3700
3699
3698
3698
3696
3695
3694
3693
3692
3691
3691
3691
3690
3689
3688
3687
3686
3684
3684
3683
3681
3679
3679
3678
3676
3676
3675
3675
3672
3672
3668
3667
3666
3666
3666
3664
3660
3660
3657
3656
3655
3654
3653
3652
3652
3652
3652
3652
3652
3649
3648
3648
3647
3647
3646
3646
3644
3643
3642
3641
3639
3638
3636
3636
3635
3634
3634
3632
3632
3631
3631
3631
3630
3630
3629
3628
3628
3628
3626
3625
3623
3621
3618
3618
3618
3615
3612
3612
3611
3610
3606
3605
3604
3602
3602
3601
3600
3597
3595
3594
3594
3593
3593
3590
3588
3586
3586
3586
3584
3583
3582
3579
3579
3578
3577
3577
3576
3576
3575
3575
3574
3572
3571
3570
3570
3569
3567
3567
3566
3565
3564
3564
3562
3561
3560
3559
3558
3558
3556
3555
3555
3554
3554
3551
3551
3551
3550
3549
3548
3547
3547
3546
3544
3544
3542
3542
3542
3541
3538
3537
3536
3536
3536
3533
3530
3530
3529
3528
3527
3527
3527
3526
3525
3525
3522
3522
3522
3521
3519
3518
3517
3517
3516
3514
3514
3514
3514
3513
3513
3513
3511
3509
3509
3509
3507
3505
3505
3503
3503
3502
3500
3500
3500
3498
3498
3497
3497
3495
3495
3493
3493
3492
3488
3488
3487
3487
3487
3485
3485
3485
3484
3480
3479
3478
3477
3476
3476
3475
3475
3473
3472
3471
3470
3467
3467
3465
3464
3463
3462
3461
3461
3459
3457
3455
3454
3452
3451
3451
3450
3450
3448
3446
3446
3445
3444
3440
3439
3439
3438
3438
3438
3437
3435
3434
3433
3432
3431
3431
3430
3430
3428
3428
3426
3425
3424
3423
3423
3423
3420
3418
3418
3418
3417
3416
3415
3414
3414
3412
3409
3408
3408
3407
3406
3401
3399
3398
3396
3395
3395
3395
3395
3394
3394
3393
3392
3392
3391
3391
3389
3389
3389
3388
3386
3385
3384
3383
3383
3382
3382
3375
3374
3373
3372
3369
3368
3368
3366
3365
3364
3364
3362
3360
3358
3355
3354
3352
3352
3350
3349
3348
3346
3344
3344
3343
3341
3341
3337
3337
3337
3337
3336
3336
3333
3333
3332
3331
3329
3328
3327
3327
3325
3325
3323
3323
3320
3319
3318
3318
3316
3315
3313
3312
3312
3310
3309
3303
3302
3302
3301
3300
3299
3299
3299
3295
3295
3295
3293
3293
3292
3292
3292
3291
3289
3288
3288
3287
3287
3285
3284
3284
3282
3281
3279
3278
3278
3278
3278
3277
3276
3275
3273
3271
3270
3268
3266
3266
3261
3261
3260
3260
3259
3254
3249
3247
3247
3246
3245
3243
3242
3242
3241
3235
3234
3234
3231
3231
3230
3230
3230
3227
3226
3226
3223
3222
3222
3221
3219
3218
3218
3215
3213
3212
3211
3211
3209
3208
3208
3208
3207
3206
3206
3204
3204
3204
3203
3201
3201
3201
3200
3200
3199
3199
3197
3197
3195
3195
3195
3195
3194
3192
3191
3190
3190
3190
3188
3188
3185
3181
3181
3180
3178
3178
3177
3176
3175
3175
3173
3172
3171
3170
3167
3167
3166
3165
3163
3162
3162
3162
3158
3158
3155
3155
3151
3151
3150
3148
3148
3148
3147
3146
3145
3144
3144
3144
3140
3138
3137
3137
3137
3136
3133
3133
3133
3131
3130
3128
3128
3125
3123
3123
3121
3120
3118
3117
3116
3115
3114
3114
3113
3113
3112
3112
3112
3110
3107
3106
3103
3102
3101
3099
3099
3099
3097
3097
3096
3096
3096
3094
3089
3089
3088
3085
3085
3084
3083
3079
3071
3071
3071
3069
3068
3068
3067
3064
3064
3063
3063
3058
3058
3056
3056
3054
3052
3052
3051
3050
3048
3047
3047
3044
3043
3040
3037
3035
3034
3034
3033
3030
3030
3029
3029
3025
3022
3020
3019
3017
3016
3015
3014
3014
3013
3011
3011
3008
3007
3005
3004
3004
3003
3000
2999
2997
2996
2994
2994
2994
2993
2993
2990
2990
2990
2988
2988
2985
2985
2985
2984
2983
2982
2974
2973
2970
2968
2966
2966
2964
2964
2963
2962
2958
2956
2956
2953
2953
2952
2950
2948
2948
2947
2947
2946
2943
2943
2940
2940
2939
2939
2939
2938
2936
2931
2930
2927
2922
2922
2920
2917
2917
2916
2915
2911
2910
2909
2909
2907
2906
2906
2906
2903
2903
2902
2901
2900
2898
2897
2896
2895
2895
2895
2891
2891
2890
2889
2888
2886
2884
2883
2881
2881
2878
2877
2877
2876
2876
2876
2875
2875
2875
2874
2870
2869
2868
2866
2865
2864
2863
2862
2861
2860
2859
2852
2851
2846
2846
2846
2844
2841
2839
2837
2837
2836
2835
2834
2834
2833
2832
2830
2829
2829
2826
2826
2825
2825
2820
2818
2817
2815
2814
2812
2811
2810
2809
2808
2807
2806
2804
2803
2801
2800
2799
2799
2796
2795
2794
2791
2790
2790
2789
2784
2784
2784
2783
2781
2779
2777
2776
2775
2772
2771
2762
2762
2761
2761
2760
2759
2759
2758
2758
2758
2757
2755
2755
2755
2752
2751
2751
2749
2746
2743
2743
2742
2740
2739
2739
2739
2739
2738
2738
2736
2736
2734
2733
2733
2733
2733
2733
2732
2731
2730
2729
2726
2725
2723
2722
2722
2719
2718
2717
2717
2714
2713
2708
2707
2706
2705
2704
2703
2700
2699
2697
2696
2696
2695
2694
2691
2690
2688
2686
2685
2681
2678
2678
2671
2670
2669
2668
2666
2662
2662
2661
2660
2659
2657
2653
2646
2646
2644
2643
2641
2638
2635
2633
2632
2631
2631
2631
2629
2629
2625
2623
2623
2622
2622
2621
2619
2617
2616
2615
2615
2614
2612
2611
2608
2606
2606
2606
2605
2603
2602
2601
2597
2596
2591
2588
2587
2585
2581
2581
2579
2578
2577
2576
2576
2574
2573
2573
2572
2572
2570
2569
2568
2567
2564
2562
2561
2558
2558
2557
2554
2554
2554
2554
2553
2552
2552
2552
2551
2549
2549
2546
2546
2546
2546
2546
2544
2543
2542
2542
2540
2540
2540
2539
2538
2537
2537
2537
2535
2534
2531
2529
2529
2528
2527
2527
2526
2524
2523
2522
2522
2520
2519
2519
2518
2517
2516
2513
2513
2513
2513
2512
2512
2510
2509
2507
2506
2506
2506
2503
2502
2502
2501
2500
2499
2498
2497
2494
2492
2492
2489
2489
2488
2485
2484
2481
2479
2479
2478
2478
2478
2475
2475
2472
2472
2471
2471
2469
2469
2469
2464
2463
2461
2460
2458
2458
2458
2456
2456
2455
2452
2450
2450
2449
2446
2445
2445
2444
2444
2442
2441
2438
2438
2437
2437
2435
2434
2432
2432
2431
2429
2429
2429
2428
2424
2423
2422
2417
2416
2415
2413
2412
2411
2410
2408
2406
2404
2404
2403
2401
2400
2397
2397
2396
2396
2390
2389
2388
2380
2379
2378
2377
2376
2375
2375
2374
2374
2372
2371
2370
2369
2368
2365
2364
2362
2362
2360
2356
2356
2355
2352
2352
2351
2350
2349
2348
2348
2345
2342
2339
2337
2337
2337
2335
2334
2333
2332
2331
2331
2330
2329
2329
2328
2327
2325
2317
2317
2315
2312
2308
2308
2306
2306
2306
2305
2305
2304
2304
2303
2302
2302
2300
2298
2297
2295
2289
2285
2285
2283
2283
2282
2279
2278
2277
2272
2270
2269
2268
2268
2267
2266
2265
2265
2264
2263
2261
2259
2259
2259
2256
2255
2254
2254
2251
2251
2249
2248
2247
2242
2240
2239
2239
2239
2238
2238
2237
2237
2236
2236
2236
2236
2235
2231
2228
2228
2224
2224
2224
2224
2220
2220
2216
2216
2214
2214
2213
2213
2213
2212
2212
2210
2209
2209
2204
2202
2202
2201
2201
2200
2197
2196
2196
2195
2194
2192
2192
2191
2190
2187
2181
2180
2180
2179
2177
2176
2175
2175
2173
2173
2169
2168
2166
2165
2164
2161
2161
2161
2160
2159
2159
2158
2157
2155
2155
2155
2154
2154
2154
2153
2151
2151
2151
2151
2151
2150
2150
2150
2148
2148
2147
2146
2144
2144
2143
2141
2140
2139
2138
2136
2134
2134
2133
2132
2129
2127
2124
2119
2117
2116
2116
2116
2115
2114
2113
2110
2110
2109
2108
2107
2105
2105
2104
2103
2100
2100
2099
2099
2094
2093
2092
2091
2090
2090
2088
2087
2084
2084
2083
2082
2081
2080
2076
2076
2075
2074
2074
2070
2067
2067
2066
2066
2066
2066
2066
2060
2058
2058
2057
2054
2052
2051
2051
2051
2050
2049
2048
2047
2046
2046
2044
2044
2044
2038
2034
2032
2031
2028
2027
2027
2027
2026
2026
2023
2021
2021
2018
2018
2017
2015
2014
2014
2014
2013
2013
2011
2011
2010
2010
2009
2009
2007
2007
2005
2003
2003
2002
2002
2001
2001
2000
1999
1998
1997
1996
1996
1995
1995
1994
1993
1990
1988
1985
1984
1984
1983
1983
1983
1981
1980
1979
1978
1977
1976
1970
1969
1967
1965
1965
1965
1964
1963
1962
1961
1961
1959
1958
1956
1955
1955
1954
1953
1951
1951
1950
1949
1946
1945
1945
1944
1943
1942
1942
1941
1937
1933
1933
1933
1932
1931
1929
1928
1927
1923
1922
1922
1921
1921
1918
1912
1912
1911
1911
1909
1908
1907
1906
1906
1904
1903
1900
1900
1900
1899
1899
1898
1895
1895
1894
1894
1894
1893
1893
1892
1890
1890
1890
1890
1888
1888
1888
1887
1886
1886
1886
1885
1884
1881
1878
1878
1877
1877
1876
1876
1876
1875
1875
1875
1875
1875
1874
1874
1874
1872
1872
1871
1869
1868
1868
1868
1867
1864
1864
1864
1863
1861
1859
1857
1857
1857
1856
1856
1856
1855
1854
1854
1851
1849
1849
1849
1848
1844
1841
1840
1839
1837
1836
1833
1833
1831
1830
1830
1829
1829
1828
1827
1826
1826
1824
1824
1824
1823
1823
1821
1820
1820
1819
1817
1816
1814
1813
1813
1812
1810
1810
1809
1808
1807
1807
1806
1803
1802
1801
1801
1795
1795
1795
1795
1795
1795
1794
1793
1792
1790
1790
1790
1790
1789
1788
1788
1787
1787
1787
1786
1785
1785
1784
1782
1779
1779
1779
1778
1778
1777
1776
1775
1774
1774
1772
1770
1768
1768
1766
1764
1762
1762
1762
1762
1761
1761
1758
1756
1753
1753
1752
1752
1752
1750
1750
1749
1749
1749
1746
1742
1742
1741
1741
1737
1737
1737
1736
1735
1735
1733
1733
1733
1732
1732
1731
1729
1729
1728
1728
1727
1726
1725
1724
1723
1723
1723
1722
1722
1721
1720
1720
1718
1718
1717
1714
1714
1714
1710
1710
1709
1709
1708
1708
1708
1707
1704
1704
1704
1702
1696
1693
1691
1689
1689
1688
1687
1685
1683
1682
1680
1680
1679
1679
1679
1679
1677
1677
1675
1674
1674
1673
1671
1671
1671
1669
1666
1666
1666
1665
1665
1663
1662
1660
1660
1659
1659
1658
1658
1657
1657
1656
1653
1653
1649
1648
1647
1647
1647
1646
1646
1646
1644
1643
1642
1642
1641
1639
1638
1638
1637
1636
1634
1632
1631
1629
1629
1628
1627
1626
1625
1621
1621
1620
1618
1618
1617
1617
1616
1616
1616
1614
1613
1612
1611
1610
1610
1610
1609
1607
1607
1605
1604
1603
1602
1602
1602
1601
1601
1601
1601
1601
1600
1599
1598
1596
1595
1595
1595
1593
1592
1591
1591
1591
1589
1589
1587
1586
1585
1584
1583
1583
1583
1583
1581
1579
1577
1577
1576
1574
1573
1572
1571
1570
1569
1569
1568
1568
1566
1564
1561
1561
1561
1559
1558
1558
1556
1555
1554
1554
1553
1553
1552
1552
1552
1551
1550
1549
1549
1549
1548
1547
1547
1544
1544
1543
1543
1543
1541
1541
1539
1539
1539
1539
1537
1535
1535
1535
1534
1534
1533
1533
1531
1529
1528
1528
1526
1525
1525
1525
1524
1524
1524
1520
1519
1519
1519
1519
1519
1518
1518
1518
1518
1518
1517
1516
1515
1513
1512
1512
1512
1512
1511
1511
1511
1510
1510
1510
1508
1508
1507
1506
1506
1506
1505
1504
1503
1501
1500
1500
1499
1498
1497
1497
1497
1496
1495
1494
1494
1493
1493
1491
1491
1490
1490
1490
1488
1488
1487
1487
1484
1483
1481
1478
1478
1476
1476
1476
1475
1475
1474
1473
1473
1472
1471
1471
1469
1467
1467
1467
1466
1464
1463
1463
1463
1462
1462
1461
1461
1459
1458
1458
1457
1456
1456
1455
1455
1452
1452
1452
1451
1449
1447
1447
1447
1445
1444
1444
1443
1443
1442
1442
1441
1441
1441
1439
1439
1439
1438
1437
1436
1435
1433
1433
1432
1432
1432
1431
1431
1430
1429
1429
1428
1428
1428
1427
1427
1427
1424
1424
1422
1421
1420
1420
1420
1419
1419
1419
1419
1419
1418
1418
1417
1417
1416
1416
1416
1415
1415
1414
1414
1414
1413
1413
1412
1411
1410
1410
1410
1410
1410
1409
1409
1407
1406
1405
1405
1404
1404
1404
1403
1401
1401
1401
1401
1399
1399
1399
1398
1398
1397
1397
1397
1397
1395
1395
1392
1389
1389
1388
1387
1387
1387
1387
1386
1386
1384
1383
1382
1382
1382
1381
1381
1381
1380
1380
1378
1378
1378
1377
1377
1377
1377
1376
1376
1376
1375
1375
1375
1375
1375
1374
1374
1374
1374
1374
1374
1373
1372
1372
1371
1370
1369
1369
1369
1368
1368
1367
1367
1367
1367
1366
1365
1365
1364
1364
1363
1363
1361
1360
1358
1358
1357
1357
1357
1357
1357
1356
1356
1356
1355
1355
1354
1353
1353
1352
1352
1351
1350
1348
1348
1348
1347
1347
1347
1346
1346
1346
1346
1346
1345
1344
1343
1343
1343
1342
1342
1341
1340
1339
1339
1338
1338
1338
1337
1337
1335
1334
1334
1334
1331
1331
1331
1330
1329
1329
1328
1327
1327
1326
1326
1326
1325
1324
1324
1324
1323
1323
1323
1323
1322
1321
1321
1321
1319
1319
1318
1318
1318
1317
1317
1316
1316
1315
1315
1314
1313
1313
1312
1311
1311
1311
1310
1310
1310
1310
1310
1310
1310
1310
1309
1308
1308
1308
1307
1307
1306
1305
1305
1304
1304
1303
1303
1303
1303
1303
1302
1302
1301
1301
1300
1299
1299
1298
1297
1297
1297
1295
1295
1295
1295
1294
1294
1293
1293
1292
1292
1291
1291
1291
1290
1290
1289
1288
1287
1286
1286
1286
1286
1286
1285
1285
1285
1284
1284
1284
1283
1283
1281
1280
1280
1280
1280
1279
1279
1278
1278
1277
1276
1276
1276
1275
1275
1275
1274
1274
1273
1273
1272
1272
1271
1271
1270
1268
1267
1267
1265
1265
1265
1265
1264
1264
1262
1262
1261
1260
1260
1260
1260
1260
1258
1258
1258
1258
1257
1257
1257
1256
1254
1254
1254
1254
1253
1253
1253
1252
1252
1251
1250
1249
1249
1249
1249
1248
1247
1246
1246
1245
1244
1244
1243
1243
1243
1242
1242
1241
1241
1240
1240
1239
1238
1238
1237
1237
1236
1235
1234
1234
1233
1233
1231
1231
1230
1229
1229
1228
1227
1227
1227
1227
1227
1226
1225
1224
1223
1223
1223
1222
1222
1220
1220
1219
1219
1218
1218
1218
1217
1217
1216
1215
1215
1214
1212
1212
1211
1211
1211
1211
1210
1208
1208
1208
1208
1208
1207
1206
1206
1206
1206
1205
1205
1204
1203
1202
1199
1199
1199
1197
1197
1197
1196
1196
1196
1195
1195
1195
1195
1194
1194
1193
1193
1191
1191
1191
1191
1190
1189
1189
1188
1187
1186
1186
1185
1185
1185
1183
1183
1183
1182
1182
1182
1180
1180
1180
1180
1180
1178
1178
1178
1178
1177
1177
1176
1176
1176
1176
1175
1174
1174
1172
1172
1169
1169
1168
1168
1168
1166
1166
1166
1166
1166
1165
1164
1164
1164
1164
1164
1164
1163
1162
1161
1161
1160
1160
1159
1159
1158
1158
1157
1157
1157
1157
1157
1157
1157
1156
1156
1155
1155
1155
1155
1154
1153
1153
1153
1152
1151
1151
1151
1150
1150
1148
1148
1148
1147
1146
1145
1145
1145
1144
1144
1143
1142
1141
1140
1140
1140
1139
1139
1139
1138
1138
1138
1138
1138
1138
1138
1137
1137
1135
1135
1135
1135
1135
1134
1134
1134
1134
1134
1133
1133
1133
1133
1133
1132
1131
1131
1131
1130
1130
1129
1129
1128
1127
1126
1126
1125
1123
1122
1121
1121
1121
1120
1120
1119
1118
1117
1116
1116
1115
1115
1115
1114
1114
1114
1114
1114
1113
1113
1113
1113
1113
1113
1112
1112
1111
1111
1111
1111
1110
1109
1108
1108
1108
1107
1107
1107
1107
1107
1107
1107
1105
1105
1104
1104
1104
1104
1104
1103
1103
1103
1102
1102
1102
1101
1101
1100
1099
1099
1099
1099
1099
1099
1098
1098
1097
1096
1096
1095
1093
1093
1092
1092
1092
1091
1091
1091
1091
1089
1089
1089
1088
1087
1087
1087
1086
1086
1086
1086
1086
1085
1085
1084
1084
1084
1084
1084
1084
1084
1084
1083
1083
1083
1082
1082
1082
1082
1081
1081
1081
1081
1080
1079
1079
1079
1078
1078
1078
1077
1077
1076
1076
1074
1074
1074
1073
1073
1073
1072
1072
1072
1072
1072
1070
1070
1070
1070
1070
1069
1069
1068
1068
1068
1068
1067
1067
1067
1067
1066
1065
1065
1065
1065
1065
1065
1065
1064
1063
1063
1063
1063
1063
1062
1062
1062
1062
1062
1062
1062
1061
1061
1061
1061
1060
1060
1060
1059
1059
1059
1059
1059
1059
1058
1057
1057
1057
1056
1055
1055
1055
1055
1054
1054
1054
1054
1053
1053
1053
1052
1052
1051
1051
1051
1051
1051
1050
1049
1049
1049
1049
1049
1048
1048
1048
1047
1047
1047
1047
1047
1045
1044
1044
1044
1044
1044
1043
1043
1043
1042
1042
1042
1042
1042
1041
1041
1041
1040
1040
1040
1040
1039
1039
1039
1039
1038
1038
1037
1037
1037
1037
1037
1036
1036
1036
1036
1035
1034
1034
1034
1033
1033
1033
1033
1033
1033
1032
1031
1030
1029
1029
1029
1029
1028
1028
1027
1027
1027
1027
1026
1026
1026
1025
1024
1022
1022
1022
1022
1022
1021
1021
1020
1020
1020
1019
1019
1019
1019
1019
1018
1018
1018
1018
1017
1017
1017
1017
1017
1016
1016
1016
1016
1015
1014
1014
1013
1013
1013
1012
1012
1012
1012
1011
1011
1011
1011
1011
1010
1010
1010
1010
1009
1008
1008
1008
1007
1007
1007
1007
1007
1007
1007
1007
1006
1006
1006
1006
1005
1005
1004
1004
1004
1003
1003
1003
1003
1003
1003
1003
1002
1002
1001
1001
1001
1001
1001
1000
1000
1000
1000
1000
1000
999
999
999
998
998
998
998
998
998
998
997
997
997
997
996
995
995
994
994
994
994
994
993
993
993
992
992
992
991
991
991
990
990
990
990
990
990
990
990
989
989
988
988
987
986
986
986
986
986
985
984
984
984
984
984
984
983
983
983
983
983
983
982
982
982
981
981
981
980
979
979
979
979
979
979
979
979
979
979
979
978
978
978
978
977
977
976
976
976
976
976
976
975
975
975
974
974
974
973
973
973
973
973
973
973
973
972
972
972
971
971
971
970
970
970
970
969
969
969
969
969
969
969
969
968
968
968
968
968
968
968
967
967
966
966
966
966
966
966
965
965
965
964
964
964
964
964
963
963
963
962
962
962
961
961
961
960
960
960
960
959
959
959
958
958
958
958
957
957
957
956
956
956
956
956
956
956
956
955
955
955
955
955
955
955
955
954
954
954
954
954
953
953
953
953
953
951
951
951
950
950
950
949
949
948
947
947
947
947
947
946
946
946
946
945
944
944
944
944
943
943
943
943
942
942
942
942
941
941
941
940
940
940
940
939
939
938
937
936
936
936
935
935
935
935
935
934
933
933
933
933
933
933
932
932
932
932
932
931
931
931
930
930
930
930
930
929
929
929
929
929
929
929
928
927
927
926
926
926
926
926
926
926
925
925
925
925
925
924
924
924
923
923
923
923
923
922
922
922
922
921
921
921
920
920
920
920
920
920
920
920
920
920
919
919
919
919
919
918
918
916
916
916
915
915
915
915
915
915
915
915
915
915
914
914
914
914
914
913
913
913
913
912
912
912
912
912
912
911
911
911
911
910
910
910
909
909
908
908
907
907
907
907
906
906
906
905
905
905
905
904
904
904
903
903
903
902
902
902
902
902
902
901
901
901
900
900
900
899
899
898
898
897
897
896
896
896
896
896
896
895
895
895
894
894
894
894
893
893
893
893
892
892
892
892
892
892
892
892
891
891
891
891
891
891
891
891
891
891
890
890
890
889
889
889
888
888
888
888
888
887
887
887
886
886
886
886
886
886
885
885
885
885
885
885
884
884
884
884
883
881
881
880
880
879
879
879
878
878
878
878
878
878
877
877
877
877
877
877
876
876
876
876
876
876
875
875
874
874
874
874
874
873
873
873
873
873
872
872
872
872
871
871
871
871
871
871
870
870
870
870
870
869
869
869
868
868
868
868
868
868
867
867
867
867
867
867
866
866
866
866
866
866
865
865
865
865
865
865
864
864
864
864
864
864
864
863
862
862
862
861
861
861
861
861
860
860
860
860
860
860
860
860
859
859
859
859
859
859
859
859
858
858
858
858
858
858
858
857
857
857
857
857
857
857
856
856
856
856
855
855
855
855
855
855
854
854
854
854
854
853
852
852
852
852
852
851
851
851
851
850
850
850
850
850
850
849
849
849
849
849
849
848
848
848
848
847
847
847
847
846
846
846
846
846
846
845
845
845
845
844
844
844
844
843
843
843
842
842
842
842
842
841
841
841
841
841
841
841
841
840
840
840
840
840
840
840
840
840
839
839
839
839
839
839
839
839
838
838
838
838
837
837
837
837
837
836
836
836
836
836
836
836
836
836
835
835
835
835
835
835
834
834
834
834
834
834
834
834
834
834
834
833
833
833
833
832
832
832
832
832
832
832
832
831
831
831
831
831
830
830
830
830
830
830
829
829
829
829
829
829
828
828
828
828
828
828
828
827
827
827
827
826
826
826
826
825
825
825
825
825
825
824
824
824
824
824
824
824
824
823
823
823
823
823
823
823
822
822
822
822
822
822
822
821
821
821
820
820
820
820
819
819
819
819
818
818
818
818
818
817
817
817
817
817
817
816
816
816
816
816
816
816
816
816
816
816
815
815
815
815
815
815
814
814
814
814
814
814
813
813
813
813
812
812
812
812
812
812
812
812
811
811
811
811
811
811
811
810
810
810
810
809
809
809
809
809
809
809
809
809
808
808
808
808
808
807
807
807
807
807
807
807
806
806
806
806
806
806
806
806
805
805
805
805
805
805
805
805
805
804
804
804
804
804
804
804
804
804
804
804
804
804
803
803
803
803
803
803
803
802
802
802
802
802
801
801
801
801
801
801
801
801
800
800
800
800
800
800
800
799
799
799
799
799
798
798
798
798
798
798
797
797
797
797
797
796
796
796
796
795
795
795
794
794
794
794
794
794
794
794
794
794
794
793
793
792
792
792
792
792
791
791
791
791
791
790
790
790
790
790
789
789
789
789
788
788
788
788
787
787
787
786
786
786
786
786
786
786
786
786
786
786
785
785
785
784
784
784
784
784
784
783
782
782
782
782
781
781
781
780
780
780
780
780
779
779
779
779
779
779
779
778
778
778
778
778
778
777
777
777
777
777
777
776
776
776
776
776
776
776
776
775
775
775
775
775
775
775
775
774
774
774
774
774
774
774
773
773
773
773
773
773
772
772
772
772
771
771
771
771
771
771
771
771
771
770
770
770
770
770
770
769
769
769
769
769
769
769
769
769
769
769
769
769
768
768
768
768
768
768
768
767
767
767
766
766
766
766
766
766
765
765
765
765
765
765
765
765
765
765
765
765
764
764
764
764
764
764
764
764
764
763
763
763
763
763
763
763
763
763
763
763
762
762
762
762
762
762
762
761
761
761
761
761
761
760
760
760
760
760
759
759
759
759
759
759
759
759
759
759
759
759
758
758
758
758
758
758
758
758
758
757
757
757
757
757
757
757
757
757
757
756
756
756
756
756
756
756
756
756
756
755
755
755
755
755
755
755
755
754
754
754
753
753
753
753
753
753
753
753
752
752
752
752
752
752
752
752
752
752
751
751
751
751
751
751
751
751
751
751
751
751
750
750
750
750
750
750
750
750
750
750
750
749
749
749
749
749
749
749
748
748
748
748
748
748
747
747
747
747
747
747
747
747
746
746
746
746
746
746
746
745
745
745
745
745
745
745
745
745
745
745
744
744
744
744
744
744
744
744
743
743
743
743
743
743
743
743
743
743
742
742
742
742
741
741
741
741
741
741
741
740
740
740
740
740
740
739
739
739
739
739
739
738
738
738
738
738
738
738
737
737
737
737
737
737
737
736
736
736
736
736
736
736
736
736
736
736
735
735
735
735
735
735
734
734
734
734
734
734
734
734
734
734
733
733
733
733
733
733
733
733
733
733
733
733
732
732
732
732
732
732
732
731
731
731
731
731
731
730
730
730
730
730
730
730
729
729
729
729
729
729
729
729
729
729
729
728
728
728
727
727
727
727
727
727
727
727
727
727
726
726
726
726
726
726
726
726
725
725
725
725
725
725
725
724
724
724
724
724
724
723
723
723
723
722
722
722
722
722
722
722
722
721
721
721
721
721
720
720
720
720
720
719
719
719
719
719
719
718
718
718
717
717
717
717
717
717
717
717
717
717
717
717
716
716
716
716
716
716
716
716
716
716
715
715
715
715
715
715
715
715
715
715
714
714
714
714
714
714
714
714
713
713
713
713
713
713
713
713
713
713
713
713
712
712
712
712
712
712
712
712
711
711
711
711
711
711
711
711
711
711
711
710
710
710
710
710
710
709
709
709
709
709
709
709
708
708
708
708
708
708
708
708
708
707
707
707
707
707
707
707
707
707
707
707
707
706
706
706
706
706
705
705
705
704
704
704
704
704
704
704
704
703
703
703
703
703
703
703
703
703
703
703
702
702
702
702
702
701
701
700
700
700
700
700
700
700
700
699
699
699
699
699
699
699
698
698
698
698
698
697
697
697
697
697
697
697
697
697
697
697
696
696
696
696
695
695
695
695
695
695
695
695
694
694
694
694
694
694
694
694
693
693
693
693
692
692
692
692
691
691
691
691
691
691
691
691
691
691
691
690
690
690
690
690
690
690
690
689
689
689
689
689
689
689
689
688
688
688
688
688
688
688
688
688
688
688
688
688
688
687
687
687
687
687
687
687
686
686
686
686
686
686
685
685
685
685
685
684
684
684
683
683
683
683
683
683
683
682
682
682
682
682
682
682
682
682
682
681
681
681
681
681
681
681
681
681
681
680
680
680
680
680
680
680
680
680
680
680
679
679
679
679
679
679
679
679
679
679
679
679
678
678
678
678
678
678
678
678
678
678
678
678
678
677
677
677
677
677
676
676
676
676
676
676
676
675
675
675
675
675
675
675
675
675
675
675
675
675
674
674
674
674
674
674
674
674
674
674
674
673
673
673
673
673
673
673
673
672
672
672
672
672
672
672
672
672
672
672
672
672
671
671
671
671
671
671
671
671
670
670
670
670
670
670
669
669
669
669
669
669
669
669
669
669
668
668
668
668
668
667
667
667
667
666
666
666
666
666
666
666
666
666
665
665
665
665
665
665
665
665
665
665
665
665
665
664
664
664
664
664
664
664
664
664
664
663
663
663
663
663
663
663
663
663
663
663
663
662
662
662
662
662
662
662
662
662
662
662
662
662
662
661
661
661
661
661
661
661
661
661
661
660
660
660
660
660
660
660
660
660
660
660
660
659
659
659
659
659
659
659
659
659
659
658
658
658
658
658
658
658
658
658
658
658
658
658
658
658
657
657
657
657
657
657
657
656
656
656
656
656
656
656
656
656
656
656
656
656
656
656
656
656
656
656
656
655
655
655
655
655
655
655
655
655
654
654
654
654
654
654
654
654
654
654
654
654
654
654
654
654
654
654
654
654
653
653
653
653
653
653
653
653
653
653
652
652
652
652
652
652
652
652
652
652
652
652
652
651
651
651
651
651
651
651
651
651
651
650
650
650
650
650
650
650
650
650
650
650
650
649
649
649
649
649
649
649
648
648
648
648
648
648
648
648
648
648
648
647
647
647
647
647
647
647
647
647
647
647
647
647
647
646
646
646
646
646
646
646
646
646
646
645
645
645
645
645
645
645
645
645
645
645
645
645
645
645
645
644
644
644
644
644
644
644
643
643
643
643
643
643
643
643
643
643
643
643
643
643
642
642
642
642
642
642
642
642
642
642
642
642
642
642
642
642
642
641
641
641
641
641
641
641
641
641
641
640
640
640
640
640
640
640
640
639
639
639
639
639
639
639
639
639
639
639
639
638
638
638
638
638
638
638
638
638
638
638
638
637
637
637
637
637
637
637
637
637
636
636
636
636
636
636
636
636
636
636
636
635
635
635
635
635
635
635
635
635
635
635
635
635
635
635
635
634
634
634
634
634
634
634
633
633
633
633
633
633
633
633
633
633
633
632
632
632
632
632
632
632
632
632
632
631
631
631
631
631
631
631
631
631
631
631
631
631
631
631
631
631
631
631
630
630
630
630
630
630
630
630
630
630
630
630
630
629
629
629
629
629
629
629
629
629
629
629
628
628
628
628
628
628
628
628
628
627
627
627
627
627
627
627
627
627
627
627
627
626
626
626
626
626
626
626
626
626
626
626
626
626
626
626
626
626
626
626
625
625
625
625
625
625
625
625
625
625
625
625
625
625
625
625
625
625
624
624
624
624
624
624
624
624
624
624
624
624
624
624
624
624
623
623
623
623
623
623
623
623
622
622
622
622
622
622
622
621
621
621
621
621
621
621
621
621
621
620
620
620
620
620
620
620
620
620
620
620
620
620
620
620
620
619
619
619
619
619
619
619
619
619
618
618
618
618
618
618
618
618
618
617
617
617
617
617
617
617
617
617
616
616
616
616
616
616
616
616
616
616
615
615
615
615
615
615
615
615
615
615
615
614
614
614
614
614
614
614
613
613
613
613
613
613
613
613
613
613
613
613
613
613
613
613
613
612
612
612
612
612
612
612
612
612
612
612
612
612
611
611
611
611
611
611
611
611
611
611
611
610
610
610
610
610
610
610
610
610
610
610
610
610
610
610
609
609
609
609
609
609
609
609
609
608
608
608
608
608
608
608
608
608
608
608
608
608
608
608
608
608
608
608
607
607
607
607
607
607
607
607
607
607
607
607
607
607
607
607
607
607
607
607
606
606
606
606
606
606
606
606
606
606
606
605
605
605
605
605
605
605
604
604
604
604
604
604
604
604
604
604
604
604
604
604
604
604
604
603
603
603
603
603
603
603
603
603
603
603
603
603
603
603
603
603
603
602
602
602
602
602
602
602
602
602
602
602
602
602
602
602
601
601
601
601
601
601
601
601
601
601
600
600
600
600
600
600
600
600
600
600
599
599
599
599
599
599
599
599
599
599
599
599
599
599
598
598
598
598
598
598
598
598
598
598
598
598
598
598
597
597
597
597
597
597
597
597
597
597
597
597
597
597
597
597
597
597
596
596
596
596
596
596
596
596
596
596
596
596
595
595
595
595
595
595
595
595
595
595
595
595
595
595
595
595
595
595
595
595
594
594
594
594
594
594
594
594
594
594
594
594
594
594
594
594
594
594
594
593
593
593
593
593
593
593
593
593
593
593
592
592
592
592
592
592
592
592
592
592
591
591
591
591
591
591
591
591
591
591
591
591
591
591
591
591
591
590
590
590
590
590
590
590
590
590
590
590
590
590
590
589
589
589
589
589
589
589
589
589
589
589
589
589
588
588
588
588
588
588
588
588
588
588
588
588
588
588
588
588
588
588
587
587
587
587
587
587
587
587
587
587
586
586
586
586
586
586
586
586
586
586
586
586
586
586
586
586
586
586
585
585
585
585
585
585
585
585
585
585
585
585
585
584
584
584
584
584
584
584
584
584
584
584
584
584
584
584
584
584
583
583
583
583
583
583
583
583
583
582
582
582
582
582
582
582
582
582
582
582
582
582
582
582
582
581
581
581
581
581
581
581
581
581
581
581
581
581
581
581
581
580
580
580
580
580
580
580
580
580
580
580
579
579
579
579
579
579
579
579
579
579
579
579
579
579
579
579
579
579
579
578
578
578
578
578
578
578
578
578
578
578
578
578
578
578
578
578
577
577
577
577
577
577
577
577
577
577
577
577
577
577
577
577
577
577
577
577
577
577
576
576
576
576
576
576
576
576
576
576
576
576
576
576
576
575
575
575
575
575
575
575
575
575
575
575
574
574
574
574
574
574
574
574
574
574
574
574
574
574
574
574
573
573
573
573
573
573
573
573
573
573
573
573
573
572
572
572
572
572
572
572
572
572
572
572
572
572
572
572
572
572
572
572
572
571
571
571
571
571
571
571
571
571
571
571
571
570
570
570
570
570
570
570
570
570
570
570
570
570
569
569
569
569
569
569
569
569
569
568
568
568
568
568
568
568
568
568
568
568
568
568
568
568
567
567
567
567
567
567
567
567
567
567
567
567
567
567
567
567
566
566
566
566
566
566
566
566
566
566
566
566
566
566
566
566
566
566
566
566
566
566
566
565
565
565
565
565
565
565
565
565
565
565
565
565
564
564
564
564
564
564
564
564
564
564
564
564
564
564
564
564
563
563
563
563
563
563
563
563
563
563
563
563
563
562
562
562
562
562
562
562
562
562
562
562
562
562
562
561
561
561
561
561
561
561
561
561
561
561
561
561
561
561
560
560
560
560
560
560
560
560
560
560
560
560
560
560
560
560
559
559
559
559
559
559
559
559
559
559
559
559
559
559
559
559
559
559
558
558
558
558
558
558
558
558
558
558
558
558
558
558
557
557
557
557
557
557
557
557
557
557
557
557
557
557
557
557
556
556
556
556
556
556
556
556
556
556
556
556
555
555
555
555
555
555
555
555
555
555
555
555
555
555
555
555
555
555
554
554
554
554
554
554
554
554
554
554
554
554
554
554
554
554
554
554
554
554
553
553
553
553
553
553
553
553
553
553
553
553
553
553
553
553
553
552
552
552
552
552
552
552
552
552
552
552
552
552
552
552
552
552
551
551
551
551
551
551
551
551
551
551
551
551
551
550
550
550
550
550
550
550
550
550
550
550
550
550
550
550
550
550
550
550
549
549
549
549
549
549
549
549
549
549
549
549
549
548
548
548
548
548
548
548
548
548
548
548
548
548
548
548
548
548
548
548
548
547
547
547
547
547
547
547
547
547
547
547
547
547
547
547
547
547
547
547
547
547
546
546
546
546
546
546
546
546
546
546
546
546
546
546
546
546
546
546
546
546
546
546
545
545
545
545
545
545
545
545
545
545
545
545
545
545
544
544
544
544
544
544
544
544
544
544
544
544
543
543
543
543
543
543
543
543
543
543
543
543
543
543
543
543
543
543
543
543
543
542
542
542
542
542
542
542
542
542
542
542
542
542
542
542
542
542
542
542
542
542
542
542
542
541
541
541
541
541
541
541
541
540
540
540
540
540
540
540
540
540
540
540
540
540
540
540
540
539
539
539
539
539
539
539
539
539
539
539
539
539
539
539
539
539
539
538
538
538
538
538
538
538
538
538
538
538
538
538
538
538
537
537
537
537
537
537
537
537
537
537
537
537
537
536
536
536
536
536
536
536
536
536
536
536
536
536
536
536
536
536
536
536
535
535
535
535
535
535
535
535
535
535
535
535
535
535
535
535
535
535
535
535
534
534
534
534
534
534
534
534
534
534
534
534
534
534
534
534
534
534
534
534
533
533
533
533
533
533
533
533
533
533
533
533
533
533
533
533
533
533
533
533
533
533
533
533
532
532
532
532
532
532
532
532
532
532
532
532
532
532
532
532
532
532
531
531
531
531
531
531
531
531
531
531
531
531
530
530
530
530
530
530
530
530
530
530
530
530
529
529
529
529
529
529
529
529
529
529
529
529
529
529
529
529
529
529
528
528
528
528
528
528
528
528
528
528
528
528
528
528
527
527
527
527
527
527
527
527
527
527
527
527
527
527
527
527
526
526
526
526
526
526
526
526
526
526
526
526
526
526
526
526
525
525
525
525
525
525
525
525
525
525
525
525
525
525
525
525
525
525
524
524
524
524
524
524
524
524
524
524
524
524
523
523
523
523
523
523
523
523
523
523
523
523
523
523
523
522
522
522
522
522
522
522
522
522
522
522
522
522
522
522
522
521
521
521
521
521
521
521
521
521
521
521
521
521
521
521
521
521
520
520
520
520
520
520
520
520
520
520
520
520
520
520
520
519
519
519
519
519
519
519
519
519
519
519
519
519
519
519
519
519
519
519
518
518
518
518
518
518
518
518
518
518
518
518
518
518
517
517
517
517
517
517
517
517
517
517
517
517
517
517
517
517
517
517
517
517
517
517
516
516
516
516
516
516
516
516
516
516
516
516
516
516
516
516
516
516
516
516
516
516
515
515
515
515
515
515
515
515
515
515
515
515
515
515
515
515
514
514
514
514
514
514
514
514
514
514
514
514
514
514
514
514
513
513
513
513
513
513
513
513
513
513
513
513
513
513
513
513
513
513
513
513
513
513
512
512
512
512
512
512
512
512
512
512
512
512
512
511
511
511
511
511
511
511
511
511
511
511
511
511
511
511
511
511
510
510
510
510
510
510
510
510
510
510
510
510
510
510
510
510
510
510
510
510
510
509
509
509
509
509
509
509
509
509
509
509
509
509
509
509
509
509
509
509
509
508
508
508
508
508
508
508
508
508
508
508
508
508
508
508
508
508
508
508
508
508
507
507
507
507
507
507
507
507
507
507
507
507
507
507
507
507
507
507
507
507
507
507
506
506
506
506
506
506
506
506
506
506
506
506
506
506
506
505
505
505
505
505
505
505
505
505
505
505
505
505
505
505
505
505
504
504
504
504
504
504
504
504
504
504
504
504
504
504
504
504
504
504
504
504
504
504
504
504
504
504
504
504
504
504
504
504
503
503
503
503
503
503
503
503
503
503
503
503
503
503
502
502
502
502
502
502
502
502
502
502
502
502
502
501
501
501
501
501
501
501
501
501
501
501
501
501
500
500
500
500
500
500
500
500
500
500
500
500
500
500
500
500
500
500
500
500
500
500
500
500
500
500
499
499
499
499
499
499
499
499
499
499
499
499
499
499
499
498
498
498
498
498
498
498
498
498
498
498
498
498
498
498
498
498
498
498
498
498
498
497
497
497
497
497
497
497
497
497
497
497
497
497
497
497
497
496
496
496
496
496
496
496
496
496
496
496
496
496
496
496
496
496
496
496
496
496
496
495
495
495
495
495
495
495
495
495
495
495
495
495
495
494
494
494
494
494
494
494
494
494
494
494
494
494
494
494
494
494
494
494
494
494
494
493
493
493
493
493
493
493
493
493
493
493
493
493
493
493
492
492
492
492
492
492
492
492
491
491
491
491
491
491
491
491
491
491
491
491
491
491
491
490
490
490
490
490
490
490
489
489
489
489
489
489
489
489
489
489
489
489
489
489
489
488
488
488
488
488
488
488
488
488
488
488
488
488
488
488
488
488
488
488
487
487
487
487
487
487
487
487
487
487
487
487
487
486
486
486
486
486
486
486
486
486
486
486
486
486
486
486
486
486
486
486
486
486
486
486
485
485
485
485
485
485
485
485
485
485
485
485
485
485
485
485
485
484
484
484
484
484
484
484
484
484
484
484
484
484
484
484
484
484
483
483
483
483
483
483
483
483
483
483
483
483
483
483
483
483
483
483
483
482
482
482
482
482
482
482
482
482
482
482
482
482
482
482
482
481
481
481
481
481
481
481
481
481
481
481
481
481
481
481
481
480
480
480
480
480
480
480
480
480
480
480
480
480
480
480
480
480
480
480
480
480
480
480
480
480
479
479
479
479
479
479
479
479
479
479
479
479
479
478
478
478
478
478
478
478
478
478
478
478
478
478
478
478
478
478
478
478
478
478
478
478
478
478
478
477
477
477
477
477
477
477
477
477
477
477
477
477
477
477
477
477
477
477
477
477
477
476
476
476
476
476
476
476
476
476
476
476
476
476
476
476
476
476
476
476
476
475
475
475
475
475
475
475
475
475
475
475
475
475
475
475
475
475
475
475
475
475
475
475
474
474
474
474
474
474
474
474
474
474
474
474
474
474
474
474
474
474
474
474
474
474
474
474
474
474
473
473
473
473
473
473
473
473
473
473
473
473
473
473
473
473
472
472
472
472
472
472
472
472
472
472
472
472
472
472
472
472
472
472
472
472
472
472
471
471
471
471
471
471
471
471
471
471
471
471
471
471
471
471
471
471
471
471
471
471
471
471
471
471
470
470
470
470
470
470
470
470
470
470
470
470
470
470
470
470
470
470
470
470
470
469
469
469
469
469
469
469
469
469
469
469
469
469
469
469
469
469
469
469
469
469
469
468
468
468
468
468
468
468
468
468
468
468
468
468
468
468
468
468
468
467
467
467
467
467
467
467
467
467
467
467
467
467
467
467
467
467
467
467
466
466
466
466
466
466
466
466
466
466
466
466
466
466
466
466
466
466
466
466
466
466
466
466
466
465
465
465
465
465
465
465
465
465
465
465
465
465
465
465
465
465
465
465
465
465
465
465
465
465
464
464
464
464
464
464
464
464
464
464
464
464
464
464
464
464
464
464
464
464
464
464
464
464
463
463
463
463
463
463
463
463
463
463
463
463
462
462
462
462
462
462
462
462
462
462
462
462
462
462
462
462
462
461
461
461
461
461
461
461
461
461
461
461
461
461
461
461
461
461
461
460
460
460
460
460
460
460
460
460
460
460
460
460
460
460
460
460
459
459
459
459
459
459
459
459
459
459
459
459
459
459
459
459
459
459
459
459
459
458
458
458
458
458
458
458
458
458
458
458
458
458
458
458
458
458
458
458
458
458
458
458
458
458
458
457
457
457
457
457
457
457
457
457
457
457
457
457
457
457
456
456
456
456
456
456
456
456
456
456
456
456
456
456
456
456
456
456
456
456
456
456
456
456
456
456
456
456
456
456
456
455
455
455
455
455
455
455
455
455
455
455
455
455
455
455
455
455
455
455
455
455
455
455
455
455
455
455
454
454
454
454
454
454
454
454
454
454
454
454
454
454
454
454
454
453
453
453
453
453
453
453
453
453
453
453
453
453
453
453
453
453
453
453
453
453
453
453
452
452
452
452
452
452
452
452
452
452
452
452
452
452
452
452
452
452
451
451
451
451
451
451
451
451
451
451
451
451
451
451
451
451
451
451
451
451
451
451
450
450
450
450
450
450
450
450
450
450
450
450
450
450
450
450
450
450
450
450
450
449
449
449
449
449
449
449
449
449
449
449
449
449
449
449
449
449
448
448
448
448
448
448
448
448
448
448
448
448
448
448
448
448
448
448
448
448
447
447
447
447
447
447
447
447
447
447
447
447
447
447
447
447
447
447
447
447
447
447
447
447
447
447
447
447
447
447
446
446
446
446
446
446
446
446
446
446
446
446
446
446
446
446
446
446
446
446
446
446
446
446
446
446
446
446
445
445
445
445
445
445
445
445
445
445
445
445
445
445
445
445
445
445
445
445
445
445
444
444
444
444
444
444
444
444
444
444
444
444
444
444
444
444
444
444
444
444
444
444
444
444
444
444
444
444
444
443
443
443
443
443
443
443
443
443
443
443
443
443
443
443
443
443
443
443
442
442
442
442
442
442
442
442
442
442
442
442
442
442
442
442
442
442
442
442
442
442
442
441
441
441
441
441
441
441
441
441
441
441
441
441
441
441
441
441
441
441
441
441
441
441
441
441
441
440
440
440
440
440
440
440
440
440
440
440
440
440
440
440
440
440
440
440
440
440
440
440
439
439
439
439
439
439
439
439
439
439
439
439
439
439
439
439
439
438
438
438
438
438
438
438
438
438
438
438
438
438
438
438
438
438
438
437
437
437
437
437
437
437
437
437
437
437
437
437
437
437
437
437
437
437
437
437
437
437
437
437
437
437
437
436
436
436
436
436
436
436
436
436
436
436
436
436
436
436
436
436
436
436
436
436
436
436
436
436
436
436
436
436
435
435
435
435
435
435
435
435
435
435
435
435
435
435
435
435
435
435
435
435
435
435
435
434
434
434
434
434
434
434
434
434
434
434
434
434
434
434
434
434
434
433
433
433
433
433
433
433
433
433
433
433
433
433
433
433
433
433
433
433
433
433
433
433
432
432
432
432
432
432
432
432
432
432
432
432
432
432
432
432
432
432
432
432
432
432
432
432
432
431
431
431
431
431
431
431
431
431
431
431
431
431
431
431
431
431
431
431
431
431
431
430
430
430
430
430
430
430
430
430
430
430
430
430
430
430
430
430
430
430
430
430
430
429
429
429
429
429
429
429
429
429
429
429
429
429
429
429
429
429
429
429
429
429
429
429
429
429
429
429
429
429
428
428
428
428
428
428
428
428
428
428
428
428
428
428
428
428
428
428
428
428
428
428
428
428
428
428
428
428
428
428
428
428
428
428
428
427
427
427
427
427
427
427
427
427
427
427
427
427
427
427
427
427
427
427
427
427
427
427
427
427
427
427
427
427
427
427
426
426
426
426
426
426
426
426
426
426
426
426
426
426
426
426
426
426
426
426
426
426
426
425
425
425
425
425
425
425
425
425
425
425
425
425
425
425
425
425
425
425
425
425
425
425
425
425
425
425
425
425
424
424
424
424
424
424
424
424
424
424
424
424
424
424
424
424
424
424
424
424
424
424
424
424
424
424
423
423
423
423
423
423
423
423
423
423
423
423
423
423
423
423
423
423
423
423
423
423
423
423
423
423
422
422
422
422
422
422
422
422
422
422
422
422
422
422
422
422
422
422
422
422
422
422
422
422
422
422
422
422
421
421
421
421
421
421
421
421
421
421
421
421
421
421
421
421
421
421
421
421
421
421
421
421
421
421
421
421
420
420
420
420
420
420
420
420
420
420
420
420
420
420
420
420
420
420
420
420
420
420
420
420
420
420
420
420
420
420
420
419
419
419
419
419
419
419
419
419
419
419
419
419
419
419
419
419
419
419
419
419
419
419
419
419
418
418
418
418
418
418
418
418
418
418
418
418
418
418
418
418
418
418
418
418
418
418
418
418
418
418
418
418
418
418
418
418
417
417
417
417
417
417
417
417
417
417
417
417
417
417
417
417
417
417
417
417
417
417
417
417
417
417
417
417
417
417
417
417
416
416
416
416
416
416
416
416
416
416
416
416
416
416
416
416
416
416
416
416
416
416
416
416
416
416
416
416
415
415
415
415
415
415
415
415
415
415
415
415
415
415
415
415
415
415
415
415
414
414
414
414
414
414
414
414
414
414
414
414
414
414
414
414
414
413
413
413
413
413
413
413
413
413
413
413
413
413
413
413
413
413
413
413
413
413
413
413
413
413
413
412
412
412
412
412
412
412
412
412
412
412
412
412
412
412
412
412
412
411
411
411
411
411
411
411
411
411
411
411
411
411
411
411
411
411
411
411
411
410
410
410
410
410
410
410
410
410
410
410
410
410
410
410
410
410
410
410
410
410
410
410
409
409
409
409
409
409
409
409
409
409
409
409
409
409
408
408
408
408
408
408
408
408
408
408
408
408
408
408
408
408
408
408
408
408
408
408
408
408
407
407
407
407
407
407
407
407
407
407
407
407
407
407
407
407
407
407
407
407
407
407
407
407
406
406
406
406
406
406
406
406
406
406
406
406
406
406
406
406
406
406
406
406
406
406
406
405
405
405
405
405
405
405
405
405
405
405
405
405
405
405
405
405
405
405
405
405
404
404
404
404
404
404
404
404
404
404
404
404
404
404
404
404
404
404
404
404
404
404
404
404
404
404
404
403
403
403
403
403
403
403
403
403
403
403
403
403
403
403
403
403
403
403
403
403
403
403
403
403
403
403
403
403
403
403
403
403
403
402
402
402
402
402
402
402
402
402
402
402
402
402
402
402
402
402
402
402
402
401
401
401
401
401
401
401
401
401
401
401
401
401
401
401
401
401
401
401
401
401
401
401
401
400
400
400
400
400
400
400
400
400
400
400
400
400
400
400
400
400
400
400
400
400
400
400
399
399
399
399
399
399
399
399
399
399
399
399
399
399
399
399
399
399
399
399
399
399
399
399
399
399
399
399
399
399
399
399
398
398
398
398
398
398
398
398
398
398
398
398
398
398
398
398
398
398
398
398
398
398
398
398
398
398
398
398
398
397
397
397
397
397
397
397
397
397
397
397
397
397
397
397
397
397
397
397
397
397
397
397
397
397
397
397
397
397
396
396
396
396
396
396
396
396
396
396
396
396
396
396
396
396
396
396
396
396
396
396
396
396
396
396
396
395
395
395
395
395
395
395
395
395
395
395
395
395
395
395
395
395
395
395
395
395
395
395
395
395
395
395
395
395
395
395
395
395
395
394
394
394
394
394
394
394
394
394
394
394
394
394
394
394
394
394
394
394
394
394
394
394
394
394
394
394
394
394
394
393
393
393
393
393
393
393
393
393
393
393
393
393
393
393
393
393
393
393
393
393
393
393
393
393
393
393
393
392
392
392
392
392
392
392
392
392
392
392
392
392
392
392
392
392
392
392
392
392
392
392
392
392
391
391
391
391
391
391
391
391
391
391
391
391
391
391
391
391
391
391
391
391
391
391
391
391
391
391
391
391
391
391
391
391
391
391
390
390
390
390
390
390
390
390
390
390
390
390
390
390
390
390
390
390
390
390
390
390
390
390
390
390
390
390
389
389
389
389
389
389
389
389
389
389
389
389
389
389
389
389
389
389
389
389
389
389
389
389
389
389
389
389
389
389
389
389
388
388
388
388
388
388
388
388
388
388
388
388
388
388
388
388
388
388
388
388
388
388
388
388
387
387
387
387
387
387
387
387
387
387
387
387
387
387
387
387
387
387
387
387
387
387
387
387
387
387
387
386
386
386
386
386
386
386
386
386
386
386
386
386
386
386
386
386
386
386
386
385
385
385
385
385
385
385
385
385
385
385
385
385
385
385
385
385
384
384
384
384
384
384
384
384
384
384
384
384
384
384
384
384
384
384
384
384
384
384
384
384
384
384
383
383
383
383
383
383
383
383
383
383
383
383
383
383
383
383
383
383
382
382
382
382
382
382
382
382
382
382
382
382
382
382
382
382
382
382
382
382
382
382
381
381
381
381
381
381
381
381
381
381
381
381
381
381
381
381
381
381
381
381
380
380
380
380
380
380
380
380
380
380
380
380
380
380
379
379
379
379
379
379
379
379
379
379
379
379
379
379
379
379
378
378
378
378
378
378
378
378
378
378
378
378
378
378
378
378
378
378
378
378
378
377
377
377
377
377
377
377
377
377
377
376
376
376
376
376
376
376
376
376
376
376
376
376
376
376
376
376
376
376
376
375
375
375
375
375
375
375
375
375
375
375
374
374
374
374
374
374
374
374
374
374
374
373
373
373
373
373
373
373
373
373
373
373
373
372
372
372
372
372
371
371
371
371
371
371
371
371
371
371
371
370
370
370
370
370
370
370
369
369
369
369
369
369
369
369
369
369
369
369
369
368
368
368
368
368
367
367
367
367
367
367
367
366
366
366
366
366
366
366
365
365
365
365
365
365
365
365
364
364
364
363
363
363
363
363
363
363
362
362
362
362
362
362
362
362
362
361
361
361
360
360
360
359
359
359
359
359
359
359
359
358
358
358
358
358
357
357
357
356
356
356
356
356
356
355
355
355
355
355
354
354
354
354
354
354
354
353
353
353
353
352
352
352
351
351
350
350
350
350
350
349
349
348
348
348
347
347
347
347
345
345
345
344
344
344
344
344
340
339
339
337
336
336
335
335
335
335
334
333
333
331
330
330
330
329
328
327
326
323
321
320
320
319
318
316
316
314
314
295
294
293
293
289
287
279
277
258
255
252
225
220
220
208
208
207
204
203
203
200
188
185
180
175
160
160
148
147
139
139
128
128
