10068
9192
8320
7617
7602
7365
7131
7074
7069
7067
7065
7056
7031
6947
6918
6873
6872
6863
6841
6839
6808
6801
6763
6750
6700
6696
6691
6633
6632
6588
6569
6562
6554
6534
6534
6530
6526
6513
6509
6476
6474
6470
6464
6453
6450
6442
6430
6413
6412
6390
6371
6347
6346
6345
6337
6331
6327
6321
6317
6292
6287
6285
6248
6234
6233
6227
6225
6212
6208
6203
6185
6181
6162
6162
6157
6153
6148
6136
6134
6124
6117
6104
6102
6095
6093
6090
6086
6080
6072
6071
6069
6068
6068
6067
6067
6064
6062
6061
6058
6054
6047
6044
6042
6040
6019
6016
6002
5998
5995
5990
5988
5985
5977
5973
5971
5970
5970
5963
5963
5959
5956
5936
5936
5931
5931
5926
5924
5917
5905
5896
5895
5894
5884
5884
5878
5875
5875
5873
5872
5871
5869
5866
5866
5866
5864
5864
5864
5864
5863
5854
5845
5842
5841
5832
5832
5830
5829
5827
5826
5806
5806
5804
5787
5787
5784
5780
5776
5773
5770
5766
5765
5764
5762
5760
5760
5751
5743
5738
5736
5730
5729
5729
5727
5727
5725
5720
5718
5711
5708
5704
5702
5698
5697
5692
5692
5689
5680
5679
5679
5676
5676
5675
5673
5670
5664
5660
5658
5658
5656
5656
5656
5655
5649
5647
5646
5645
5637
5633
5628
5625
5623
5617
5617
5616
5616
5611
5602
5602
5601
5598
5597
5596
5590
5589
5589
5588
5587
5580
5575
5574
5572
5567
5565
5555
5553
5553
5550
5550
5549
5548
5546
5546
5545
5539
5537
5537
5536
5531
5523
5522
5519
5518
5517
5516
5515
5514
5506
5504
5501
5501
5492
5489
5485
5483
5482
5477
5467
5462
5458
5454
5448
5447
5444
5444
5437
5434
5432
5432
5426
5425
5420
5420
5420
5419
5411
5410
5409
5409
5408
5408
5405
5405
5404
5402
5400
5394
5393
5392
5392
5390
5389
5382
5376
5373
5373
5371
5370
5369
5368
5361
5360
5355
5355
5352
5351
5346
5342
5337
5333
5333
5332
5332
5331
5331
5328
5325
5323
5321
5319
5315
5315
5314
5314
5308
5308
5306
5305
5302
5300
5299
5296
5295
5294
5287
5286
5286
5285
5284
5283
5281
5280
5278
5277
5274
5274
5270
5268
5267
5266
5266
5264
5262
5259
5256
5255
5251
5250
5246
5246
5245
5244
5242
5242
5241
5228
5228
5227
5227
5223
5219
5219
5216
5213
5211
5208
5207
5206
5206
5205
5204
5202
5199
5198
5196
5196
5196
5194
5193
5190
5189
5188
5188
5182
5181
5180
5180
5176
5175
5173
5173
5171
5170
5168
5165
5165
5161
5158
5157
5156
5156
5155
5152
5152
5149
5149
5148
5145
5144
5144
5143
5143
5143
5141
5140
5139
5138
5137
5137
5136
5134
5132
5131
5131
5128
5125
5125
5122
5120
5106
5102
5101
5099
5096
5096
5093
5093
5093
5084
5083
5083
5081
5081
5080
5072
5070
5069
5064
5063
5062
5057
5057
5056
5054
5053
5053
5050
5046
5044
5043
5043
5042
5041
5037
5036
5035
5034
5034
5032
5031
5030
5030
5028
5026
5024
5024
5019
5017
5017
5016
5016
5012
5011
5011
5010
5009
5009
5008
5006
5005
5005
5003
5003
5003
5002
4998
4998
4991
4990
4990
4989
4989
4985
4981
4980
4978
4975
4975
4973
4972
4971
4971
4969
4967
4967
4966
4961
4959
4954
4950
4949
4949
4944
4942
4942
4939
4937
4937
4937
4935
4934
4933
4932
4930
4928
4927
4920
4918
4917
4915
4914
4911
4911
4909
4907
4904
4903
4902
4902
4901
4898
4898
4897
4894
4893
4892
4889
4880
4879
4879
4878
4878
4877
4873
4869
4868
4868
4867
4867
4864
4864
4864
4859
4857
4856
4856
4855
4853
4852
4851
4849
4848
4844
4842
4840
4839
4838
4838
4836
4835
4832
4829
4828
4827
4827
4827
4825
4824
4824
4822
4822
4819
4819
4817
4813
4812
4812
4811
4811
4811
4810
4809
4809
4809
4808
4808
4807
4807
4806
4804
4803
4801
4801
4800
4798
4795
4792
4790
4787
4786
4785
4784
4784
4784
4784
4774
4774
4772
4769
4768
4767
4765
4762
4762
4762
4761
4760
4760
4755
4755
4755
4754
4754
4754
4753
4753
4752
4752
4748
4745
4744
4744
4742
4742
4735
4734
4733
4732
4730
4729
4728
4728
4728
4728
4727
4727
4726
4725
4724
4719
4718
4718
4717
4715
4714
4711
4710
4708
4707
4706
4706
4705
4704
4704
4703
4702
4702
4702
4700
4700
4700
4700
4699
4698
4696
4695
4693
4693
4692
4692
4691
4689
4688
4687
4686
4685
4685
4684
4682
4682
4680
4678
4676
4675
4675
4673
4673
4672
4671
4671
4670
4666
4666
4666
4662
4652
4651
4651
4649
4646
4646
4644
4638
4638
4637
4636
4636
4634
4630
4629
4627
4627
4625
4624
4623
4622
4621
4621
4616
4616
4614
4613
4612
4610
4609
4608
4608
4607
4606
4605
4605
4605
4604
4601
4600
4600
4599
4595
4594
4592
4591
4590
4588
4584
4583
4580
4579
4576
4575
4575
4571
4571
4570
4568
4568
4565
4565
4560
4558
4557
4557
4555
4549
4548
4547
4547
4545
4544
4543
4542
4538
4538
4538
4538
4537
4536
4534
4531
4530
4527
4523
4522
4521
4519
4516
4513
4513
4512
4510
4510
4509
4508
4506
4506
4505
4503
4503
4502
4502
4499
4499
4497
4497
4496
4496
4496
4495
4494
4492
4490
4488
4487
4486
4485
4484
4483
4482
4479
4477
4477
4476
4476
4475
4475
4472
4471
4470
4470
4469
4468
4468
4465
4464
4463
4463
4462
4462
4462
4460
4460
4458
4456
4455
4455
4453
4450
4450
4449
4449
4447
4446
4444
4443
4443
4442
4442
4440
4438
4437
4436
4435
4435
4435
4434
4428
4427
4427
4426
4420
4420
4417
4417
4417
4414
4414
4413
4413
4412
4410
4409
4408
4408
4407
4405
4403
4401
4398
4398
4396
4390
4390
4390
4390
4388
4387
4387
4386
4384
4380
4380
4376
4375
4375
4375
4374
4373
4373
4370
4368
4368
4367
4365
4364
4363
4361
4361
4360
4360
4359
4357
4355
4354
4351
4348
4348
4348
4347
4346
4344
4343
4343
4342
4341
4341
4340
4339
4338
4338
4337
4333
4332
4332
4332
4332
4328
4325
4323
4322
4321
4320
4320
4320
4318
4316
4315
4315
4314
4313
4312
4311
4308
4308
4307
4307
4306
4306
4305
4305
4305
4304
4302
4302
4302
4300
4297
4297
4296
4296
4292
4291
4290
4290
4289
4287
4287
4287
4285
4284
4283
4281
4281
4279
4278
4277
4277
4275
4274
4274
4274
4273
4273
4272
4271
4269
4268
4267
4267
4265
4263
4262
4262
4262
4261
4261
4260
4259
4259
4257
4257
4255
4253
4251
4249
4247
4247
4244
4243
4243
4242
4241
4241
4240
4237
4235
4234
4232
4231
4228
4226
4226
4225
4224
4221
4221
4220
4220
4219
4219
4217
4212
4212
4209
4209
4208
4208
4208
4208
4202
4199
4197
4197
4196
4195
4194
4193
4192
4192
4191
4191
4190
4190
4188
4187
4185
4184
4184
4183
4182
4180
4180
4180
4178
4177
4177
4176
4175
4174
4170
4170
4169
4168
4168
4168
4166
4165
4164
4159
4159
4159
4157
4157
4156
4153
4153
4152
4152
4151
4145
4145
4144
4144
4143
4142
4140
4138
4137
4137
4137
4134
4134
4132
4130
4129
4126
4126
4126
4124
4123
4122
4121
4120
4119
4117
4117
4116
4116
4115
4112
4112
4112
4109
4108
4108
4106
4106
4104
4102
4102
4101
4100
4099
4096
4094
4094
4091
4090
4090
4088
4088
4086
4085
4084
4083
4083
4082
4082
4080
4079
4077
4075
4075
4074
4074
4073
4073
4073
4072
4070
4068
4067
4066
4066
4064
4062
4061
4061
4060
4060
4060
4059
4059
4059
4058
4058
4055
4054
4052
4052
4052
4049
4049
4048
4045
4045
4044
4043
4040
4039
4038
4037
4034
4033
4033
4032
4032
4031
4028
4025
4025
4025
4022
4018
4018
4017
4017
4017
4015
4015
4010
4007
4007
4007
4006
4006
4005
4004
4004
4003
4000
4000
3999
3994
3994
3992
3991
3991
3991
3990
3988
3988
3987
3987
3987
3986
3986
3985
3985
3984
3981
3979
3977
3976
3975
3973
3972
3969
3967
3967
3967
3966
3965
3961
3960
3959
3959
3958
3956
3955
3955
3955
3951
3950
3950
3950
3948
3948
3948
3948
3945
3945
3941
3940
3938
3937
3936
3936
3933
3932
3932
3931
3930
3930
3929
3928
3926
3926
3924
3923
3922
3921
3920
3920
3920
3918
3916
3915
3914
3914
3914
3913
3912
3912
3909
3909
3906
3905
3905
3904
3903
3902
3901
3899
3898
3896
3895
3895
3895
3894
3893
3892
3890
3888
3888
3888
3885
3884
3881
3880
3880
3878
3878
3878
3878
3877
3875
3874
3874
3873
3873
3872
3871
3871
3868
3867
3866
3864
3864
3864
3863
3860
3859
3856
3856
3855
3854
3854
3854
3854
3853
3853
3853
3852
3849
3849
3847
3846
3845
3845
3844
3843
3842
3841
3840
3840
3840
3839
3838
3834
3834
3834
3829
3822
3822
3821
3821
3818
3818
3817
3816
3816
3814
3814
3814
3812
3812
3811
3811
3810
3810
3810
3809
3808
3808
3808
3808
3805
3803
3802
3801
3799
3795
3794
3793
3793
3792
3791
3791
3789
3787
3785
3784
3784
3784
3784
3782
3782
3780
3779
3778
3776
3775
3773
3773
3773
3773
3771
3770
3769
3765
3765
3763
3763
3763
3763
3762
3758
3753
3753
3753
3753
3752
3751
3748
3747
3747
3745
3745
3745
3744
3744
3743
3742
3742
3742
3741
3741
3740
3738
3738
3737
3737
3736
3731
3728
3728
3727
3725
3723
3720
3720
3720
3719
3717
3717
3717
3715
3713
3710
3709
3709
3709
3706
3706
3705
3705
3703
3702
3702
3697
3696
3696
3692
3691
3691
3691
3689
3688
3688
3686
3686
3685
3681
3680
3680
3680
3680
3679
3677
3675
3673
3672
3670
3667
3667
3667
3666
3666
3666
3665
3661
3660
3657
3657
3655
3655
3654
3654
3653
3653
3652
3651
3650
3648
3648
3646
3644
3644
3641
3641
3640
3640
3639
3639
3638
3637
3636
3635
3633
3632
3632
3628
3626
3625
3625
3624
3624
3621
3619
3618
3618
3614
3613
3612
3609
3608
3607
3607
3606
3598
3596
3596
3595
3593
3593
3592
3591
3591
3589
3588
3587
3586
3586
3586
3585
3584
3583
3576
3573
3573
3570
3568
3567
3567
3566
3565
3564
3562
3562
3561
3560
3557
3553
3553
3552
3552
3551
3549
3549
3547
3545
3545
3545
3544
3544
3543
3541
3537
3535
3535
3534
3533
3532
3531
3531
3529
3529
3529
3525
3525
3524
3524
3523
3522
3521
3519
3518
3518
3518
3516
3515
3515
3514
3514
3514
3512
3512
3510
3509
3508
3506
3504
3504
3503
3501
3501
3499
3499
3498
3498
3497
3496
3494
3491
3490
3488
3487
3486
3486
3484
3483
3482
3481
3480
3479
3479
3478
3477
3475
3474
3474
3473
3472
3468
3466
3463
3462
3462
3461
3461
3461
3457
3457
3455
3452
3452
3450
3446
3444
3442
3439
3436
3436
3436
3432
3432
3431
3430
3428
3425
3425
3424
3413
3411
3407
3406
3406
3404
3402
3402
3397
3397
3395
3395
3393
3391
3389
3388
3387
3385
3385
3381
3381
3380
3377
3377
3377
3374
3371
3371
3369
3367
3364
3364
3360
3359
3359
3358
3358
3357
3353
3353
3350
3348
3348
3347
3342
3341
3339
3338
3337
3336
3334
3333
3333
3331
3331
3330
3330
3330
3329
3327
3323
3323
3322
3321
3319
3319
3316
3316
3314
3312
3308
3307
3306
3305
3303
3303
3298
3298
3297
3297
3296
3296
3295
3293
3292
3292
3289
3289
3287
3283
3283
3279
3278
3278
3274
3271
3270
3270
3266
3265
3263
3262
3262
3261
3259
3259
3258
3258
3257
3256
3256
3254
3253
3247
3247
3247
3246
3245
3243
3242
3241
3239
3238
3236
3236
3236
3234
3230
3229
3228
3228
3226
3226
3226
3222
3220
3219
3218
3215
3207
3206
3204
3204
3200
3200
3199
3198
3196
3193
3188
3187
3182
3182
3181
3180
3180
3176
3175
3174
3171
3171
3169
3168
3165
3163
3163
3163
3161
3158
3150
3149
3147
3136
3136
3133
3133
3132
3131
3129
3127
3125
3124
3123
3123
3122
3120
3118
3118
3114
3113
3109
3108
3104
3100
3096
3094
3091
3091
3091
3088
3086
3085
3085
3085
3083
3082
3082
3082
3079
3077
3076
3074
3072
3070
3069
3068
3068
3067
3067
3064
3064
3063
3061
3061
3060
3059
3059
3058
3053
3052
3050
3041
3041
3034
3032
3030
3030
3027
3020
3020
3020
3019
3019
3015
3014
3010
3009
3002
2999
2997
2996
2994
2993
2991
2988
2986
2986
2986
2982
2978
2974
2973
2970
2970
2969
2968
2966
2965
2965
2965
2964
2963
2956
2955
2955
2954
2953
2952
2946
2945
2942
2942
2940
2938
2937
2935
2934
2933
2931
2930
2924
2923
2922
2920
2920
2919
2917
2916
2912
2910
2907
2906
2905
2902
2899
2897
2897
2894
2891
2886
2884
2884
2882
2877
2877
2877
2877
2876
2875
2872
2871
2869
2868
2866
2864
2862
2851
2851
2846
2841
2839
2838
2837
2835
2834
2832
2830
2828
2827
2827
2826
2825
2817
2816
2816
2815
2809
2806
2804
2804
2803
2802
2801
2800
2795
2793
2792
2791
2788
2786
2786
2778
2769
2768
2764
2757
2757
2755
2753
2748
2745
2744
2743
2742
2736
2736
2735
2732
2730
2729
2729
2725
2722
2722
2720
2713
2712
2711
2711
2710
2707
2701
2698
2697
2696
2695
2695
2687
2686
2686
2681
2681
2676
2673
2666
2665
2665
2665
2663
2662
2662
2661
2659
2658
2658
2653
2650
2644
2643
2638
2638
2637
2635
2633
2630
2622
2617
2616
2615
2614
2612
2612
2608
2606
2602
2601
2600
2599
2594
2590
2586
2584
2584
2582
2581
2581
2581
2579
2578
2575
2572
2571
2569
2568
2567
2566
2566
2563
2561
2559
2556
2555
2551
2546
2544
2544
2543
2542
2540
2537
2535
2534
2531
2531
2527
2526
2525
2524
2523
2522
2522
2522
2520
2519
2518
2518
2516
2516
2509
2507
2507
2506
2500
2499
2499
2497
2492
2489
2487
2484
2483
2481
2473
2469
2468
2468
2467
2462
2461
2461
2459
2456
2453
2452
2452
2451
2447
2441
2439
2439
2439
2438
2436
2432
2429
2425
2424
2424
2423
2421
2414
2413
2409
2408
2407
2406
2402
2398
2398
2397
2396
2395
2393
2388
2388
2387
2386
2382
2381
2381
2380
2380
2380
2379
2378
2377
2373
2372
2372
2371
2369
2368
2367
2363
2362
2362
2359
2359
2359
2353
2346
2346
2346
2343
2342
2341
2340
2336
2335
2333
2332
2330
2329
2328
2328
2323
2320
2320
2319
2319
2316
2315
2310
2308
2306
2306
2302
2302
2300
2299
2299
2297
2296
2294
2293
2288
2286
2275
2274
2272
2270
2269
2268
2267
2266
2263
2262
2262
2261
2260
2258
2257
2253
2252
2251
2247
2247
2243
2241
2240
2238
2235
2234
2233
2230
2229
2223
2220
2218
2217
2217
2217
2212
2211
2210
2208
2207
2202
2199
2197
2197
2196
2194
2193
2193
2193
2191
2190
2189
2184
2182
2178
2175
2175
2171
2171
2170
2168
2165
2165
2163
2161
2155
2155
2155
2153
2152
2148
2145
2142
2140
2139
2139
2137
2135
2135
2134
2133
2132
2130
2127
2127
2126
2123
2123
2123
2118
2118
2117
2115
2114
2112
2111
2110
2104
2103
2103
2103
2103
2102
2100
2099
2098
2098
2094
2093
2091
2090
2090
2090
2089
2088
2088
2085
2084
2084
2076
2073
2073
2069
2068
2068
2067
2065
2063
2063
2062
2060
2059
2059
2056
2054
2052
2044
2042
2042
2038
2038
2038
2037
2034
2032
2030
2030
2029
2028
2027
2027
2024
2022
2020
2019
2019
2018
2017
2016
2016
2015
2015
2013
2011
2010
2005
2005
2005
2004
2002
2000
1998
1998
1997
1991
1987
1985
1980
1978
1977
1974
1974
1969
1967
1966
1965
1965
1964
1963
1961
1956
1956
1955
1953
1952
1952
1949
1949
1948
1943
1943
1941
1940
1938
1938
1938
1938
1936
1934
1931
1931
1930
1927
1927
1927
1925
1921
1920
1919
1919
1918
1912
1909
1907
1906
1901
1900
1898
1897
1896
1894
1893
1891
1888
1887
1887
1886
1885
1883
1883
1883
1880
1880
1880
1877
1874
1873
1873
1871
1869
1868
1866
1861
1860
1859
1856
1855
1855
1853
1851
1850
1848
1847
1846
1845
1844
1842
1841
1839
1838
1837
1835
1835
1831
1829
1829
1829
1827
1827
1825
1823
1823
1822
1822
1821
1817
1815
1811
1808
1807
1805
1801
1798
1797
1796
1794
1793
1791
1790
1789
1788
1787
1787
1786
1786
1786
1785
1785
1781
1779
1779
1778
1776
1776
1775
1775
1774
1771
1770
1768
1767
1766
1765
1763
1762
1761
1761
1761
1761
1760
1759
1759
1757
1756
1754
1753
1753
1752
1745
1743
1739
1739
1738
1736
1734
1732
1731
1731
1731
1730
1729
1729
1728
1728
1726
1725
1723
1721
1720
1713
1711
1710
1710
1709
1709
1708
1704
1701
1700
1700
1696
1696
1693
1692
1692
1691
1689
1689
1686
1686
1685
1684
1682
1681
1680
1679
1679
1673
1672
1671
1669
1668
1667
1658
1656
1655
1655
1654
1653
1652
1651
1650
1650
1649
1648
1647
1647
1647
1646
1644
1644
1644
1643
1642
1640
1640
1639
1638
1636
1635
1635
1634
1634
1632
1630
1629
1628
1628
1627
1626
1623
1621
1621
1617
1615
1612
1611
1611
1611
1610
1610
1609
1608
1606
1605
1604
1604
1603
1602
1601
1598
1598
1597
1595
1592
1592
1590
1589
1586
1584
1584
1583
1580
1580
1578
1578
1575
1574
1571
1570
1569
1568
1567
1567
1565
1563
1562
1559
1559
1557
1557
1555
1554
1553
1551
1549
1549
1548
1548
1547
1547
1547
1545
1543
1543
1542
1541
1540
1535
1535
1534
1534
1533
1532
1532
1532
1530
1530
1530
1528
1523
1522
1521
1521
1521
1520
1518
1517
1516
1516
1513
1507
1507
1506
1506
1502
1500
1496
1495
1492
1492
1492
1492
1490
1489
1487
1487
1486
1485
1485
1484
1483
1482
1482
1480
1477
1476
1471
1468
1468
1466
1465
1465
1464
1463
1462
1461
1461
1460
1460
1460
1459
1459
1455
1451
1450
1450
1449
1446
1445
1445
1445
1443
1442
1440
1439
1435
1433
1432
1431
1430
1430
1429
1428
1427
1426
1424
1424
1422
1421
1420
1420
1420
1420
1419
1416
1414
1413
1412
1410
1409
1406
1405
1405
1404
1401
1400
1399
1398
1397
1397
1396
1395
1395
1394
1393
1390
1390
1388
1388
1387
1387
1387
1386
1386
1385
1383
1383
1381
1380
1380
1379
1378
1377
1376
1374
1374
1374
1373
1373
1369
1369
1369
1369
1367
1366
1365
1364
1364
1363
1363
1360
1360
1359
1359
1358
1358
1358
1356
1356
1356
1356
1354
1353
1352
1348
1348
1346
1345
1344
1344
1343
1341
1340
1340
1339
1339
1338
1338
1338
1338
1337
1336
1335
1333
1332
1331
1329
1329
1329
1328
1327
1327
1327
1326
1326
1326
1325
1324
1324
1323
1322
1322
1322
1322
1321
1321
1321
1320
1320
1319
1318
1318
1318
1318
1315
1314
1314
1313
1311
1310
1309
1308
1308
1308
1307
1307
1305
1304
1304
1301
1300
1300
1299
1299
1298
1298
1295
1294
1291
1289
1289
1288
1288
1287
1287
1286
1283
1282
1282
1282
1281
1281
1281
1279
1279
1279
1278
1278
1277
1277
1276
1275
1275
1274
1273
1273
1273
1272
1269
1269
1267
1267
1266
1265
1265
1264
1264
1263
1263
1263
1262
1262
1261
1261
1260
1259
1258
1258
1258
1257
1255
1253
1253
1253
1253
1253
1253
1252
1251
1249
1247
1247
1247
1246
1245
1244
1243
1241
1240
1239
1238
1238
1235
1235
1235
1234
1234
1234
1233
1233
1232
1232
1231
1230
1229
1228
1226
1225
1225
1222
1222
1221
1221
1220
1220
1219
1219
1219
1218
1217
1217
1216
1216
1215
1215
1213
1212
1212
1210
1210
1209
1208
1207
1207
1206
1206
1206
1205
1204
1204
1204
1204
1203
1202
1201
1200
1199
1199
1199
1199
1198
1198
1196
1195
1194
1194
1192
1192
1192
1192
1191
1191
1190
1189
1189
1185
1185
1185
1184
1184
1183
1183
1182
1181
1179
1179
1178
1178
1176
1176
1176
1175
1175
1175
1174
1173
1172
1171
1171
1170
1170
1170
1170
1169
1169
1168
1168
1167
1167
1167
1167
1166
1166
1166
1166
1165
1165
1163
1163
1162
1162
1161
1160
1158
1158
1158
1158
1157
1157
1156
1156
1155
1155
1153
1153
1152
1152
1149
1149
1148
1148
1147
1146
1146
1146
1146
1145
1145
1145
1145
1145
1144
1144
1143
1143
1141
1140
1140
1140
1140
1139
1137
1133
1133
1131
1129
1129
1128
1128
1126
1126
1126
1125
1125
1124
1123
1122
1122
1122
1121
1121
1120
1120
1119
1118
1118
1117
1115
1114
1113
1113
1112
1112
1112
1112
1111
1110
1109
1109
1108
1108
1107
1106
1106
1105
1104
1104
1103
1103
1103
1103
1103
1102
1102
1102
1102
1101
1100
1099
1099
1099
1099
1099
1099
1098
1098
1098
1098
1097
1097
1095
1095
1095
1094
1094
1093
1092
1091
1090
1090
1089
1087
1086
1086
1086
1085
1085
1084
1082
1082
1082
1082
1081
1081
1080
1079
1079
1079
1078
1078
1078
1077
1077
1077
1077
1076
1075
1075
1075
1074
1074
1074
1072
1072
1072
1072
1071
1071
1071
1071
1071
1070
1070
1070
1070
1069
1069
1069
1069
1065
1064
1064
1064
1063
1062
1062
1062
1061
1060
1060
1060
1058
1057
1056
1056
1056
1056
1056
1055
1055
1055
1054
1054
1054
1053
1053
1052
1052
1052
1052
1052
1051
1051
1051
1050
1050
1050
1049
1048
1048
1047
1046
1046
1045
1045
1045
1044
1043
1040
1040
1039
1039
1039
1038
1038
1038
1038
1036
1036
1035
1035
1035
1034
1034
1034
1034
1033
1033
1032
1030
1030
1030
1030
1029
1029
1028
1028
1027
1027
1026
1025
1025
1024
1023
1022
1022
1022
1022
1021
1021
1021
1020
1019
1017
1017
1016
1016
1016
1015
1015
1015
1014
1014
1014
1013
1013
1013
1012
1012
1011
1010
1009
1009
1008
1007
1006
1006
1006
1005
1005
1005
1005
1005
1005
1005
1004
1004
1004
1003
1003
1002
1002
1002
1001
1001
1001
1000
1000
1000
1000
999
999
999
998
998
998
997
996
996
996
995
995
995
995
992
992
992
992
991
991
991
991
990
990
989
989
988
988
988
988
988
988
987
986
986
986
986
985
984
984
983
983
983
983
982
982
982
981
981
981
980
979
978
978
978
977
976
976
976
976
976
976
976
975
975
975
974
974
974
973
973
973
971
970
970
970
969
969
968
968
968
968
968
968
968
967
967
967
966
966
964
964
964
963
963
963
963
963
962
962
962
962
961
961
959
958
957
956
956
956
956
956
955
955
954
954
953
953
953
952
952
951
950
949
949
949
949
948
947
947
947
946
946
946
944
944
944
944
943
943
943
942
941
941
941
941
941
941
940
939
939
938
938
938
938
938
937
937
936
935
935
934
933
933
933
933
932
932
931
930
930
930
930
929
929
928
928
927
927
927
927
926
925
925
925
925
923
923
923
923
922
922
922
922
921
921
921
920
920
920
920
920
919
918
918
917
917
916
916
916
916
916
915
915
915
914
914
914
914
913
913
912
912
912
912
912
912
911
910
910
910
910
909
909
909
909
908
907
907
906
906
905
905
904
904
903
903
903
903
903
902
902
901
901
901
901
900
900
899
899
898
898
897
897
897
897
896
896
896
896
896
895
894
894
894
893
893
893
892
892
892
892
891
891
891
891
891
890
890
890
890
890
890
890
889
889
888
888
887
887
887
887
887
887
887
886
886
885
885
885
885
885
885
884
884
884
883
883
883
883
883
882
882
882
881
881
880
880
880
880
880
880
879
878
878
878
878
877
876
876
875
875
875
875
875
874
874
873
873
873
873
873
872
872
871
871
870
870
870
870
869
868
868
868
868
868
868
867
867
867
867
866
866
866
866
866
865
865
865
865
864
864
864
864
864
863
863
863
862
862
861
861
861
860
860
860
860
860
860
859
859
858
858
858
858
857
857
857
857
857
856
856
855
855
855
854
854
854
854
854
854
853
853
853
853
852
852
852
852
851
851
851
850
850
850
849
849
849
849
849
849
848
848
848
848
848
848
848
847
847
847
846
846
846
845
845
845
844
844
844
844
843
843
843
843
842
842
841
841
841
841
841
841
841
840
840
840
840
839
839
839
838
838
838
837
837
837
837
837
836
836
836
835
835
835
835
835
835
835
834
834
834
834
833
833
832
832
831
831
831
830
830
830
830
829
829
829
829
828
828
827
827
827
826
826
826
826
826
826
826
825
824
824
823
823
823
823
822
822
821
821
821
821
821
821
821
820
820
820
820
820
820
820
820
820
820
818
818
818
818
817
816
816
815
815
815
815
815
814
814
813
813
812
812
812
811
811
811
810
810
810
810
809
809
809
808
808
808
808
808
808
807
807
807
806
806
806
806
805
805
805
805
805
805
804
804
803
802
802
802
801
801
801
801
801
800
799
799
799
798
798
798
797
797
797
796
796
796
796
796
794
794
794
794
794
794
794
793
793
793
792
792
791
791
791
791
791
790
789
789
789
789
789
789
788
788
788
788
787
787
787
787
787
787
786
786
786
785
785
785
785
785
784
783
783
783
783
782
781
781
781
781
781
780
780
780
779
779
779
778
778
778
778
778
777
777
777
777
777
777
777
777
776
776
776
776
776
776
776
775
775
775
774
774
774
773
773
773
772
772
772
771
771
771
770
770
770
769
769
769
769
769
769
769
769
769
768
768
768
768
768
767
767
767
767
767
767
767
767
767
767
766
766
766
766
766
765
765
765
765
764
764
764
763
763
763
763
763
763
763
762
762
762
761
761
761
761
761
760
760
760
760
760
760
760
760
759
759
759
759
759
759
758
758
758
758
758
757
757
757
757
757
756
756
756
756
756
756
756
756
756
755
755
755
755
755
755
755
754
754
754
753
753
753
753
753
753
753
752
752
752
752
751
751
751
751
751
750
750
750
750
750
750
750
749
749
749
748
747
747
747
747
746
746
746
746
745
745
745
745
744
744
744
743
743
743
742
742
741
741
741
741
740
740
740
740
739
739
739
739
739
739
738
738
738
738
738
738
738
738
737
737
737
737
736
736
736
736
736
736
736
736
735
735
735
735
735
735
734
734
734
734
734
733
733
733
733
733
732
732
732
731
731
731
731
731
731
731
730
730
729
729
729
729
729
728
728
728
728
728
728
728
727
727
727
727
727
727
727
727
726
726
726
726
725
725
725
725
725
725
725
725
724
724
724
724
724
724
724
724
723
722
722
722
722
722
722
721
721
721
720
720
720
719
719
719
718
718
718
718
718
718
718
717
717
717
717
716
716
716
716
716
716
716
715
715
715
715
715
715
714
714
714
714
714
714
714
714
713
713
713
713
713
713
713
713
712
712
712
712
712
712
712
712
711
711
711
711
711
710
710
710
710
710
710
709
709
709
709
709
708
708
708
708
708
708
708
708
708
707
707
707
707
706
706
706
706
706
706
706
705
705
705
705
705
705
705
705
705
705
704
704
704
704
703
703
703
703
703
703
703
703
703
703
702
702
702
702
702
701
701
701
701
700
700
700
700
700
700
700
700
699
699
699
699
698
698
698
698
698
697
697
697
697
697
696
696
696
696
696
695
695
695
695
695
695
694
694
694
693
693
693
693
693
692
692
692
692
692
692
692
691
691
691
691
690
690
690
690
690
690
690
689
689
689
689
689
689
689
688
688
688
687
687
687
687
686
686
685
685
685
685
685
684
684
684
684
684
684
684
683
683
683
683
683
683
683
683
683
683
682
682
682
682
682
681
681
681
681
681
681
681
680
680
680
680
680
680
680
679
679
679
679
679
679
679
679
678
678
678
678
678
678
677
677
677
677
677
677
677
677
677
676
676
676
676
676
676
676
676
675
675
675
675
675
675
675
674
674
674
674
674
673
673
673
673
673
673
673
673
672
672
672
672
672
672
672
672
671
671
671
670
670
670
670
670
670
670
670
670
669
669
669
669
669
669
669
668
668
668
668
667
667
667
667
667
667
667
667
666
666
666
666
666
665
665
665
665
665
665
665
665
665
665
664
664
664
664
664
664
664
663
663
663
662
662
662
662
662
662
662
662
661
661
661
661
661
661
661
661
661
660
660
660
660
660
660
660
660
660
659
659
659
659
659
658
658
658
658
658
657
657
657
656
656
656
656
656
655
655
655
655
655
654
654
654
654
654
654
653
653
653
653
653
653
653
653
653
652
652
652
652
652
652
651
651
651
651
651
651
651
651
650
650
650
650
650
650
650
650
650
650
650
649
649
649
648
648
648
648
648
648
648
647
647
647
647
646
646
646
646
646
646
646
646
646
646
645
645
645
645
645
645
645
645
644
644
644
644
644
644
644
643
643
643
643
643
643
643
642
642
642
642
642
641
641
641
641
641
641
640
640
640
640
640
640
640
640
640
639
639
639
639
639
639
638
638
638
638
638
638
637
637
637
637
637
637
637
637
637
637
636
636
636
636
635
635
635
635
635
635
634
634
634
634
634
634
634
634
633
633
633
633
632
632
632
632
632
632
632
632
631
631
631
631
631
631
631
631
631
631
630
630
630
630
630
630
630
630
630
630
630
630
630
630
630
630
630
630
629
629
629
629
629
629
628
628
628
628
628
628
628
628
628
628
627
627
627
627
627
627
627
627
627
627
626
626
626
626
626
625
625
625
625
625
625
625
625
624
624
624
624
624
624
624
623
623
623
623
623
623
623
623
622
622
622
622
622
622
622
622
622
621
621
621
621
621
621
621
621
621
621
620
620
620
620
620
620
620
620
620
620
620
619
619
619
618
618
618
618
618
618
618
618
618
618
617
617
617
617
617
617
617
617
617
617
617
617
616
616
616
616
616
616
616
616
616
616
616
616
615
615
615
615
615
615
615
615
615
615
614
614
614
614
614
614
614
614
614
614
613
613
613
613
613
613
613
613
613
612
612
612
612
612
612
612
612
611
611
611
611
611
611
611
611
611
611
610
610
610
610
610
610
610
610
610
610
609
609
609
609
609
609
608
608
608
608
607
607
607
607
607
607
606
606
606
606
606
606
606
605
605
605
605
605
605
605
605
605
605
605
604
604
604
604
604
604
603
603
603
603
603
603
603
602
602
602
602
602
602
602
601
601
601
601
601
601
601
601
601
601
601
601
601
601
601
601
600
600
600
600
600
600
600
600
599
599
599
599
599
599
599
599
599
598
598
598
598
598
598
598
598
598
598
598
598
597
597
597
597
597
597
597
597
597
597
597
596
596
596
595
595
595
595
595
595
595
595
595
594
594
594
594
594
594
594
594
594
594
594
594
593
593
593
593
593
593
593
593
593
593
593
593
593
593
593
592
592
592
592
592
592
592
592
591
591
591
591
591
591
590
590
590
590
590
589
589
589
589
588
588
588
588
588
588
588
588
587
587
587
587
587
587
587
587
587
587
586
586
586
586
586
586
586
586
585
585
585
585
585
585
585
584
584
584
584
584
584
584
584
584
584
584
583
583
583
583
583
583
583
583
583
583
583
583
582
582
582
582
582
582
582
582
582
582
582
582
581
581
581
581
581
581
581
581
581
580
580
580
580
580
579
579
579
579
579
579
579
579
579
579
579
578
578
578
578
578
578
578
578
578
578
578
578
578
578
578
578
578
577
577
577
577
577
577
577
577
576
576
576
576
576
576
576
576
576
576
576
576
576
576
576
575
575
575
575
575
575
575
575
574
574
574
574
574
574
574
574
574
574
574
574
574
574
574
574
574
573
573
573
573
573
573
573
573
572
572
572
572
572
572
572
572
572
572
571
571
571
571
571
571
571
571
571
570
570
570
570
570
570
570
570
570
570
570
570
570
570
570
569
569
569
569
569
569
569
569
569
569
569
569
569
569
569
568
568
568
568
568
568
568
568
568
568
567
567
567
567
567
567
567
567
567
567
567
566
566
566
566
566
566
566
566
566
566
566
566
566
565
565
565
565
565
565
565
565
565
565
565
565
565
564
564
564
564
564
564
564
564
564
564
564
564
564
564
564
563
563
563
563
563
563
563
563
563
563
563
563
562
562
562
562
562
562
562
562
562
562
561
561
561
561
561
561
561
561
561
561
560
560
560
560
560
560
559
559
559
559
559
559
559
559
559
559
559
558
558
558
558
558
558
558
558
558
558
558
557
557
557
557
557
557
557
557
557
557
557
557
556
556
556
556
556
556
556
556
556
556
556
556
556
556
556
555
555
555
555
555
555
555
555
555
555
555
555
555
554
554
554
554
554
554
554
554
554
554
554
554
553
553
553
553
553
553
553
553
553
553
552
552
552
552
552
552
552
552
552
552
552
552
552
552
551
551
551
551
551
551
550
550
550
550
550
550
550
550
550
550
550
550
549
549
549
549
549
549
549
549
549
549
548
548
548
548
548
548
548
548
548
548
548
548
548
548
547
547
547
547
547
547
547
547
547
547
547
546
546
546
546
546
546
546
545
545
545
545
545
545
545
545
545
545
545
545
544
544
544
544
544
544
544
544
544
544
543
543
543
543
543
543
543
543
543
543
542
542
542
542
542
542
542
541
541
541
540
540
540
540
540
540
540
540
540
540
540
540
540
540
540
540
539
539
539
539
539
539
539
539
538
538
538
538
538
538
538
538
538
538
538
538
538
538
538
538
537
537
537
537
537
537
537
537
536
536
536
536
536
536
536
536
536
536
536
536
536
536
536
536
535
535
535
535
535
535
535
535
535
534
534
534
534
534
534
534
534
534
534
534
534
533
533
533
533
533
533
533
533
533
533
533
533
533
533
533
533
533
533
532
532
532
532
532
532
532
532
532
532
532
531
531
531
531
531
531
531
531
531
531
531
531
531
531
531
530
530
530
530
530
530
530
530
529
529
529
529
529
529
529
529
529
529
529
529
529
529
529
529
528
528
528
528
528
528
528
528
528
528
528
528
528
527
527
527
527
527
527
527
527
527
527
527
526
526
526
526
526
526
526
526
526
526
526
526
526
526
525
525
525
525
525
525
524
524
524
524
524
524
524
524
524
524
524
524
523
523
523
523
523
523
523
523
523
523
523
523
523
523
522
522
522
522
522
521
521
521
521
521
521
521
521
521
521
521
521
521
521
521
521
521
521
520
520
520
520
520
520
520
520
520
520
520
520
520
520
520
520
520
519
519
519
519
519
519
519
519
519
519
519
519
519
519
518
518
518
518
518
518
518
518
518
518
518
518
517
517
517
517
517
517
517
516
516
516
516
516
516
516
516
516
516
516
516
516
516
516
515
515
515
515
515
515
515
514
514
514
514
514
514
514
514
514
514
514
514
514
514
514
514
514
514
514
513
513
513
513
513
513
513
513
513
513
513
513
513
513
513
512
512
512
512
512
512
512
512
512
512
512
512
512
512
511
511
511
511
511
511
511
511
511
511
511
511
511
510
510
510
510
510
510
510
510
510
510
510
510
510
510
509
509
509
509
509
509
509
509
509
509
509
509
509
509
509
509
509
508
508
508
508
508
508
508
508
508
507
507
507
507
507
507
507
507
507
507
507
507
507
507
507
506
506
506
506
506
506
506
505
505
505
505
505
505
505
505
505
505
505
505
505
505
505
505
505
505
504
504
504
504
504
504
504
504
504
504
504
504
503
503
503
503
503
503
503
503
503
503
503
503
503
502
502
502
502
502
502
502
502
502
502
502
502
502
501
501
501
501
501
501
501
501
501
501
501
501
501
500
500
500
500
500
500
500
500
500
500
500
499
499
499
499
499
499
499
499
499
499
499
499
499
499
498
498
498
498
498
498
498
498
498
498
498
498
498
498
498
498
498
498
497
497
497
497
497
497
497
497
497
497
497
497
497
497
497
497
496
496
496
496
496
496
496
496
496
496
496
496
496
496
496
496
496
495
495
495
495
495
495
495
495
495
495
495
495
494
494
494
494
494
494
494
494
494
493
493
493
493
493
493
493
493
493
492
492
492
492
492
492
492
492
492
492
492
491
491
491
491
491
491
491
491
490
490
490
490
490
490
490
490
490
489
489
489
489
489
489
489
489
488
488
488
488
488
488
488
488
488
488
488
487
487
487
487
487
487
487
487
487
487
487
487
487
487
487
487
486
486
486
486
486
486
486
486
486
486
486
486
485
485
485
485
485
485
485
485
485
485
485
485
485
484
484
484
484
484
484
484
484
484
484
484
484
484
484
483
483
483
483
483
483
483
483
483
483
483
483
483
483
483
483
483
483
483
483
482
482
482
482
482
482
482
482
482
482
482
482
482
482
481
481
481
481
481
481
481
481
481
481
481
481
481
481
481
481
481
481
480
480
480
480
480
480
480
480
480
480
480
480
479
479
479
479
479
479
479
479
479
478
478
478
478
478
478
478
478
478
478
478
478
478
478
478
478
478
478
478
478
477
477
477
477
477
477
477
477
477
477
477
477
477
477
476
476
476
476
476
476
476
476
476
476
476
476
476
476
476
476
476
476
476
476
475
475
475
475
475
475
475
475
475
475
475
475
475
475
475
475
475
475
475
475
475
475
474
474
474
474
474
474
474
474
474
474
473
473
473
473
473
473
473
473
473
473
473
473
473
473
473
473
473
473
473
473
472
472
472
472
472
472
472
472
472
471
471
471
471
471
471
471
471
471
471
471
471
471
471
471
471
471
470
470
470
470
470
470
470
470
470
470
470
470
469
469
469
469
469
469
469
469
469
469
469
469
469
469
469
468
468
468
468
468
468
468
468
468
468
468
468
468
468
467
467
467
467
467
467
467
467
467
467
467
467
467
467
467
467
466
466
466
466
466
466
466
466
466
466
466
466
466
466
466
466
466
466
466
466
466
466
465
465
465
465
465
465
465
465
465
465
465
465
464
464
464
464
464
464
464
464
464
464
464
464
464
464
464
463
463
463
463
463
463
463
463
463
463
463
463
463
463
463
463
463
463
463
463
462
462
462
462
462
462
462
462
462
462
462
462
462
462
462
462
462
462
462
461
461
461
461
461
461
461
461
461
461
461
461
461
461
461
460
460
460
460
460
460
460
460
460
460
460
460
460
460
460
460
459
459
459
459
459
459
459
459
459
459
459
459
459
459
459
459
459
458
458
458
458
458
458
458
458
458
458
458
458
458
458
458
457
457
457
457
457
457
457
457
457
457
457
457
456
456
456
456
456
456
456
456
456
456
456
456
456
456
456
456
456
456
456
456
456
456
455
455
455
455
455
455
455
455
455
455
455
455
455
454
454
454
454
454
454
454
454
454
454
454
454
454
454
454
454
453
453
453
453
453
453
453
453
453
453
453
453
453
453
453
452
452
452
452
452
452
452
452
452
452
452
452
452
452
452
452
452
452
452
452
452
451
451
451
451
451
451
451
451
451
451
451
451
451
451
451
450
450
450
450
450
450
450
450
450
450
450
450
450
449
449
449
449
449
449
449
449
449
449
449
449
449
449
449
449
449
449
449
448
448
448
448
448
448
448
448
448
448
448
448
447
447
447
447
447
447
447
447
447
447
447
447
447
447
447
447
447
447
447
447
447
446
446
446
446
446
446
446
446
446
446
446
446
446
446
446
446
445
445
445
445
445
445
445
445
445
445
445
445
445
445
445
445
445
445
445
444
444
444
444
444
444
444
444
444
444
444
444
443
443
443
443
443
443
443
443
443
443
443
443
443
443
442
442
442
442
442
442
442
442
442
441
441
441
441
441
441
441
441
441
441
441
441
441
441
441
441
441
441
441
441
441
440
440
440
440
440
440
440
440
440
440
440
440
440
440
440
440
440
440
440
440
440
440
440
440
440
440
439
439
439
439
439
439
439
439
439
439
439
439
439
439
439
438
438
438
438
438
438
438
438
438
438
438
438
438
438
438
438
437
437
437
437
437
437
437
437
437
437
437
437
437
437
436
436
436
436
436
436
436
436
436
436
436
436
436
436
436
436
436
436
435
435
435
435
435
435
435
435
435
435
435
435
435
435
435
435
434
434
434
434
434
434
434
434
434
434
434
434
434
434
434
433
433
433
433
433
433
433
433
433
433
433
433
433
433
432
432
432
432
432
432
432
432
432
432
432
432
432
432
432
432
432
432
432
432
432
432
432
431
431
431
431
431
431
431
431
431
431
431
431
431
431
431
431
431
431
430
430
430
430
430
430
430
430
430
430
430
430
430
430
430
430
430
430
430
430
430
430
430
430
430
429
429
429
429
429
429
429
429
429
429
429
429
429
429
429
429
429
428
428
428
428
428
428
428
428
428
428
428
428
428
428
428
428
428
427
427
427
427
427
427
427
427
427
427
427
427
427
427
427
427
427
427
427
427
427
427
427
427
427
427
427
426
426
426
426
426
426
426
426
426
426
426
426
426
426
426
426
426
426
426
426
426
425
425
425
425
425
425
425
425
425
425
425
425
425
425
425
425
425
425
425
425
424
424
424
424
424
424
424
424
424
424
424
424
424
424
424
424
424
424
424
424
424
424
423
423
423
423
423
423
423
423
423
423
423
423
423
423
423
423
423
423
423
423
423
423
422
422
422
422
422
422
422
422
422
422
422
422
422
422
422
422
422
422
422
422
422
422
422
422
422
422
422
422
421
421
421
421
421
421
421
421
421
421
421
421
421
421
420
420
420
420
420
420
420
420
420
420
420
420
420
420
420
420
420
420
420
420
420
420
419
419
419
419
419
419
419
419
419
419
419
419
419
419
419
419
419
419
419
419
419
419
419
419
419
419
418
418
418
418
418
418
418
418
418
418
418
418
418
418
418
418
418
418
418
418
418
417
417
417
417
417
417
417
417
417
417
417
417
417
416
416
416
416
416
416
416
416
416
416
416
416
416
416
416
416
416
416
415
415
415
415
415
415
415
415
415
415
415
415
415
415
415
415
415
415
415
415
415
415
415
415
415
414
414
414
414
414
414
414
414
414
414
414
414
414
414
414
414
413
413
413
413
413
413
413
413
413
413
413
413
413
413
413
413
413
413
413
413
413
412
412
412
412
412
412
412
412
412
412
412
412
412
412
412
412
412
411
411
411
411
411
411
411
411
411
411
411
411
411
411
411
411
411
411
411
411
411
411
410
410
410
410
410
410
410
410
410
410
410
410
410
410
410
410
410
409
409
409
409
409
409
409
409
409
409
409
409
409
409
409
409
409
409
408
408
408
408
408
408
408
408
408
408
408
408
408
408
408
408
408
408
408
408
408
407
407
407
407
407
407
407
407
407
407
407
407
406
406
406
406
406
406
406
406
406
406
406
406
406
406
406
406
406
406
406
406
406
406
406
406
406
405
405
405
405
405
405
405
405
405
405
405
405
405
405
405
405
405
404
404
404
404
404
404
404
404
404
404
404
404
404
404
404
404
404
404
404
404
404
404
403
403
403
403
403
403
403
403
403
403
403
403
403
402
402
402
402
402
402
402
402
402
402
402
402
402
402
402
402
402
402
402
402
402
402
402
402
402
402
402
402
402
402
402
402
402
402
401
401
401
401
401
401
401
401
401
401
401
401
401
401
401
401
401
401
401
400
400
400
400
400
400
400
400
400
400
400
400
400
400
400
400
400
400
400
400
400
400
400
399
399
399
399
399
399
399
399
399
399
399
399
399
399
399
399
399
399
399
399
399
399
399
399
398
398
398
398
398
398
398
398
398
398
398
398
398
398
398
398
398
398
398
398
398
397
397
397
397
397
397
397
397
397
397
397
397
397
397
397
397
397
397
397
396
396
396
396
396
396
396
396
396
396
396
396
396
396
396
396
396
396
396
395
395
395
395
395
395
395
395
395
395
395
395
395
395
395
395
395
395
395
395
394
394
394
394
394
394
394
394
394
394
394
394
394
394
394
394
394
394
394
393
393
393
393
393
393
393
393
393
393
393
393
393
393
393
393
393
393
393
393
393
393
393
393
393
392
392
392
392
392
392
392
392
392
392
392
392
392
392
392
392
392
392
391
391
391
391
391
391
391
391
391
391
391
391
391
391
391
391
391
391
390
390
390
390
390
390
390
390
390
390
390
390
390
390
390
390
390
390
390
390
390
390
390
390
389
389
389
389
389
389
389
389
389
389
389
389
389
389
389
389
389
389
389
389
389
389
388
388
388
388
388
388
388
388
388
388
388
388
388
388
388
387
387
387
387
387
387
387
387
387
387
387
387
387
387
387
387
387
387
387
386
386
386
386
386
386
386
386
386
386
386
386
386
386
386
386
386
386
386
386
385
385
385
385
385
385
385
385
385
385
385
385
385
385
384
384
384
384
384
384
384
384
384
384
384
384
384
384
384
383
383
383
383
383
383
383
383
383
383
383
383
383
383
383
383
383
383
382
382
382
382
382
382
382
382
382
382
382
382
382
382
382
382
382
382
382
382
382
381
381
381
381
381
381
381
381
381
381
381
381
381
381
381
381
380
380
380
380
380
380
380
380
380
380
380
380
380
380
379
379
379
379
379
379
379
379
379
378
378
378
378
378
378
378
378
378
378
378
378
378
377
377
377
377
377
377
377
377
376
376
376
376
376
376
375
375
375
375
375
375
375
375
375
374
374
374
374
374
373
373
373
372
372
372
372
372
372
371
371
370
370
370
370
370
369
369
369
369
369
369
368
368
368
368
367
367
366
366
366
365
365
365
365
365
365
365
364
364
364
364
364
364
364
364
363
363
363
363
363
363
362
362
361
361
361
361
361
361
360
359
359
359
359
359
358
357
356
355
355
355
353
353
353
352
352
352
350
349
348
347
347
346
346
346
344
343
342
342
342
342
342
341
340
340
339
338
335
334
334
333
333
332
331
329
328
327
327
326
325
324
324
323
322
320
318
316
313
313
313
311
305
304
303
294
291
280
265
260
258
257
257
255
255
254
252
249
245
240
240
229
226
220
219
218
218
218
218
216
208
206
186
185
182
173
170
168
166
165
160
159
154
154
154
154
153
147
147
144
141
138
136
134
128
128
128
