0.782591255515
1.0
0.792412617221
0.998444185142
0.996838301716
0.790064102564
0.998260869565
0.996499416569
0.999125109361
0.97675879397
0.999490316004
0.998444185142
0.997666277713
0.997856836691
1.0
0.998338870432
0.791414141414
0.999562745955
0.997568093385
0.990276157137
0.99572150914
0.991514068781
0.993107409535
0.992354124748
0.997277323998
0.995951417004
0.998833138856
1.0
0.999031007752
0.998379910895
0.997666277713
0.999611046285
0.997668997669
0.998651079137
0.999549143372
0.996043521266
0.998055231427
0.762395363812
0.999534450652
1.0
0.997666277713
0.998576174656
0.998981670061
0.997663551402
0.78552837064
0.991901108269
0.789898989899
0.999426934097
0.998638220608
0.998833138856
0.992197659298
0.996888370284
0.998055231427
0.77813163482
0.998075689545
0.992223950233
0.998444185142
0.998833138856
0.998444185142
0.996628131021
0.794793261868
0.998444185142
0.998055231427
0.995636652122
0.998444185142
0.997736276174
0.993406593407
0.998687664042
0.997012377294
0.998055231427
0.998846597463
1.0
0.998042094958
0.793051359517
0.997497914929
0.998055231427
0.998741082669
0.996335078534
0.999611046285
0.998953427525
0.998833138856
0.997154471545
0.997742663657
0.99959903769
0.996352266806
0.997277323998
0.996688741722
0.752486187845
0.999222092571
0.998517786561
0.998002397123
0.999222092571
1.0
0.999222092571
0.999611046285
0.997969955339
0.793350963355
0.998001598721
0.998444185142
0.997026759167
0.999121651296
0.998051631758
0.996623522791
0.999222092571
0.997971602434
0.99747687132
0.999110320285
0.992021276596
0.780784097184
0.998055231427
1.0
0.994213571804
0.999222092571
0.998833592535
0.997990353698
0.998055231427
0.792973177182
0.998412698413
0.998444185142
0.999548940009
1.0
0.997666277713
0.788676236045
0.999127018769
0.990684676293
1.0
0.998755444928
0.997108632796
0.999075785582
1.0
0.994761904762
0.786447638604
0.998325892857
0.997266514806
0.996499416569
0.998315789474
0.998833138856
0.790686029044
0.78891605542
0.982547993019
0.999611046285
0.997666277713
1.0
0.999069334574
0.692921236291
0.996710526316
0.996888370284
0.998249452954
0.996888370284
0.776407506702
0.998055231427
0.998042286609
0.998055231427
0.984842277755
0.998307236564
0.999611046285
1.0
0.999222092571
0.998698481562
0.788520801233
0.793728749528
0.999222092571
0.793350963355
0.999611046285
0.998683055312
0.779465688842
0.997666277713
0.999611046285
0.998138669148
0.997961679576
0.998055231427
0.995134896064
1.0
1.0
0.999530075188
0.990342405619
0.998055231427
0.999174917492
0.996772458311
0.999611046285
0.791014639071
0.775741239892
0.999464954521
0.78549382716
0.99960443038
0.79187238891
0.998254037538
0.999547101449
0.997884940778
0.999611046285
0.998444185142
0.997409326425
0.997217806041
0.782024359513
0.998444790047
0.997164844066
0.99880952381
0.999069334574
0.999551166966
0.999528968441
0.998583569405
0.999562554681
1.0
0.998444185142
0.997970779221
0.792973177182
0.999608610568
0.999523809524
0.998680738786
0.998874507597
0.996262680192
0.998626373626
0.784410458806
0.790176817289
0.999590163934
0.997248968363
0.998933333333
0.989917506874
0.997666277713
0.997563946407
0.999199359488
0.998055231427
0.997940691928
0.792973177182
0.999498243853
0.998714652956
0.997571833266
0.996261682243
0.998055231427
0.998833138856
1.0
0.998055231427
0.996888370284
0.997277323998
0.998604001861
0.997813729777
0.998382749326
0.790444258173
0.999512670565
0.996951219512
0.999610136452
0.999011369254
0.999222092571
0.996499416569
0.995949074074
0.997219647822
0.997968305567
0.794862108047
1.0
0.789623023916
0.997713763146
0.997636864907
0.998444185142
0.792673716012
0.785677218474
0.997023809524
0.999222092571
0.997447894513
0.997950819672
0.998015085351
0.997459779848
0.998797354179
0.997101449275
0.996499416569
0.79219677693
0.99871685201
0.999611046285
0.996744791667
0.789384528515
0.999105545617
0.998358637669
0.99710982659
0.996068796069
0.999222092571
0.999222092571
0.786021085513
0.99843075716
0.994275901546
0.998393574297
0.998055231427
0.99880952381
0.998833138856
0.781571369807
1.0
0.997514498757
0.996274614156
0.998212689902
1.0
0.998833138856
0.998206814106
0.9996
0.997277323998
0.999122036874
0.996449178873
0.792845257903
0.997673336436
0.771676300578
0.998833138856
0.999611046285
0.998833138856
0.999595959596
0.998015873016
0.999603174603
0.792595391009
0.995404411765
0.994117647059
0.999205718824
0.999222092571
0.99878098334
0.786521231009
0.7889485802
0.99914893617
0.997956681651
0.792881484286
0.999104343932
1.0
0.779132791328
0.999611046285
0.996655518395
0.996652319464
0.999451453648
0.99880952381
0.99879855827
0.788520801233
0.996110462855
0.999427262314
0.781315458735
0.998993457474
0.996851102114
0.997949138638
0.998122065728
0.997666277713
0.998397435897
0.998717126363
0.998833138856
1.0
0.998693948629
0.999611046285
0.992773261066
0.994554647997
0.996213714767
0.994997498749
0.99766573296
0.997591812161
0.994761904762
0.999534667287
0.997277323998
0.998055231427
0.999611046285
0.901754385965
0.997741389046
0.784120394395
0.789291217257
0.99449618967
0.989327146172
0.76370510397
0.783882783883
0.997666277713
0.992998833139
0.996200928662
0.998794696665
0.998246383165
0.778883360973
1.0
0.997666277713
0.995860165593
0.999549954995
0.998444185142
0.998444185142
0.992136304063
1.0
0.998055231427
0.998015873016
0.998417721519
0.998355263158
0.999611046285
0.998444185142
0.79146203249
0.996735582155
0.697976878613
0.996499416569
0.998444185142
0.999222092571
0.790707587383
0.997870528109
0.999222092571
0.928738317757
0.998687089716
0.998444185142
0.998833138856
0.998833138856
0.999598554797
0.998055231427
0.999222092571
0.793608521971
0.999528079283
0.793296089385
0.781054512958
0.998705501618
0.998584237848
0.995815899582
0.981044845123
0.998055231427
0.996405032954
0.781704781705
0.997666277713
0.998874507597
0.996350364964
0.782868525896
0.997687326549
1.0
0.998784933171
0.999206349206
0.998055231427
0.998315789474
0.998833138856
0.782591414944
0.790725326992
0.999222092571
0.998833138856
0.999611046285
0.999603174603
0.998444185142
0.775280898876
0.997666277713
0.99501936912
0.989010989011
0.998055231427
0.997666277713
0.793350963355
0.998762376238
0.997666277713
0.998055231427
0.999603174603
0.99653018737
0.998833138856
0.788906009245
0.998225901833
0.99671592775
0.996860986547
0.997293640054
0.99644633973
0.998055231427
0.998444185142
1.0
0.998769483183
0.999222092571
0.997579864472
0.975922330097
0.997277323998
0.998015873016
0.99838362069
1.0
0.998482549317
0.998630136986
0.998055231427
1.0
0.996265172736
0.713319238901
0.999222092571
0.997491638796
0.998055231427
0.998833138856
0.999222092571
0.999433748584
0.78083028083
0.997666277713
0.793129482824
0.994936708861
0.998604001861
0.993592481845
0.998833138856
0.992985532661
0.997712717292
0.783889980354
0.999130056546
0.995615957913
0.990453460621
0.994199018295
0.998833138856
0.998129967274
0.998387096774
0.999553571429
0.993776740568
0.793728749528
0.998833138856
0.999611046285
1.0
0.997121710526
0.999611046285
0.998055231427
0.997395833333
1.0
0.997666277713
0.793129482824
0.994936708861
0.998604001861
0.993592481845
0.998833138856
0.992985532661
0.997712717292
0.783889980354
0.999130056546
0.995615957913
0.990453460621
0.994199018295
0.998833138856
0.998129967274
0.998387096774
0.999553571429
0.993776740568
0.793728749528
0.998833138856
0.999611046285
1.0
0.997121710526
0.999611046285
0.998055231427
0.997395833333
1.0
1.0
0.998482549317
0.998630136986
0.998055231427
1.0
0.996265172736
0.713319238901
0.999222092571
0.997491638796
0.998055231427
0.998833138856
0.998015873016
0.99243570348
0.788906009245
0.998055231427
0.996078431373
0.992524186456
0.996888370284
0.998853211009
0.996888370284
0.997634069401
0.990371991247
0.99902296043
0.99953746531
0.995623632385
0.998833138856
0.961303462322
0.997666277713
0.999121651296
0.995784148398
1.0
0.999400479616
0.788520801233
0.99774393683
0.79020979021
0.995926680244
0.998444185142
0.981909160893
0.999069334574
0.789393939394
0.997301672963
0.998833138856
1.0
0.788906009245
0.998123827392
0.998198198198
0.997875053124
0.996888370284
0.992719486081
0.99572150914
0.998616236162
0.995961635538
0.998412698413
0.792673716012
0.998055231427
0.995
0.997277323998
0.998158379374
0.999222092571
0.998444185142
0.998132586368
0.988547631442
1.0
0.792973177182
0.998534440645
0.996732026144
0.966015293118
0.793350963355
0.999222092571
0.789050728277
0.998833138856
0.998833138856
0.998055231427
0.997277323998
1.0
0.998043052838
0.793350963355
0.998251748252
0.997277323998
0.998594518623
0.995346672871
0.998055231427
1.0
0.998026315789
0.998237367803
0.99823943662
0.998833138856
0.998444185142
0.997666277713
0.986848514369
0.99908045977
0.99764058199
0.997277323998
0.995078740157
0.999024390244
0.994727592267
1.0
0.999087591241
0.997184684685
0.996888370284
0.998833138856
0.996040723982
0.999222092571
0.996031746032
0.998525798526
0.998444185142
0.996499416569
0.998055231427
0.790570719603
0.793872919818
0.793728749528
0.996783088235
0.998569384835
1.0
0.997666277713
0.998055231427
0.993831391364
0.996888370284
0.996626506024
0.998353909465
1.0
0.997621313035
0.997277323998
0.998604001861
0.998833138856
0.999562554681
0.996888370284
0.998366680278
0.783346487766
0.990952175786
0.997925311203
0.99595959596
0.996406109614
0.997843278217
0.999095022624
0.998018232263
0.998055231427
1.0
0.782608695652
0.999222092571
0.999222092571
0.997679814385
0.998444185142
0.996888370284
0.999222092571
0.997666277713
0.998369565217
0.783762057878
0.99880952381
0.997098646035
0.788966256026
1.0
0.983318304779
0.999611046285
0.997666277713
0.999222092571
0.80668358714
0.792595391009
0.996831683168
0.999130434783
0.998444185142
0.790212595267
0.792973177182
0.791619479049
0.996112311015
1.0
0.794484321874
0.781551170262
0.997196261682
0.687119234117
0.784984678243
0.999611046285
0.991826726604
0.997812773403
0.999222092571
0.790821256039
0.998689956332
0.999222092571
0.998599439776
0.998956703182
0.998055231427
0.999099099099
0.998090388288
0.998444185142
0.994908350305
0.998055231427
0.996974281392
0.999478079332
0.997663551402
1.0
0.996308449549
0.996511120802
0.789805825243
0.999603174603
0.998833138856
0.998582900331
0.993776740568
0.994972347914
0.998444185142
0.996076721883
0.999611046285
0.997277323998
0.999611046285
0.999611046285
0.998444185142
0.775609756098
0.999222092571
0.995166747221
0.999251497006
0.998833138856
0.9994807892
0.998366013072
0.999611046285
0.997667910448
0.999592335915
0.998833138856
0.999121265378
0.998444185142
0.999120105587
0.999281092739
0.999611046285
0.999112688554
0.999219359875
0.921768707483
0.999222092571
0.998444185142
0.997007481297
0.997666277713
0.994764397906
0.999547101449
0.999085505258
0.999544419134
0.99913718723
0.999356913183
0.995951417004
0.787373737374
1.0
0.999569892473
0.790533188248
0.997282608696
0.997277323998
0.997794928335
0.787750385208
0.784938179093
0.998444185142
0.99880952381
0.996923076923
1.0
0.999561979851
0.997666277713
0.998066698888
0.876695437731
0.99883223044
0.791000841043
0.998695652174
0.999206349206
0.992946283234
0.998833138856
0.999069334574
0.998599439776
0.999588646647
0.999206349206
0.999611046285
0.998444185142
0.999222092571
0.998444185142
0.997313272434
0.998054474708
1.0
0.998550724638
0.997914059241
0.998833138856
0.998916576381
0.999603174603
0.997878659313
0.998055231427
0.788906009245
0.997277323998
0.789898989899
0.999538532533
0.792973177182
1.0
0.785795670338
0.793429003021
0.999222092571
0.998329156224
0.998314369996
0.995991983968
0.790316126451
0.99957337884
0.997194163861
0.999367088608
1.0
0.999563509385
0.999222092571
0.998005319149
0.999591002045
0.997277323998
0.78236204229
0.997061704212
1.0
0.99756097561
0.997277323998
0.997285559175
0.999611046285
0.989078200087
0.997666277713
0.999611046285
0.992373261552
0.997666277713
0.997351694915
0.999402985075
0.998444185142
0.998444185142
0.996003552398
0.997277323998
0.999222092571
0.998055231427
0.791814047499
0.998082454458
0.999122807018
0.999143835616
0.997844827586
0.997932175352
0.999222092571
0.99173553719
0.99871078642
0.998444185142
0.998990918264
0.998015873016
0.999611046285
0.99438465138
0.791414141414
0.999222092571
0.996924428822
0.997637795276
0.999594155844
0.999107142857
0.775249722531
0.999442275516
0.998107255521
1.0
0.996976241901
0.797506611258
0.998249452954
0.999037536092
0.999546485261
0.9832081308
0.999588646647
0.997896508204
0.997666277713
0.775430794886
0.788365095286
0.999507631709
0.778306878307
1.0
0.793429003021
0.998833138856
0.979715148899
0.997570850202
0.999587118084
0.999611046285
1.0
0.996336996337
0.998202247191
0.99572150914
0.996110462855
0.999611046285
0.998604001861
0.789552988448
0.999603174603
0.998055231427
0.797960725076
0.799580272823
0.974492001729
0.999222092571
0.774722624216
0.99957026214
0.788235294118
0.997251236943
0.997538966366
0.794129007339
0.999069334574
0.993383325981
0.996110462855
0.998055231427
0.996192893401
1.0
0.996358670915
0.998140399814
0.997267759563
0.998833138856
0.99880952381
1.0
0.999222092571
0.996274834437
0.9957472661
0.998310810811
0.999479166667
0.999206349206
0.786209887251
0.998015873016
0.790346907994
0.990324141268
0.793350963355
0.998055231427
0.998444185142
0.999611046285
0.998760842627
0.99846704139
1.0
0.999222092571
0.999599839936
0.998698481562
0.998444185142
1.0
0.999055266887
0.998472505092
0.997813729777
0.999611046285
0.780948384389
0.997590361446
0.998250983822
0.998833138856
0.99766464269
0.992579659537
0.998327059808
1.0
0.999222092571
0.998181818182
0.997208003723
0.998833138856
0.998011928429
0.99766573296
0.992776523702
1.0
0.793025018954
0.996354166667
0.998833138856
0.997964169381
0.998833138856
0.999611046285
0.792296072508
0.997982243745
0.999222092571
0.999570446735
0.998444185142
0.997772828508
0.998132586368
0.793861311103
0.987872662961
0.999124726477
0.999611046285
0.997770842621
0.790864477161
0.997581620314
0.999222092571
0.997105643994
0.99949057565
0.999010880317
0.998055231427
0.99754601227
0.998775010208
0.999425947187
0.997508305648
0.994217265593
0.999136069114
0.999165623696
0.999611046285
0.999588984792
0.999172527927
0.981818181818
0.997222222222
0.997666277713
0.998833138856
0.988962472406
0.999198717949
0.998500749625
0.999206349206
0.997048903879
0.998266146511
0.997666277713
0.996523250761
0.989255869479
0.998055231427
1.0
0.999074502545
0.996499416569
0.998229305002
0.99880952381
0.993569131833
0.998353909465
0.99960768929
0.99675982179
0.999222092571
0.999113475177
0.998684210526
0.998733108108
0.99695863747
0.999611046285
1.0
0.998321443559
0.997619047619
0.998444185142
0.9983436853
0.99880952381
0.996428571429
0.997666277713
0.788906009245
0.999611046285
0.997367035282
1.0
0.996305418719
0.998194130926
0.999451453648
0.762833008447
0.998769483183
0.998833138856
0.997627520759
0.788516746411
0.997277323998
1.0
0.997300215983
0.999128919861
0.999222092571
0.999206349206
0.999465811966
0.99302832244
0.996856581532
0.998833138856
1.0
0.998833138856
0.998376623377
0.996732026144
0.99880952381
0.998833138856
0.787750385208
0.998738965952
0.999188311688
0.998328458003
0.997613365155
0.778181818182
0.998055231427
0.996888370284
0.999611046285
0.997900041999
0.998472505092
0.996204133277
0.997557997558
0.999603174603
0.998977505112
0.998228520815
0.999222092571
0.999222092571
0.996972754793
0.993025283348
0.998825831703
0.996888370284
0.818955512573
0.998833138856
0.998260113093
0.997666277713
0.788383838384
1.0
0.999222092571
0.993464052288
0.998444185142
0.992991677617
0.998821449617
0.997421572841
0.998055231427
1.0
0.999546896239
0.999097472924
0.998187584957
0.785518590998
0.99787595582
0.999222092571
0.999086757991
0.997198879552
0.998444185142
0.997666277713
0.996826835902
0.99797979798
0.99674267101
0.998833138856
0.997666277713
0.998691099476
0.998691099476
0.998995983936
0.999069334574
0.7817079333
1.0
0.996898537882
0.793728749528
0.996897163121
0.998055231427
0.997480050399
0.992530755712
0.999206349206
0.790217806649
0.998055231427
0.998031496063
0.999611046285
0.996483001172
0.997825141366
0.999611046285
0.993992606285
0.78813559322
0.791429654911
0.781420765027
0.79575596817
0.996378451788
0.997277323998
0.939005439005
0.963174603175
0.998434237996
0.997609561753
0.996040475143
0.999522900763
0.997277323998
0.983837330553
0.997826086957
0.999222092571
0.998617511521
0.998581560284
0.996645702306
0.997245179063
0.996110462855
0.998833138856
0.997211155378
0.779766860949
0.994271685761
0.99921537858
1.0
0.998002397123
0.79406554473
0.997967479675
0.99958643507
0.996388261851
0.999206349206
0.998419596997
0.997597308986
0.997217806041
0.999222092571
0.9984375
0.999222092571
0.997530864198
0.999176276771
0.995557350565
0.747427502339
0.997666277713
0.998444185142
