0.998323554065
0.793728749528
0.999553770638
0.792673716012
0.783464566929
0.998324256389
0.79182469448
0.791084246317
0.791772688719
0.802231866088
0.791111111111
0.795463137996
0.79146203249
0.778977980889
0.78967642527
0.782206119163
0.998410174881
0.792284866469
0.779135338346
0.796057619409
0.791084246317
0.791702679343
0.779264214047
0.793657008614
0.791839818663
0.798337707787
0.792595391009
0.791919191919
0.794076163611
0.790569744597
0.792973177182
0.793506983767
0.778880866426
0.787020905923
0.798684210526
0.789827255278
0.792595391009
0.995225102319
0.796832579186
0.793728749528
0.792374480936
0.794470046083
0.790720631787
0.789378120744
1.0
0.777823748448
0.997353096877
0.783407572383
0.784615384615
0.793350963355
0.798312236287
0.792595391009
0.792595391009
0.999440715884
0.769993800372
0.797583081571
0.794106535701
0.793728749528
0.793350963355
0.769195189639
0.996798292423
0.791839818663
0.792595391009
0.793222949557
0.792217604836
0.791437980241
0.798118049615
0.791348600509
0.790976821192
0.792595391009
0.786912751678
0.793728749528
0.785375118708
0.997635933806
0.788601455133
0.792973177182
0.789430894309
0.758008871365
0.793129482824
0.781265822785
0.792595391009
0.782728706625
0.798507462687
0.787159533074
0.780524722503
0.791839818663
0.784109149278
0.95145631068
0.793350963355
0.785508637236
0.786351298953
0.792973177182
0.783300198807
0.793728749528
0.793350963355
0.783773139031
0.999605988968
0.787432117921
0.793429003021
0.789043728976
0.792163543441
0.784971644612
0.788093937739
0.792673716012
0.784730421094
0.788101059495
0.788702026736
0.794739111686
0.99652173913
0.792595391009
0.793728749528
0.77749490835
0.792973177182
0.792673716012
0.787167449139
0.792595391009
0.999211977935
0.789291217257
0.793861311103
0.785839160839
0.793728749528
0.792217604836
0.995831596499
0.792213288193
0.78768673608
0.793728749528
0.788868723533
0.78107457899
0.796587337225
0.773567884529
0.775576036866
0.997843665768
0.790471034109
0.796722763508
0.791084246317
0.789881680947
0.793350963355
0.998947922146
0.998720682303
0.804246284501
0.793806646526
0.792217604836
0.793728749528
0.797016274864
0.995614035088
0.791068580542
0.79146203249
0.790835808231
0.792217604836
0.997186268993
0.793506983767
0.790573926264
0.792973177182
0.800637958533
0.779393939394
0.793350963355
0.78967642527
0.794261985655
0.793016407236
0.998793727382
1.0
0.792973177182
0.999605988968
0.793350963355
0.792340425532
0.997239094423
0.794106535701
0.793350963355
0.7952079566
0.789556962025
0.792296072508
0.789969995714
0.78967642527
0.792148760331
0.780709736124
0.799231097821
0.792595391009
0.7904
0.775637688704
0.793350963355
0.997882477501
0.998862990335
0.782608695652
0.994762288477
0.789938556068
0.998810939358
0.793059669911
0.798767062968
0.780737704918
0.793350963355
0.792973177182
0.76282853567
0.78772674643
0.99911971831
0.792673716012
0.791519434629
0.78967642527
0.796112115732
0.788695652174
0.78132118451
0.791838606144
0.79219677693
0.797640653358
0.793728749528
0.790551181102
0.999211977935
0.793602437167
0.781767955801
0.792412617221
0.775787187839
0.782270606532
0.782358156028
0.998446400829
0.997947454844
0.79093799682
0.763455149502
0.778350515464
0.77901289462
0.792595391009
0.782985427334
0.787101787102
0.791839818663
0.789536741214
0.999211977935
0.775302663438
0.7799916978
0.786022771888
0.775823184484
0.794339622642
0.792374480936
0.791214215202
0.792296072508
0.792595391009
0.792217604836
0.796296296296
0.792869269949
0.793085385018
0.996931170539
0.786761229314
0.791385135135
0.793638773192
0.767874165872
0.794106535701
0.791084246317
0.787810383747
0.780619111709
0.783464566929
0.996847911742
0.793088737201
0.997879558948
0.797333333333
0.790982040504
0.792595391009
0.998029944838
0.999455930359
0.784030784031
0.793350963355
0.781069958848
0.789578163772
0.792372881356
0.783305921053
0.775771694817
0.777570093458
0.791619479049
0.996450754215
0.792116182573
0.793350963355
0.793388429752
0.992280285036
0.798260869565
0.782729805014
0.794007490637
0.787893231649
0.792973177182
0.792452830189
0.99836867863
0.791619047619
0.790116601888
0.760754716981
0.792296072508
0.788520801233
0.793129482824
0.997848537005
0.793728749528
0.788438378161
0.775604734946
0.787012987013
0.78967642527
0.793129482824
0.777777777778
0.792086889061
0.792595391009
0.792428753722
0.779399141631
0.996955197912
0.794303797468
0.996947496947
0.792595391009
0.793350963355
0.793350963355
0.785574284594
0.789757412399
0.789291217257
0.998423955871
0.794551138901
0.7899543379
0.791056283732
0.792973177182
0.789909341742
0.998779495525
0.998397435897
0.789950576606
0.790328973444
0.999210110585
0.786984815618
0.795603367633
0.997625830959
0.793350963355
0.782162162162
0.780657103193
0.792221630261
0.788906009245
0.792071511854
0.99839163651
0.791839818663
0.785
0.999122036874
0.789756097561
0.795713035871
0.782418456643
0.795350957156
0.79146203249
0.787863070539
0.770755885998
0.792595391009
0.797016274864
0.792739552554
0.793728749528
0.784245076586
0.790785498489
0.781899714635
0.773429951691
0.795825771325
0.787932044523
0.797685185185
0.796564195298
0.792217604836
0.792595391009
0.793728749528
0.724320241692
0.789589041096
0.999453850355
0.999597909127
0.776655896607
0.77628032345
0.997995991984
0.998900494777
0.795016987542
0.796815769522
0.781006958657
0.785964912281
0.791418861512
0.997099767981
0.790844514601
0.790864477161
0.795261510952
0.78630614915
0.792595391009
0.793350963355
0.799319727891
0.793728749528
0.792217604836
0.78813559322
0.78955453149
0.783373301359
0.793350963355
0.792973177182
0.997241922774
0.789862724393
0.847964138962
0.792075471698
0.792595391009
0.792973177182
0.998213488164
0.790495867769
0.792973177182
0.751138088012
0.791595925297
0.793350963355
0.793272864701
0.793350963355
0.786910790806
0.792217604836
0.793794930004
1.0
0.781378366043
0.998936735779
0.99905970851
0.771643663739
0.791380100871
0.781110660722
0.782315978456
0.792217604836
0.775972141613
0.997811816193
0.79146203249
0.790278536319
0.785545023697
0.999166666667
0.781110116383
0.793728749528
0.784675834971
0.790142472083
0.793350963355
0.782537739698
0.796134899583
0.999584372402
0.998345055854
0.792973177182
0.792973177182
0.793350963355
0.790958268934
0.791918429003
0.997179921038
0.793194706994
0.7877485223
0.787006028131
0.792374480936
0.792973177182
0.999605988968
0.783373301359
0.792217604836
0.793350963355
0.789291217257
0.770360480641
0.793350963355
0.999195818255
0.783954154728
0.787022292994
0.788444830582
0.78505897772
0.760631001372
0.79417328793
0.792217604836
0.78967642527
0.782020684169
0.793728749528
0.779700654818
0.812334468407
0.792595391009
0.787750385208
0.776967170401
0.793728749528
0.820532319392
0.7824933687
0.794106535701
0.793728749528
0.794010889292
0.823298429319
0.792973177182
0.781604538088
0.791839818663
0.792595391009
0.792973177182
0.777352297593
0.998067010309
0.793051359517
0.998029944838
0.786764705882
0.795660036166
0.793835901708
0.792595391009
0.797695262484
0.77409372237
0.997536945813
0.779554059739
0.778532032244
0.786376274328
0.784788245462
0.793350963355
0.780344202899
0.785211267606
0.788836001731
0.791524782444
0.993695823483
0.793350963355
0.793350963355
0.793728749528
0.788277511962
0.793350963355
0.791163141994
0.782652546646
0.78967642527
0.793051359517
0.998029944838
0.786764705882
0.795660036166
0.793835901708
0.792595391009
0.797695262484
0.77409372237
0.997536945813
0.779554059739
0.778532032244
0.786376274328
0.784788245462
0.793350963355
0.780344202899
0.785211267606
0.788836001731
0.791524782444
0.993695823483
0.793350963355
0.793350963355
0.793728749528
0.788277511962
0.793350963355
0.791163141994
0.782652546646
0.78967642527
0.793728749528
0.820532319392
0.7824933687
0.794106535701
0.793728749528
0.794010889292
0.823298429319
0.792973177182
0.781604538088
0.791839818663
0.792595391009
0.789291217257
0.781524926686
0.999195818255
0.792595391009
0.790874524715
0.797175866496
0.791761148904
0.774585635359
0.79146203249
0.791474654378
0.798040051129
0.789573459716
0.796853932584
0.774439272112
0.793350963355
0.768196202532
0.79146203249
0.793867120954
0.788870703764
0.78967642527
0.766608896592
0.997989545637
0.791575492341
0.998950682057
0.782437099161
0.792217604836
0.779230481883
0.796112115732
0.996823716252
0.775574112735
0.792973177182
0.793728749528
0.999195818255
0.777576853526
0.775261324042
0.782125205931
0.790328673971
0.796412181894
0.793038214151
0.79730941704
0.785539814362
0.789799072643
0.996847911742
0.792217604836
0.775096525097
0.791839818663
0.773618538324
0.792973177182
0.792973177182
0.796464188577
0.798582995951
0.790403071017
0.999211977935
0.779613025012
0.781546811398
0.81561461794
0.998029944838
0.792973177182
0.997889182058
0.792595391009
0.793350963355
0.793350963355
0.792217604836
0.769230769231
0.790573926264
0.999211977935
0.791949152542
0.792816635161
0.791095890411
0.795475113122
0.792595391009
0.776946766388
0.768106734435
0.778030734206
0.793515358362
0.792595391009
0.791619479049
0.792595391009
0.782547169811
0.796693476318
0.789614356625
0.79146203249
0.789650215621
0.793282876064
0.789787234043
0.769230769231
0.796805678793
0.774333877107
0.791084246317
0.792595391009
0.778387273725
0.792973177182
0.774209012464
0.790753098189
0.794240242516
0.791084246317
0.792973177182
0.998436685774
0.998423955871
0.998817966903
0.762792714657
0.794349235757
0.790307548928
0.793350963355
0.791839818663
0.753469927297
0.792296072508
0.794200187091
0.782747603834
0.78967642527
0.793071593533
0.791839818663
0.796564195298
0.793350963355
0.79219677693
0.791839818663
0.783762376238
0.998350515464
0.786633457866
0.783413848631
0.788056779246
0.786428882123
0.80193236715
0.78439964943
0.788764909581
0.792595391009
0.793728749528
0.997899159664
0.792973177182
0.792973177182
0.785151856018
0.793429003021
0.792217604836
0.792973177182
0.791839818663
0.791974656811
0.999159663866
0.788520801233
0.776998597475
0.998876404494
0.78967642527
0.775816416593
0.793728749528
0.79146203249
0.793728749528
0.674925245622
0.998029944838
0.790849673203
0.793001686341
0.792595391009
0.997063758389
0.999211977935
0.997241922774
0.791369920402
0.793728749528
0.997635933806
0.997594997595
0.795918367347
0.60889292196
0.99731471536
0.794106535701
0.795147175815
0.790924512299
0.793350963355
0.999493414387
0.780312632024
0.792973177182
0.796917497733
0.789526686808
0.792595391009
0.797811816193
0.780321782178
0.792217604836
0.789708065314
0.792595391009
0.784102060844
0.789129340715
0.791225416036
0.793037490436
0.789180588703
0.790274841438
0.998981670061
0.789291217257
0.793350963355
0.795506648326
0.789573101624
0.787420770356
0.792973177182
0.791348600509
0.793350963355
0.791839818663
0.793728749528
0.793350963355
0.792217604836
0.998289623717
0.792973177182
0.792408622306
0.81957633309
0.792973177182
0.772431077694
0.782488114105
0.793350963355
0.778781038375
0.790743670886
0.792973177182
0.792163543441
0.793728749528
0.792235494881
0.764216366158
0.793350963355
0.788907996561
0.79226686884
0.738162878788
0.793129482824
0.792374480936
0.791182170543
0.792217604836
0.790186125212
0.784993418166
0.774635439682
0.784296426996
0.793305439331
0.766707168894
0.763671875
0.995235574378
0.787340366463
0.794400334308
0.998857795545
0.78201754386
0.792217604836
0.790685224839
0.996381182147
0.994483845548
0.792217604836
0.788520801233
0.791222837665
0.78967642527
0.791932059448
0.792595391009
0.792682926829
0.682250095021
0.792438563327
0.996478873239
0.792246101981
0.788906009245
0.775445960126
0.794106535701
0.797920433996
0.796733212341
0.783146964856
0.788906009245
0.793350963355
0.792973177182
0.793728749528
0.791996979992
0.777951118045
0.792217604836
0.793728749528
0.795124238162
0.788834951456
0.79275198188
0.792631578947
0.789291217257
0.787146950471
0.793350963355
0.999195818255
0.791839818663
0.997353096877
0.781152300134
0.999211977935
0.78967642527
0.992868462758
0.998817966903
0.793350963355
0.78857837181
0.781951817068
0.785075787019
1.0
0.792132505176
0.77172153265
0.772949816401
0.793728749528
0.792636479052
0.792973177182
0.767008985879
0.792063492063
0.792973177182
0.998369565217
0.793037672866
0.793728749528
0.788810086682
0.79146203249
0.77731092437
0.793350963355
0.796343537415
0.792595391009
0.793350963355
0.792757417103
0.792217604836
0.779600205023
0.778679026651
0.793350963355
0.793728749528
0.787618228719
0.793129482824
0.792973177182
0.793350963355
0.996823716252
0.780510440835
0.792091836735
0.791943521595
0.778530484627
0.788692862871
0.792973177182
0.775919732441
0.780274656679
0.792452830189
0.7902200489
0.789291217257
0.793728749528
0.787810383747
0.998941238751
0.794484321874
0.790638297872
0.790297937357
0.79094488189
0.787629757785
0.996489174956
0.791553871142
0.775075987842
0.794436586516
0.791369920402
0.992907801418
0.778671180702
0.795603367633
0.775975449364
0.779254179168
0.790586358197
0.781758957655
0.792217604836
0.998233215548
0.997360084477
0.791786055396
0.996100278552
0.788654060067
0.998029944838
0.792595391009
0.789495798319
0.783974862529
0.789831865492
0.793728749528
0.793728749528
0.780141843972
0.777488048674
0.790706460144
0.791918429003
0.793350963355
0.796112115732
0.998415213946
0.789291217257
0.791839818663
0.992907801418
0.979200875753
0.811998310097
0.792973177182
0.995438418652
0.792830345977
0.997855227882
0.788574479445
0.790059642147
0.990365315134
0.796112115732
0.777493606138
0.792595391009
0.791839818663
0.77868852459
0.781418312388
0.772107347118
0.774584643018
0.78404583517
0.792973177182
0.78967642527
0.78967642527
0.793728749528
0.787489975942
0.774383078731
0.783597239139
0.779626828038
0.789453425712
0.99818099136
0.787913779831
0.999471737982
0.786384976526
0.999605988968
0.792217604836
0.792973177182
0.793350963355
0.78334000801
0.793737574553
0.786556089044
0.792973177182
0.787572815534
0.793016407236
0.793728749528
0.793728749528
0.785550983082
0.790227048371
0.791860958033
0.793350963355
0.99780123131
0.795316159251
0.791455160745
0.793806646526
0.780685920578
0.798215802889
0.788812322659
0.793728749528
0.792973177182
0.784771126761
0.794755877034
0.793350963355
0.789879518072
0.795372050817
0.787786920745
0.784
0.999604586793
0.790379746835
0.793129482824
0.78317535545
0.793429003021
0.793350963355
0.997241922774
0.793320235756
0.793728749528
0.792830345977
0.792595391009
0.79027027027
0.796287913083
0.998817966903
0.788899900892
0.792020373514
0.793350963355
0.779690189329
0.997635933806
0.78412201799
0.792973177182
0.793539325843
0.791317217563
0.791066282421
0.792595391009
0.790079365079
0.784158415842
0.770491803279
0.781803542673
0.780937124549
0.793045664013
0.783259199353
0.793728749528
0.790753288163
0.789009225832
0.727835051546
0.78813559322
0.79146203249
0.793350963355
0.785752544189
0.791909762738
0.789728682171
0.78967642527
0.787990196078
0.792770071459
0.792217604836
0.7911205074
0.795815575358
0.791839818663
0.793728749528
0.79631294964
0.792673716012
0.789879931389
0.788520801233
0.767557489124
0.782747603834
0.791619047619
0.783497053045
0.792973177182
0.775085034014
0.792180195495
0.784409257004
0.773984696881
0.793728749528
0.78967642527
0.789345262302
0.78813559322
0.792973177182
0.788036932959
0.789291217257
0.789737654321
0.792217604836
0.99839163651
0.794106535701
0.778560644187
0.787746170678
0.77972166998
0.785308264101
0.792221630261
0.997933884298
0.790457256461
0.792595391009
0.790019193858
0.996489468405
0.791996979992
0.793728749528
0.774110366168
0.793074324324
0.793728749528
0.78967642527
0.793354101765
0.790520524757
0.789774895078
0.793350963355
0.793728749528
0.793350963355
0.792323869611
0.796733212341
0.788520801233
0.792973177182
0.997586484312
0.789409368635
0.784645669291
0.78857837181
0.792358162871
0.997611084568
0.793051359517
0.792452830189
0.794106535701
0.782254782255
0.792284866469
0.786677564365
0.783794466403
0.790061633282
0.789995047053
0.792719486081
0.793728749528
0.792973177182
0.774695863747
0.798896902843
0.791334093501
0.792595391009
0.659245283019
0.792973177182
0.79258010118
0.792217604836
0.996296296296
0.78967642527
0.793650793651
0.78759057971
0.792217604836
0.778389830508
0.783552255854
0.791492910759
0.794328922495
0.782300884956
0.785432207108
0.798684210526
0.798148964301
0.998364677024
0.788801976122
0.793129482824
0.782935455349
0.796733212341
0.792973177182
0.790207156309
0.786625604927
0.78826405868
0.795300497063
0.792595391009
0.793350963355
0.793322062553
0.793718166384
0.784113060429
0.796112115732
0.998937865109
0.792942176871
0.776969178082
1.0
0.791666666667
0.792595391009
0.688063844552
0.79666809056
0.78967642527
0.997208931419
0.793350963355
0.79128440367
0.793350963355
0.776009096077
0.793409378961
0.793350963355
0.776933392937
0.997587454765
0.998021369213
0.998275862069
0.996059889677
0.795774647887
0.791761148904
0.746706812194
0.821652065081
0.787909319899
0.788253477589
0.789249146758
0.780442804428
0.792973177182
0.806795131846
0.792754844145
0.793350963355
0.796238244514
0.795590261828
0.780577001219
0.781236104936
0.791918429003
0.793350963355
0.787703016241
0.995638901003
0.779365079365
0.793142857143
0.78967642527
0.792167506786
0.997687326549
0.783517350158
0.78949478749
0.784965034965
0.78967642527
0.790947449175
0.792910447761
0.787586738628
0.792973177182
0.791350531108
0.792973177182
0.789851603638
0.783945686901
0.78204625637
0.969129554656
0.792217604836
0.792217604836
