38 3951
1 20
3 40
3 39
24 0
2256 331
29 2
444 40
0 22
17 452
0 45
121 1369
0 23
102 32
0 22
229 13
29 1283
1 29
0 34
3 25
0 36
29 858
0 43
5 111
0 118
4 206
50 2
1 58
1 36
1 108
6 119
3 128
5 66
2 40
2 28
5 124
2 53
1 27
1223 33305
4 196
0 31
0 32
6 129
13 191
0 44
4 98
16 1277
2 35
400 30
64 1087
0 40
48 1861
2 20
0 32
1 30
3 177
8 346
0 23
0 25
0 21
2 42
0 23
0 23
115 13069
4 46
1 55
0 24
1 73
3 41
1 21
5 45
0 30
0 35
17 7
75 8
25 3
100 2521
0 44
43 2018
19 2
0 50
0 23
0 27
171 4119
0 35
1 90
3 51
5 92
3 109
3 55
3 105
5 159
8 163
2 161
3 110
3 78
1 32
1742 65778
10 227
1 24
3 247
2 36
1 54
0 29
5 85
0 28
123 2545
0 22
24 1
0 26
29 6
86 3
3797 259
27 0
353 24
1 43
0 24
450 49
192 11
201 12
127 11
235 14
95 4
137 12
22 3
110 4
219 21
186 9
36 3
95861 7260
549 34
51 4
22 0
97 12
37 2
28 2
51 2
36 4
169 7
231 12
547 29
43 5
83 5
366 29
44 4
27 0
40 1159
2 22
0 51
17 4
53 2254
0 22
76 2425
3 41
978 177
105 20
0 47
0 58
98 2342
0 25
10 384
110 4943
0 21
0 22
0 27
1 38
65 2520
1 23
16 363
96 9
3 21
3 35
9 201
25 756
23 1
22 0
3071 528
36 3
0 22
0 21
1 46
1 128
41 1508
6 401
0 35
0 30
3 142
7 116
49 889
2 80
245 2686
0 36
6 260
0 67
0 71
1 74
2 30
1 65
3 117
795 33553
0 39
0 51
7 190
5 222
1 200
0 44
0 37
0 115
0 37
38 1498
155 10
0 25
2 99
0 29
0 40
48 1645
20 2
1 32
77 13
0 43
0 22
28 1
0 65
26 1557
1703 188
51 5
0 64
0 40
22 1
19 2
4795 435
2 42
3 61
6 167
2 63
1 58
68 555
0 26
0 22
1 23
4 66
1 49
3 86
2 142
2 63
4 110
0 39
3 87
698 29738
1 41
4 170
6 130
0 38
0 21
6 56
20 3
29 1158
2 41
0 28
0 22
1 70
0 41
1 30
28 499
4 63
2 19
0 21
1 23
202 6407
0 34
0 24
0 55
2 170
3 214
4 140
1 24
10 27
27 688
3 55
2 104
1 28
19 5
41 2332
0 24
0 23
0 21
0 25
0 24
120 3452
1 38
16 1063
0 29
1 36
0 83
20 155
69 2338
38 705
29 1
30 1736
1922 58
7 110
6 157
0 30
3 87
1 58
1 21
1 33
0 39
326 11529
6 89
2 33
1 73
1 73
1 25
0 48
2 19
0 35
1 26
0 41
256 33
1012 70
82 2199
1 27
5 133
32 1
21 80
122 2614
9 229
24 1079
2 31
89 1380
0 74
0 23
121 8373
1 39
0 47
0 104
33 3
2463 147
0 36
30 0
19 630
2969 246
20 1
0 51
2 101
2 19
94 5801
1 21
46 6
37 1
0 48
0 21
4 111
30 0
32 0
3395 279
24 1
0 25
1 134
26 6
0 76
8 121
3 32
0 58
4 35
1 31
0 38
2 110
0 32
0 43
1 94
0 32
333 23291
1 119
1 22
0 64
1 26
0 59
12 352
0 21
0 54
1 46
0 36
2 52
0 41
1 96
0 36
0 59
1 41
2 40
2 22
749 24210
5 19
17 188
0 113
0 25
9 183
1 96
1 31
153 748
22 142
2 33
0 26
59 1454
41 4
0 29
0 105
24 665
20 1
31 7
0 108
451 30
31 6
1950 205
32 0
3 50
0 24
6 40
15 658
25 4
23 595
0 33
0 39
453 50
3 28
21 2
3 18
54 2
28 2
25 4
4896 372
1 40
0 51
20 4
3243 415
22 1
0 31
63 4011
2 91
1 51
0 44
4 137
3 144
2 38
47 1309
12 414
5 18
117 1248
0 69
1788 131
26 1
2 23
25 509
24 898
0 42
3 27
2 94
2 32
32 626
1 28
136 3970
16 520
3 19
14 935
0 78
18 570
9 198
577 81
71 7
0 83
0 28
1 38
4 134
11 322
0 27
0 28
5 228
3 28
2 49
4 22
1 38
5 20
804 221
2 19
0 50
36 731
3 82
1 54
3 71
19 3019
0 25
54 1149
5 29
0 22
60 1011
3 53
94 1084
2 35
9 82
9 401
2 53
4 18
1 51
3 25
35 2
1 24
8 146
38 894
88 4
3 21
41 1
0 25
1 20
1 32
0 55
1 39
0 71
0 27
0 27
2 57
1 51
0 23
171 16954
5 561
0 96
0 102
0 85
108 2
0 46
0 33
67 2102
2 28
0 24
0 27
0 24
17 1410
0 26
1 45
100 2129
74 1303
1 39
3 44
2 43
3638 278
26 1
34 0
21 2
22 1
3 19
6 128
0 26
2 218
21 4
0 194
13 677
44 1
21 0
1 3019
0 106
151 4019
0 31
3 27
0 29
7 151
0 21
93 1352
1 24
0 30
34 1
0 36
2 111
0 27
48 1157
3 34
0 48
4 18
15 492
17 744
33 549
32 257
40 711
0 24
24 1154
1 27
0 22
0 33
0 47
3 134
1 45
47 8
0 46
0 23
0 26
2 24
0 133
227 9100
0 27
2 32
6 168
8 81
72 8
0 124
356 16
1185 98
28 2
34 531
0 50
4 73
0 25
26 3243
3 18
9 21
0 58
1602 95
0 33
0 105
1 55
0 27
2 106
0 29
0 43
5 120
402 31699
3 64
3 44
24 1730
3 171
2 151
0 26
0 36
5 522
0 21
1 122
33 1
0 49
65 1949
21 477
0 30
13 8
26 3
26 5
21 4
16 5
6360 793
31 2
85 1
15 413
0 27
29 555
102 2169
0 22
0 24
2 61
29 2
20 8
171 9
3 150
0 53
34 115
64 1458
4 162
9 440
5 38
8 191
38 436
0 44
0 30
0 37
122 8
1 25
25 0
2 24
4 156
4 57
0 84
1 20
1 58
0 26
45 347
63 1240
0 31
0 26
47 3945
1 43
0 47
3 61
7 505
0 22
1 36
21 0
1 134
0 38
4 62
59 0
0 46
48 1
0 51
36 1
39 3
22 0
40 0
20 1
11779 337
49 2
54 3
45 1
0 47
14 456
0 21
1 28
1 57
0 36
3 33
0 21
67 4220
0 27
1 306
717 146
0 208
0 36
0 30
0 28
125 9748
0 90
2 53
1 56
49 999
31 5
89 13
4 17
0 28
1 95
0 22
4 186
0 27
0 31
39 3387
1 30
3 39
1 22
250 3705
0 36
0 34
0 28
15 348
0 32
31 2
0 58
0 26
1 27
0 22
0 49
0 24
0 56
91 1762
0 25
10 379
5 30
10 273
0 26
928 144
1 28
0 33
19 1085
0 38
40 5193
10 839
0 87
106 2072
0 25
87 2648
0 36
0 32
41 243
0 42
3 325
69 793
1 51
3 25
0 47
7 167
8 586
0 34
0 30
37 764
3 77
17 491
49 644
0 125
32 1190
1 35
2 31
1 167
16 463
1 161
0 47
0 35
24 3
15 267
79 1221
3 55
0 25
2 29
3 22
175 4099
0 27
0 28
15 13
5 159
1 46
224 2948
25 2
27 1310
0 22
2 124
3 176
4 270
0 22
0 66
2 172
1 62
2 66
3 212
8 312
3 102
6 391
1 72
0 79
1 110
1289 60386
2 24
8 231
1 25
2 50
0 28
1 58
1 158
0 28
0 24
3 195
0 21
1 74
89 2928
9 171
0 195
2 25
2 106
1 24
0 27
110 3601
3 34
0 23
12 540
36 2073
0 22
13 311
46 1
15 83
32 407
0 34
76 4123
9 324
1 28
22 1250
327 14
21 0
21 0
10099 203
28 0
1 52
14 399
2 395
0 58
2 46
1 26
5 62
2 110
3 47
2 61
3 53
0 99
0 33
1003 32477
0 25
6 229
3 100
1 107
0 36
13 213
1 29
0 25
0 27
0 33
162 20
4 155
1 22
0 30
6 30
11 409
1 194
36 6
28 86
18 118
25 1085
1 59
0 35
0 22
169 2600
0 44
0 37
61 6922
0 39
0 35
0 53
1 82
0 21
0 45
26 0
40 1
1497 134
5 54
0 51
0 41
1 46
1 48
9 156
1 73
1649 49623
2 46
17 281
2 45
3 52
7 249
7 229
0 21
1 47
1 30
1 25
23 734
13 601
1 28
19 460
0 41
0 23
2 24
1 23
0 30
0 168
0 65
0 22
39 1647
119 8
0 23
3198 185
37 0
34 2
1 28
0 53
1 40
0 68
0 23
1 30
2 68
1 31
0 57
1 23
2 76
247 16740
2 21
16 363
2 136
1 45
21 0
5 71
22 0
0 30
2 19
0 21
4 133
0 161
88 6
129 2523
0 35
24 0
91 2
0 50
0 55
4 81
14 267
33 1
845 76
5577 336
46 4
29 1
0 75
29 12
3 67
0 21
0 28
2 24
2 44
0 25
45 4025
0 28
0 45
0 37
3 110
2 32
12 785
48 920
29 1735
1 23
3 43
9 256
0 22
0 27
80 2547
70 5243
0 61
0 22
0 28
0 30
2 43
33 1492
1 75
0 33
1 36
0 28
2 77
0 43
26 1040
9 62
4 264
63 16
20 777
20 478
4 114
81 2934
103 22
1 24
25 2
0 39
3 235
0 70
38 1474
2 24
5 23
0 24
3 117
0 22
0 58
35 2
0 29
0 30
106 5680
1 49
0 27
0 28
0 36
112 14
24 0
7 252
0 34
102 1532
0 27
0 33
17 37
6 428
2 39
512 78
27 1
27 1
0 40
0 23
1 53
1 21
230 26
69 2
302 17
1 28
1 32
16 498
5 111
2 150
17 165
4 139
6 17
0 27
67 3308
0 30
2 35
43 15
45 24
1138 194
18 63
59 1205
3 89
1 33
73 953
0 56
2 20
115 22
346 48
2 120
7 17
1 170
0 24
2 66
1 38
3 97
5 65
0 37
2 35
0 46
0 81
3 102
1 31
856 28081
5 215
1 26
1 25
5 161
2 60
12 83
2 33
92 3
74 1384
3 198
52 2037
109 14
33 1277
1410 109
1 61
48 0
61 1922
39 880
8 87
0 26
98 24
8 360
1 61
96 1198
25 1
49 10
25 0
91 21
200 41
19 4
59 13
147 14
231 56
61 8
64 18
63 19
152 22
326 67
22 1
104 19
132 23
52279 10813
20 3
61 10
260 54
24 6
25 0
78 3
44 0
10536 212
22 0
76 2
59 3
46 1
23 1
10 47
0 43
27 1
1 75
1 50
0 54
41 1832
1 46
23 6
0 50
0 67
5 140
0 80
0 48
0 71
0 50
1 43
1 123
0 69
0 35
1 68
431 34084
0 22
1 51
1 36
0 22
44 879
29 2
2 42
119 8
78 13
22 1
128 14
85 14
1 25
0 25
0 131
48 1052
0 29
29 7
34 1
10 634
3 25
0 24
49 3900
0 30
6 84
28 546
4 88
3 53
0 26
28 610
5 27
173 5035
1 37
0 42
17 8
18 811
356 22
12 586
1893 320
6 245
53 2
145 1913
46 947
11 32
0 164
131 3954
1 27
1 24
3 513
1 21
4 29
30 0
1 30
147 14
3 28
211 5332
3 47
0 32
2 23
0 37
0 32
1 22
0 23
64 3613
1498 130
0 28
2 36
2 54
1 32
1 24
318 10183
0 24
96 3869
0 86
1 49
55 10
0 22
0 32
61 6
6 59
3292 241
25 1
110 18
16 6
27 851
0 21
1 43
0 44
0 30
59 6530
0 33
0 21
1 46
1 21
0 53
0 38
7 17
2 40
5 142
0 25
1 22
8 22
1 22
414 3840
0 24
1 104
3 24
1 66
0 134
35 758
1143 81
7 21
17 387
0 51
8 78
29 6
117 2087
5 77
5 65
8 105
12 66
2 24
8 109
15 203
1 35
4 49
11 166
35 241
2 58
4585 58410
4 47
28 299
4 75
3 22
7 50
4 19
11 75
128 1156
14 187
61 670
5 68
10 1614
3 70
2 40
4 146
2 70
0 46
1 30
0 112
559 23622
0 24
5 174
3 22
2 132
2 106
0 133
0 49
8 84
1711 161
17 775
0 21
1 36
8 118
0 29
36 588
52 6
80 1555
998 175
1 22
155 4543
0 22
0 21
45 1042
27 357
91 3226
0 28
1 21
2 91
42 2650
0 23
0 34
8 14
2 110
8 143
88 14
24 373
639 42
809 77
2 23
1 39
0 27
8 383
23 610
3 195
0 29
0 24
379 60
0 22
57 4597
0 35
1 20
0 38
2 40
1 25
2 60
116 7675
2 24
0 64
0 33
1 64
43 5959
0 64
0 21
0 29
2 30
6 108
100 13
40 997
1 22
8 88
5 46
241 41
1 33
105 5
5 47
17 774
10 366
3 372
4 256
10 19
23 0
5 116
500 74
1 107
6 293
8 350
66 1885
63 1294
88 2931
1 33
158 4
0 21
45 1449
1 44
39 3
136 19
21 4
20 6
16 288
1 24
1 54
4 86
9 1045
43 3
2 70
1 60
61 1475
56 17
56 2860
73 7
0 43
1 56
0 34
0 24
13 44
0 26
29 4
31 729
4 110
0 21
36 4
21 799
2 63
28 4
84 13
399 56
7 35
80 3
23 4
12825 1664
126 7
86 13
53 6
96 681
20 3
56 6
33 3
5 58
0 29
0 22
102 5486
0 32
0 26
20 482
16 871
0 42
8 89
31 541
0 111
0 77
3 53
0 55
1 171
1 39
2 57
10 254
1 52
56 1551
76 2951
0 27
0 51
22 1262
1 27
28 2
1 34
19 699
37 3
1 36
4 65
1 40
0 31
1 31
439 14895
10 14
2 137
1 119
1 34
0 21
0 103
159 17
26 542
1 39
2 126
0 47
2 55
1 25
0 31
0 25
0 37
0 31
166 5701
0 23
2 43
0 52
0 24
12 680
0 31
109 2916
0 21
127 5125
1 38
1 31
2 19
0 24
14 373
110 35
4 75
1 23
187 10
4 29
2 71
0 38
29 972
64 1952
0 30
0 44
2 36
97 5654
1 39
0 22
0 21
26 893
1 42
952 58
25 173
14 88
2 32
14 261
27 921
0 27
15 499
6 266
0 28
0 29
0 44
0 25
1 30
29 1
0 58
0 24
1 30
24 1
36 0
28 3
26 0
6216 469
54 3
33 6
25 671
6 173
1 25
0 28
392 8550
3 23
3 48
0 38
65 10
0 52
1 41
22 643
24 1
19 654
3 97
100 8
31 1322
0 46
99 1616
1 23
78 24
13 737
0 25
0 21
1 39
0 66
0 38
0 26
0 22
115 4268
0 21
56 9
116 23
0 23
142 3198
2 25
0 23
0 24
2 27
129 4
33 4
229 23
5 78
30 2
86 9
155 17
42 8
170 43
29 3
82 6
77 8
44 1
25 0
87 12
64 11
25779 3314
103 11
18 4
52 987
0 21
0 29
2 62
1349 217
40 9
28 0
0 35
0 582
13 8
49 450
2 75
0 28
0 122
1 46
134 13
48 1397
3 214
0 23
0 24
16 367
3 62
1 86
0 36
2 24
11 239
21 0
742 27
1936 132
192 18
43 1131
23 1
2 26
23 3
0 22
7 214
38 3
3 150
1 24
15 10
4152 668
311 55
197 34
0 38
42 1063
84 8
347 26
13 14
2 142
15 337
0 72
19 186
16 414
0 52
7 214
6 279
1 20
4 105
0 32
3 61
10 304
6 388
2 42
0 81
5 252
0 31
0 108
2735 119211
3 28
1 24
14 587
2 57
8 30
16 563
2 71
1 37
1 76
33 3277
3 83
0 34
2 115
136 2744
0 53
8 313
49 1437
8 23
50 1
7 101
2 33
2407 366
32 3
0 26
30 10
21 416
3544 282
29 3
0 27
0 26
0 38
18 339
0 43
13 484
1 42
9 323
20 963
0 35
0 35
518 77
2 60
0 51
2 52
0 23
1 145
9 226
20 721
4 55
0 40
1 39
4 41
1 31
1 59
2 27
4 53
2 121
2 37
0 68
1 69
2 113
1 102
3 63
817 23197
6 129
1 20
3 21
1 64
38 763
0 73
0 41
37 0
31 1046
0 35
2 151
0 32
1 24
0 56
1 62
24 0
12 362
0 25
76 1993
0 22
0 26
2 37
0 30
0 37
0 28
0 23
34 4422
3 65
80 0
97 1108
0 23
0 22
0 49
5 20
0 22
1 20
8 23
0 24
0 26
0 31
147 7636
0 43
3 33
0 45
10 28
35 2291
0 38
1 92
22 800
0 71
0 136
22 427
0 28
1 22
67 1303
1 33
2 30
52 2587
0 22
1 20
0 35
0 57
2 29
3 158
0 29
0 23
0 31
0 28
0 69
0 69
119 12515
0 42
1 89
0 58
0 43
1 46
27 233
56 5869
0 54
0 40
0 21
0 38
2 23
1 24
27 3467
5 33
0 39
1 24
271 5285
1 22
0 47
20 547
6 936
11 376
17 681
114 883
126 2106
9 136
0 25
0 27
29 4
47 712
3 161
23 1
30 1958
63 938
0 25
0 165
0 33
0 27
1 586
21 851
0 23
0 32
2 103
0 27
84 2546
29 3969
11 430
11 625
49 1971
0 21
1 47
41 1649
3 42
6 16
3 20
1 50
44 6
22 508
0 28
0 24
0 21
71 3982
1 23
0 28
851 87
0 42
89 14
1180 90
24 3
1 20
2 63
1094 219
6 96
0 40
0 36
1 39
1 24
25 2065
0 50
0 26
6 230
0 26
5 85
1 23
34 577
0 23
0 23
117 8
49 1668
0 27
20 310
0 38
65 3111
0 43
0 21
1 42
0 46
1 21
0 25
0 31
69 8039
0 35
1435 71
95 2
42 915
57 719
0 33
0 42
53 1889
7 108
0 39
3 129
0 40
0 112
0 62
0 33
0 41
0 82
0 57
1 70
0 45
0 32
224 31965
1 127
1 24
0 26
7 105
0 26
1 21
0 25
2 22
2 132
1 22
0 26
1 58
1 92
0 40
2 28
1 48
0 22
2 31
1 56
0 69
1 82
0 44
2 21
2 25
3 21
198 3789
1 33
0 30
16 162
551 48
1443 132
0 36
0 40
9 604
0 40
1 24
110 4144
0 24
0 21
98 6082
0 30
0 21
0 23
124 5803
56 7
1 33
4 102
1 21
0 57
28 0
1 40
3 50
0 21
4 46
2 59
0 22
0 34
33 1
1 29
3 38
2 270
6 315
0 29
7 280
2 31
3 72
0 64
6 343
8 391
3 61
3 68
1 100
2 84
5 165
0 30
4 66
2162 76330
9 50
10 558
0 50
10 256
1 51
8 265
20 1
17 485
0 61
3 39
0 48
2 50
8 327
3270 447
19 10
0 34
25 1
32 4
14 186
0 36
0 23
0 52
17 989
33 4
3197 151
57 1321
2683 370
0 22
0 29
5 31
19 502
0 54
51 3689
0 30
0 28
1 20
0 21
0 58
1 215
0 37
0 23
0 28
0 62
3 27
0 26
0 102
1 145
183 20992
0 33
0 95
1 41
0 24
2 71
1 44
0 30
0 100
0 23
2 19
129 17
0 56
0 26
68 3458
0 27
0 25
2 24
3 32
1 55
1 48
231 11735
1 59
2 44
50 2105
1 91
520 39
1 37
45 1966
1 43
0 30
1 59
43 2
0 51
0 58
45 2
0 29
36 3
0 51
656 51
16 9
0 35
40 3079
0 23
0 54
2 29
1 33
2 64
1 38
1 48
0 27
61 6565
1 29
0 33
4 25
2 94
6 136
0 67
11 231
1 29
2 99
0 30
0 79
0 68
1528 45256
3 183
1 34
8 168
1 46
3 20
38 683
0 22
1 26
5 78
0 34
2 53
0 23
12 872
0 28
67 3770
2 47
0 57
1 25
0 28
1 35
296 10591
2 57
1 42
3808 194
49 3
35 0
7 15
2 47
2 82
1 24
0 24
0 37
552 16967
5 113
1 65
0 21
1 41
2 69
0 21
17 632
1 52
25 662
1 32
41 686
2 19
0 21
0 28
485 7424
2 69
9 95
376 19
41 1
44 2
31 1
59 2
10799 343
48 3
34 0
21 3
97 3
21 0
0 41
1 104
2 29
2 40
1 116
2 47
1 31
0 21
2 47
0 22
1 23
104 7549
2 56
2 44
89 2169
7 48
0 106
3 49
902 148
32 0
37 2
3 69
128 3589
31 1245
53 647
2 26
5 42
18 882
1 70
1 42
11 753
0 30
0 21
52 5
67 858
12 95
41 1401
56 950
0 23
0 23
