5336
5102
4602
4576
4328
3893
3893
3738
3623
3621
3539
3491
3375
3371
3340
3310
3280
3280
3248
3242
3241
3230
3209
3201
3200
3197
3197
3191
3185
3181
3168
3168
3149
3148
3136
3136
3133
3133
3131
3131
3131
3130
3130
3130
3129
3126
3125
3125
3124
3122
3120
3109
3109
3107
3105
3104
3103
3100
3097
3097
3096
3096
3095
3094
3092
3092
3092
3092
3091
3088
3088
3088
3087
3086
3086
3086
3086
3085
3084
3084
3083
3083
3082
3082
3081
3081
3081
3080
3080
3080
3080
3079
3079
3079
3079
3078
3078
3077
3076
3076
3076
3076
3075
3075
3075
3075
3075
3075
3074
3074
3074
3074
3073
3073
3072
3071
3071
3071
3071
3071
3071
3070
3070
3070
3070
3070
3070
3070
3069
3069
3069
3069
3069
3069
3068
3068
3068
3068
3067
3067
3067
3067
3067
3067
3067
3066
3066
3066
3066
3066
3066
3065
3065
3065
3064
3064
3064
3064
3064
3063
3063
3062
3062
3062
3061
3061
3061
3061
3061
3061
3060
3060
3060
3060
3060
3059
3059
3059
3059
3058
3058
3058
3058
3057
3057
3057
3057
3056
3056
3056
3055
3055
3055
3055
3055
3054
3054
3054
3054
3054
3054
3053
3053
3053
3053
3053
3053
3053
3052
3052
3052
3052
3051
3051
3051
3051
3050
3050
3050
3049
3049
3048
3048
3048
3048
3048
3047
3047
3047
3047
3047
3046
3046
3045
3045
3045
3044
3044
3044
3043
3043
3043
3043
3043
3043
3042
3042
3042
3040
3040
3040
3039
3039
3039
3038
3038
3038
3038
3038
3037
3037
3037
3037
3035
3035
3035
3033
3033
3032
3031
3031
3031
3030
3030
3024
3023
3022
3019
3018
3016
3016
3013
3012
3012
3011
3009
3006
3005
3002
3000
2999
2993
2989
2987
2986
2986
2984
2980
2980
2978
2977
2977
2975
2974
2974
2973
2973
2972
2970
2970
2970
2970
2969
2969
2967
2966
2966
2966
2966
2965
2964
2964
2963
2962
2962
2961
2960
2959
2956
2955
2955
2954
2954
2953
2953
2952
2952
2952
2951
2946
2946
2945
2945
2944
2944
2940
2939
2939
2939
2939
2937
2935
2934
2932
2930
2929
2928
2925
2925
2925
2925
2923
2922
2921
2921
2921
2920
2920
2919
2919
2919
2918
2917
2917
2916
2916
2916
2916
2915
2915
2914
2914
2914
2913
2911
2911
2910
2909
2909
2907
2907
2906
2905
2903
2902
2902
2900
2899
2898
2898
2898
2897
2887
2887
2883
2882
2881
2881
2880
2879
2879
2878
2877
2877
2875
2871
2870
2868
2868
2868
2866
2865
2865
2863
2862
2860
2860
2859
2858
2857
2854
2852
2851
2850
2847
2847
2847
2846
2845
2843
2837
2837
2835
2835
2834
2834
2832
2831
2828
2827
2823
2822
2822
2822
2821
2819
2818
2816
2816
2816
2815
2814
2810
2810
2807
2806
2803
2797
2795
2795
2794
2794
2793
2793
2792
2791
2790
2790
2788
2788
2788
2788
2787
2787
2787
2785
2784
2784
2784
2783
2782
2782
2781
2781
2779
2778
2777
2777
2777
2776
2775
2774
2774
2774
2772
2772
2771
2770
2769
2767
2766
2766
2765
2764
2764
2762
2762
2761
2759
2758
2758
2757
2754
2753
2752
2752
2752
2751
2749
2749
2748
2747
2747
2747
2746
2746
2745
2744
2743
2742
2741
2740
2740
2739
2738
2736
2736
2736
2735
2735
2733
2732
2732
2731
2729
2727
2725
2724
2724
2724
2723
2722
2721
2719
2719
2718
2718
2718
2715
2715
2714
2712
2712
2711
2710
2709
2709
2707
2707
2707
2707
2705
2704
2703
2703
2702
2702
2702
2702
2702
2701
2700
2699
2698
2697
2697
2696
2695
2695
2694
2694
2689
2688
2687
2686
2685
2685
2685
2685
2685
2685
2685
2685
2685
2685
2685
2685
2685
2685
2685
2685
2685
2685
2685
2685
2685
2685
2685
2685
2685
2683
2683
2683
2682
2681
2679
2677
2673
2673
2673
2673
2672
2672
2672
2671
2671
2668
2667
2666
2665
2662
2661
2659
2657
2656
2655
2655
2653
2653
2652
2652
2652
2652
2652
2649
2648
2648
2647
2646
2646
2646
2646
2646
2644
2644
2643
2643
2642
2641
2641
2639
2639
2638
2638
2638
2638
2637
2637
2637
2636
2636
2636
2636
2635
2634
2634
2634
2632
2632
2632
2631
2630
2629
2627
2626
2624
2624
2624
2623
2622
2621
2620
2620
2620
2619
2619
2619
2619
2618
2617
2616
2615
2615
2615
2615
2614
2613
2613
2609
2609
2608
2608
2607
2606
2604
2603
2601
2600
2599
2599
2598
2594
2592
2592
2590
2590
2582
2579
2575
2575
2572
2568
2567
2566
2562
2561
2560
2560
2558
2557
2556
2553
2550
2550
2550
2548
2545
2542
2540
2539
2538
2538
2538
2536
2534
2532
2531
2528
2521
2519
2514
2511
2510
2508
2508
2504
2503
2502
2498
2498
2497
2495
2495
2495
2494
2494
2493
2492
2492
2491
2491
2491
2488
2488
2486
2486
2486
2485
2485
2484
2484
2482
2482
2481
2481
2481
2480
2480
2480
2479
2479
2477
2476
2474
2474
2474
2473
2473
2472
2472
2470
2470
2470
2469
2468
2468
2465
2464
2464
2464
2463
2463
2462
2462
2460
2458
2455
2454
2453
2453
2449
2449
2448
2447
2440
2435
2429
2425
2424
2421
2421
2418
2414
2410
2409
2409
2405
2400
2398
2395
2394
2393
2392
2390
2386
2385
2384
2383
2381
2381
2378
2378
2377
2377
2374
2372
2369
2368
2367
2363
2359
2357
2356
2356
2355
2355
2354
2353
2352
2348
2344
2343
2343
2341
2341
2340
2339
2339
2338
2337
2333
2332
2330
2329
2329
2328
2328
2325
2324
2323
2322
2319
2318
2317
2317
2315
2315
2314
2312
2311
2310
2308
2308
2308
2307
2307
2306
2306
2303
2303
2303
2302
2301
2300
2299
2297
2296
2295
2292
2292
2291
2290
2290
2290
2288
2288
2286
2285
2284
2284
2284
2283
2283
2278
2278
2277
2269
2267
2265
2262
2262
2262
2259
2258
2256
2251
2250
2248
2247
2246
2245
2245
2244
2242
2242
2241
2241
2240
2240
2239
2239
2235
2235
2228
2227
2223
2219
2219
2218
2218
2213
2212
2212
2209
2208
2206
2205
2205
2205
2204
2204
2203
2202
2202
2200
2199
2196
2195
2195
2195
2194
2193
2193
2191
2186
2183
2179
2178
2176
2175
2170
2170
2170
2168
2168
2167
2165
2164
2158
2156
2153
2153
2152
2150
2148
2147
2143
2137
2134
2134
2131
2131
2125
2124
2123
2116
2116
2114
2111
2110
2108
2106
2105
2105
2100
2100
2093
2092
2092
2089
2086
2083
2083
2082
2081
2076
2074
2073
2064
2061
2055
2050
2035
2031
2026
2025
2022
2020
2020
2020
2019
2018
2011
2010
2000
1999
1988
1983
1979
1976
1973
1972
1969
1965
1962
1961
1959
1957
1956
1955
1955
1953
1951
1943
1941
1940
1938
1931
1931
1928
1919
1919
1919
1911
1895
1894
1888
1881
1880
1879
1877
1877
1877
1876
1873
1868
1866
1864
1860
1859
1854
1846
1846
1845
1844
1842
1841
1840
1840
1828
1825
1823
1822
1813
1809
1806
1802
1798
1797
1790
1775
1774
1769
1768
1762
1761
1757
1746
1744
1744
1738
1736
1729
1711
1708
1706
1699
1685
1680
1666
1659
1655
1644
1636
1620
1604
1597
1589
1588
1582
1566
1559
1555
1552
1550
1541
1527
1523
1499
1490
1486
1484
1467
1463
1461
1452
1452
1450
1442
1438
1424
1420
1417
1415
1412
1401
1381
1373
1371
1363
1362
1359
1359
1358
1354
1347
1347
1342
1341
1341
1336
1334
1321
1320
1302
1298
1292
1290
1278
1277
1261
1258
1251
1250
1244
1240
1237
1228
1225
1225
1225
1223
1223
1213
1212
1209
1198
1198
1194
1189
1175
1175
1173
1170
1166
1165
1145
1141
1114
1112
1101
1076
1074
1060
1056
1031
1024
1014
1012
1004
988
985
984
983
977
976
976
974
966
965
962
961
960
958
953
953
949
946
944
941
941
940
931
930
929
928
914
894
882
867
867
865
863
852
837
837
836
831
812
802
799
795
785
783
773
770
769
752
747
738
732
728
719
712
684
680
677
670
669
661
661
660
656
629
607
602
599
575
562
557
556
550
537
533
520
516
506
501
495
477
472
459
450
450
441
439
438
432
425
417
413
406
405
399
390
383
128
128
128
128
